"X2","X3","X4","X5","X6","X7","A","T","G","C"
"chr4_159492791","rs2346794","G",0.132275,"A","GGGCG",0,0,0.8,0.2
"chr11_69952562","rs755016","A",0.427249,"G","TGGGA",0.2,0.2,0.6,0
"chr7_105205115","rs1728645","G",0.26455,"A","CTAAA",0.6,0.2,0,0.2
"chr5_176936819","rs3749728","G",0.0595238,"C","CACGC",0.2,0,0.2,0.6
"chr12_10231904","rs16910075","A",0.223545,"G","GAGGG",0.2,0,0.8,0
"chr13_19660831","rs148255034","T",0.021164,"C","GACAT",0.4,0.2,0.2,0.2
"chr14_77493875","rs71428775","T",0.436508,"C","GCTTC",0,0.4,0.2,0.4
"chr8_145591894","rs7828942","A",0.109788,"G","AGAGT",0.4,0.2,0.4,0
"chr9_34360287","rs10814104","T",0.244709,"C","AGTGG",0.2,0.2,0.6,0
"chr1_158711294","rs2852643","C",0.48545,"A","GAACA",0.6,0,0.2,0.2
"chr17_33760211","rs1838150","C",0.0873016,"T","GGCCC",0,0,0.4,0.6
"chr19_58783027","rs439333","T",0.441799,"A","ACTTT",0.2,0.6,0,0.2
"chr7_63575733","rs6952312","A",0.334656,"G","GCGTG",0,0.2,0.6,0.2
"chr12_45147136","rs10880668","T",0.26455,"C","CCTAG",0.2,0.2,0.2,0.4
"chr3_33609045","rs6762071","G",0.451058,"C","GGCAA",0.4,0,0.4,0.2
"chr1_202853552","rs6699454","G",0.138889,"C","TAGCC",0.2,0.2,0.2,0.4
"chr1_66428966",".","G",0.0687831,"A","GCAGG",0.2,0,0.6,0.2
"chr10_36765473","rs2503035","C",0.470899,"T","GTCAC",0.2,0.2,0.2,0.4
"chr17_8853957","rs8079611","C",0.160053,"T","TACGG",0.2,0.2,0.4,0.2
"chr5_53176171","rs271261","C",0.00396825,"T","ACCCA",0.4,0,0,0.6
"chr5_46308090","rs4975977","C",0.452381,"T","TCCGA",0.2,0.2,0.2,0.4
"chr5_20706113","rs35253116","T",0.26455,"C","CTCTG",0,0.4,0.2,0.4
"chr11_517473","rs111286034","T",0.0925926,"G","GGGCA",0.2,0,0.6,0.2
"chr2_97855228","rs60166260","C",0.00925926,"A","AGATT",0.4,0.4,0.2,0
"chr8_10975629","rs17780806","A",0.456349,"C","CACAC",0.4,0,0,0.6
"chr5_77130932","rs353974","A",0.35582,"G","TCGGG",0,0.2,0.6,0.2
"chr3_33904933","rs12488167","C",0.219577,"T","TTTCT",0,0.8,0,0.2
"chr15_82669542",".","C",0.0753968,"G","GCCCA",0.2,0,0.2,0.6
"chr12_86459140","rs10863159","T",0.462963,"C","CATCA",0.4,0.2,0,0.4
"chr13_39911987","rs75585491","C",0.0238095,"T","AATGT",0.4,0.4,0.2,0
"chr1_61018544","rs75614446","A",0.021164,"G","TTGAG",0.2,0.4,0.4,0
"chr1_72271300","rs12031844","C",0.383598,"T","AATTG",0.4,0.4,0.2,0
"chr8_15942222","rs4831367","G",0.484127,"T","GTGAT",0.2,0.4,0.4,0
"chr9_10651069","rs62537583","T",0.324074,"C","CACAC",0.4,0,0,0.6
"chr6_41784906","rs56784685","T",0.440476,"G","TTGAG",0.2,0.4,0.4,0
"chr6_4272109","rs4959935","T",0.395503,"C","GCCCC",0,0,0.2,0.8
"chr2_127292539","rs35364068","T",0.187831,"C","CACAG",0.4,0,0.2,0.4
"chr16_5934027","rs35311763","T",0.396825,"G","TAGTG",0.2,0.4,0.4,0
"chr2_69813458","rs12987661","C",0.126984,"T","AATGA",0.6,0.2,0.2,0
"chr9_99362203","rs12682968","A",0.154762,"G","ACGGG",0.2,0,0.6,0.2
"chr8_99197263","rs13276153","A",0.5,"G","GCACC",0.2,0,0.2,0.6
"chr1_222983303","rs76341328","G",0.234127,"A","AAAAA",1,0,0,0
"chr9_139694822","rs57277737","T",0.0185185,"C","TGCGC",0,0.2,0.4,0.4
"chr20_47387699","rs998915","C",0.383598,"A","ACCGG",0.2,0,0.4,0.4
"chr14_90605265","rs74082631","C",0.152116,"T","TATGG",0.2,0.4,0.4,0
"chr16_2752154","rs739717","G",0.494709,"A","CCATG",0.2,0.2,0.2,0.4
"chr20_44292921","rs111310122","G",0.470899,"T","CGGCC",0,0,0.4,0.6
"chr10_127177966","rs10794002","T",0.462963,"C","TTTTG",0,0.8,0.2,0
"chr12_99633189","rs2131167","A",0.42328,"G","GGGAC",0.2,0,0.6,0.2
"chr2_39892373","rs12989245","C",0.433862,"A","GGACT",0.2,0.2,0.4,0.2
"chr3_69529778","rs143653667","A",0.123016,"G","GCGCC",0,0,0.4,0.6
"chr22_50159896","rs59318177","T",0.00132275,"C","ACCGG",0.2,0,0.4,0.4
"chr6_160711018","rs3125060","A",0.140212,"G","CCGGG",0,0,0.6,0.4
"chr7_52787563","rs10215086","C",0.294974,"T","GGTCT",0,0.4,0.4,0.2
"chr5_31527710","rs4867348","G",0.498677,"T","GATTA",0.4,0.4,0.2,0
"chr7_21980647","rs6651057","C",0.412698,"T","AACAA",0.8,0,0,0.2
"chr16_1292477","rs79809560","A",0.419312,"G","CCAGC",0.2,0,0.2,0.6
"chr6_102837547","rs67286197","G",0.215608,"A","GCATA",0.4,0.2,0.2,0.2
"chr17_56662974","rs7212819","G",0.169312,"T","TTTTT",0,1,0,0
"chr9_131909736","rs2480452","T",0.0621693,"C","GTCGG",0,0.2,0.6,0.2
"chr5_76601192","rs7716880","A",0.190476,"G","GTATC",0.2,0.4,0.2,0.2
"chr12_85859012","rs75513235","T",0.010582,"C","AACTA",0.6,0.2,0,0.2
"chr1_1688384","rs79052177","A",0.0833333,"G","CCGGC",0,0,0.4,0.6
"chr3_133883061","rs10935104","A",0.123016,"T","GCTGC",0,0.2,0.4,0.4
"chr5_76925769","rs112520881","C",0.0449735,"A","GCAAG",0.4,0,0.4,0.2
"chr8_78503229","rs441257","A",0.387566,"G","TAAAC",0.6,0.2,0,0.2
"chr19_35948797","rs17304639","T",0.174603,"A","TCATT",0.2,0.6,0,0.2
"chr9_5867435","rs10975323","G",0.101852,"A","GCATG",0.2,0.2,0.4,0.2
"chr17_5862777","rs12603698","A",0.435185,"G","ACGCC",0.2,0,0.2,0.6
"chr1_109591433","rs28503409","T",0.275132,"G","TAGTA",0.4,0.4,0.2,0
"chr17_37366429","rs16542","A",0.374339,"G","GGGCA",0.2,0,0.6,0.2
"chrX_82626131","rs815870","C",0.28152,"A","CTATG",0.2,0.4,0.2,0.2
"chr12_74947219","rs11615704","T",0.227513,"C","CCCGG",0,0,0.4,0.6
"chr1_34221810","rs490109","A",0.190476,"G","ACGTA",0.4,0.2,0.2,0.2
"chr2_25148620","rs55633509","T",0.132275,"A","TTACT",0.2,0.6,0,0.2
"chr9_78582333","rs9969811","C",0.252646,"G","AACGA",0.6,0,0.2,0.2
"chr17_66116523","rs34070040","C",0.187831,"T","ATTAG",0.4,0.4,0.2,0
"chr10_4867468","rs2961563","G",0.201058,"A","TAGAA",0.6,0.2,0.2,0
"chr19_50132054","rs112686972","T",0.0529101,"C","GACGG",0.2,0,0.6,0.2
"chr16_1389153","rs7202563","C",0.0859788,"A","GGCCC",0,0,0.4,0.6
"chr3_24688234","rs10433571","G",0.30291,"C","GCCTA",0.2,0.2,0.2,0.4
"chr10_85277603","rs4933925","T",0.407407,"G","AATAA",0.8,0.2,0,0
"chr1_8910110","rs6577536","A",0.489418,"G","AAAAA",1,0,0,0
"chr13_36847823","rs1536234","A",0.260582,"C","ACCCA",0.4,0,0,0.6
"chr11_64153749","rs4930323","T",0.0674603,"C","TCCGA",0.2,0.2,0.2,0.4
"chr10_72361953","rs55696524","G",0.0436508,"T","GCTGG",0,0.2,0.6,0.2
"chr3_892361","rs68095489","C",0.35582,"T","ACTTT",0.2,0.6,0,0.2
"chr11_107666787","rs534359","G",0.474868,"A","GCGGA",0.2,0,0.6,0.2
"chr7_149869062","rs7776815","G",0.0674603,"A","CTAGC",0.2,0.2,0.2,0.4
"chr1_70842317","rs71651454","T",0.202381,"C","GACGG",0.2,0,0.6,0.2
"chr2_133110242","rs62167607","T",0.14418,"C","CGCCC",0,0,0.2,0.8
"chr15_54167934","rs2616900","G",0.465608,"A","TTATG",0.2,0.6,0.2,0
"chr6_7537894","rs2744377","T",0.449735,"A","AGTGT",0.2,0.4,0.4,0
"chr4_88642311","rs34563236","C",0.207672,"T","TATTT",0.2,0.8,0,0
"chr7_90062088","rs10253611","T",0.343915,"G","ACGGT",0.2,0.2,0.4,0.2
"chr22_32554997","rs78036098","A",0.0185185,"G","GCGTC",0,0.2,0.4,0.4
"chr15_77827968","rs12902379","T",0.291005,"C","TTCCT",0,0.6,0,0.4
"chr19_47194254","rs314672","G",0.304233,"A","CCGTA",0.2,0.2,0.2,0.4
"chr19_44741235","rs11140","T",0.0132275,"G","TTGTG",0,0.6,0.4,0
"chr7_86646407","rs60851079","T",0.0793651,"C","GACGA",0.4,0,0.4,0.2
"chr4_137177440","rs116394107","C",0.373016,"G","CAGCT",0.2,0.2,0.2,0.4
"chr2_1089055","rs4971437","G",0.440476,"A","GGGTT",0,0.4,0.6,0
"chr9_44172814","rs1944245","C",0.160053,"A","AGCCT",0.2,0.2,0.2,0.4
"chrX_140544441","rs67971675","A",0.252159,"G","AAGAG",0.6,0,0.4,0
"chr16_3201929","rs2735522","A",0.373016,"G","TCGCC",0,0.2,0.2,0.6
"chr6_14584762","rs1984249","G",0.435185,"A","TCGTC",0,0.4,0.2,0.4
"chr3_184429718","rs12011","A",0.271164,"G","CAAGG",0.4,0,0.4,0.2
"chr17_44026739","rs242562","A",0.395503,"G","CGGGC",0,0,0.6,0.4
"chr10_104197327","rs72845701","G",0.125661,"A","GCATA",0.4,0.2,0.2,0.2
"chr7_106398362","rs7810750","T",0.452381,"C","TTCAC",0.2,0.4,0,0.4
"chr22_41632079","rs139493","T",0.371693,"C","TGCTG",0,0.4,0.4,0.2
"chr20_7266858","rs16993349","G",0.031746,"A","CTATA",0.4,0.4,0,0.2
"chr20_58755320","rs6100784","G",0.466931,"T","ATTGC",0.2,0.4,0.2,0.2
"chr2_219592322","rs6737386","A",0.458995,"G","ATGGT",0.2,0.4,0.4,0
"chr12_123873242","rs28533432","C",0.318783,"T","GGCAC",0.2,0,0.4,0.4
"chr11_112136525","rs891359","G",0.255291,"A","GCGTC",0,0.2,0.4,0.4
"chr1_99198542","rs72726139","A",0.265873,"G","TCGGT",0,0.4,0.4,0.2
"chr10_51570152","rs10740051","A",0.268519,"G","TGGTG",0,0.4,0.6,0
"chr1_228535419","rs35373734","G",0.306878,"A","CAAAA",0.8,0,0,0.2
"chr13_41721305","rs1819481","C",0.178571,"T","CCCGG",0,0,0.4,0.6
"chr16_48865638","rs11649620","T",0.21164,"G","GGGAC",0.2,0,0.6,0.2
"chr3_166039393","rs1996487","A",0.488095,"G","TCGCT",0,0.4,0.2,0.4
"chr16_19665022","rs72767592","T",0.247354,"C","GGCGC",0,0,0.6,0.4
"chr16_74583674","rs180977420","C",0.021164,"T","AGTCC",0.2,0.2,0.2,0.4
"chr1_212389737","rs2358446","C",0.148148,"A","TAAAT",0.6,0.4,0,0
"chr11_49738287","rs12294066","C",0.439153,"T","GTCCT",0,0.4,0.2,0.4
"chr13_91462736","rs1572316","T",0.0793651,"C","ATCCT",0.2,0.4,0,0.4
"chr16_89645957","rs7404644","G",0.138889,"C","ATGAC",0.4,0.2,0.2,0.2
"chr1_237145918","rs4659485","T",0.466931,"C","GATGG",0.2,0.2,0.6,0
"chr16_1295818",".","A",0.498677,"T","CCTGC",0,0.2,0.2,0.6
"chr3_50332697","rs13100173","A",0.451058,"G","GTGGA",0.2,0.2,0.6,0
"chr8_12549881","rs7845353","G",0.242063,"C","CCCCT",0,0.2,0,0.8
"chr2_184528089","rs62196987","A",0.210317,"G","ATGTT",0.2,0.6,0.2,0
"chrX_86376885","rs5923826","C",0.438687,"T","TGTTT",0,0.8,0.2,0
"chr7_54238878","rs1357729","T",0.0357143,"C","AATTT",0.4,0.6,0,0
"chr7_144587540","rs80022455","C",0.0251323,"G","TGGTT",0,0.6,0.4,0
"chr17_41055123",".","A",0.157407,"G","TGGAG",0.2,0.2,0.6,0
"chr16_86075747","rs55664434","A",0.113757,"G","CCGTT",0,0.4,0.2,0.4
"chr4_184676489","rs73004771","T",0.301587,"C","ACCGC",0.2,0,0.2,0.6
"chrX_85197700","rs5923406","C",0.354059,"T","GGCTC",0,0.2,0.4,0.4
"chr9_130702642","rs3824527","T",0.119048,"C","TCCGT",0,0.4,0.2,0.4
"chr7_56180912","rs112237331","A",0.111111,"G","CAGTG",0.2,0.2,0.4,0.2
"chr14_77239567","rs2075772","G",0.443122,"A","TCACC",0.2,0.2,0,0.6
"chr16_75560152","rs77165682","T",0.19709,"C","CACGT",0.2,0.2,0.2,0.4
"chr13_25606419","rs73472342","A",0.189153,"G","CCGTT",0,0.4,0.2,0.4
"chr16_77368056","rs62652206","T",0.291005,"C","TACAG",0.4,0.2,0.2,0.2
"chr15_41846089","rs8028439","G",0.484127,"C","GTGAC",0.2,0.2,0.4,0.2
"chr10_112604028","rs11195353","G",0.228836,"A","GGACC",0.2,0,0.4,0.4
"chr14_77241392","rs4903489","T",0.231481,"C","TTCGA",0.2,0.4,0.2,0.2
"chr5_140232950","rs577069","G",0.496032,"C","CAGAG",0.4,0,0.4,0.2
"chr7_1551262","rs67049052","A",0.465608,"G","GGACT",0.2,0.2,0.4,0.2
"chr13_19493456",".","T",0.0621693,"G","TTTTA",0.2,0.8,0,0
"chr1_50148204","rs7521155","G",0.402116,"A","TAGGT",0.2,0.4,0.4,0
"chr11_78102266",".","T",0.187831,"G","CCGGG",0,0,0.6,0.4
"chr12_105918027","rs12313661","A",0.179894,"G","CCGGC",0,0,0.4,0.6
"chr19_23895550","rs139461502","G",0.037037,"A","CTATA",0.4,0.4,0,0.2
"chr5_7378895","rs993884","C",0.342593,"T","TCTAT",0.2,0.6,0,0.2
"chr19_52004743","rs3810110","G",0.361111,"A","GAGCT",0.2,0.2,0.4,0.2
"chr20_52131227","rs7262056","T",0.0806878,"C","CCCTC",0,0.2,0,0.8
"chr18_77827314","rs9304059","T",0.275132,"C","AGTGT",0.2,0.4,0.4,0
"chrX_116847006","rs6645368","T",0.253886,"C","GGCGG",0,0,0.8,0.2
"chr2_55812727","rs60555175","C",0.047619,"T","TGTTT",0,0.8,0.2,0
"chr8_107597636","rs3110428","G",0.457672,"A","CCAAC",0.4,0,0,0.6
"chr4_185458709","rs1991229","C",0.257937,"T","ACCGG",0.2,0,0.4,0.4
"chr2_231328174","rs73998812","A",0.042328,"G","AAGAC",0.6,0,0.2,0.2
"chr2_87279109","rs10205992","C",0.46164,"T","GGCAA",0.4,0,0.4,0.2
"chr8_27561139","rs55680837","C",0.301587,"G","GGGGG",0,0,1,0
"chr8_76205205","rs74445987","T",0.206349,"C","GGCTC",0,0.2,0.4,0.4
"chr1_95266204","rs2893278","G",0.369048,"A","AAAAG",0.8,0,0.2,0
"chr17_18015113","rs2925141","A",0.0873016,"G","CCAGC",0.2,0,0.2,0.6
"chr16_8002674","rs12596699","G",0.293651,"A","TTATA",0.4,0.6,0,0
"chr8_133796468","rs11998349","A",0.0952381,"G","ATGTT",0.2,0.6,0.2,0
"chr15_100589669","rs28591392","G",0.219577,"A","ACACA",0.6,0,0,0.4
"chr9_113240742","rs12376098","T",0.318783,"C","CACCT",0.2,0.2,0,0.6
"chr7_102831792","rs57232039","G",0.134921,"A","AGAAA",0.8,0,0.2,0
"chr1_19731873","rs4911990","C",0.25,"A","TAAAA",0.8,0.2,0,0
"chr17_9244163","rs8064873","A",0.22619,"G","ACGGG",0.2,0,0.6,0.2
"chr19_19305932","rs185567262","G",0.0198413,"A","CAATC",0.4,0.2,0,0.4
"chr2_114387358","rs1739509","A",0.251323,"G","CCGCC",0,0,0.2,0.8
"chr20_25354178","rs6083820","A",0.449735,"G","CCGTC",0,0.2,0.2,0.6
"chr2_181963121","rs7583725","G",0.386243,"C","ATCTT",0.2,0.6,0,0.2
"chr11_108410261","rs2852183","T",0.185185,"C","TTCAG",0.2,0.4,0.2,0.2
"chr14_24312799","rs4328349","G",0.133598,"A","AGATG",0.4,0.2,0.4,0
"chr2_184504566","rs12693353","T",0.21164,"C","CACGA",0.4,0,0.2,0.4
"chr2_202821228","rs7565081","T",0.256614,"C","ACCGA",0.4,0,0.2,0.4
"chr13_70552011","rs4280125","C",0.373016,"T","TCCGA",0.2,0.2,0.2,0.4
"chr12_107671364","rs7133738","G",0.43254,"A","GTGTA",0.2,0.4,0.4,0
"chr1_167437779","rs116312494","T",0.0119048,"C","CTCAA",0.4,0.2,0,0.4
"chr14_39800798","rs8007252","C",0.263228,"G","TAGCG",0.2,0.2,0.4,0.2
"chr5_86195440","rs75376256","A",0.185185,"T","TCTCT",0,0.6,0,0.4
"chr17_46016613","rs12601827","G",0.435185,"A","CCATC",0.2,0.2,0,0.6
"chr8_144097085","rs143921458","T",0.494709,"A","AGTCC",0.2,0.2,0.2,0.4
"chr13_50434038","rs4476074","T",0.420635,"C","CATGC",0.2,0.2,0.2,0.4
"chr7_30212895","rs10278839","A",0.232804,"G","AGGCT",0.2,0.2,0.4,0.2
"chr3_158587730","rs77938140","G",0.239418,"C","TCCGC",0,0.2,0.2,0.6
"chr1_202784295","rs4498856","C",0.0198413,"T","TTTTG",0,0.8,0.2,0
"chr10_57872471","rs9415436","C",0.00925926,"A","CCAAT",0.4,0.2,0,0.4
"chrX_87310467","rs5969447","G",0.0690846,"A","GGAAG",0.4,0,0.6,0
"chr18_8614157","rs321660","A",0.383598,"G","TCATT",0.2,0.6,0,0.2
"chr7_97561765","rs9767954","A",0.256614,"G","AAGCA",0.6,0,0.2,0.2
"chr2_242646466","rs34744507","T",0.424603,"C","TCCCA",0.2,0.2,0,0.6
"chr21_38594601","rs62226497","A",0.265873,"G","CAGTA",0.4,0.2,0.2,0.2
"chr22_19132849","rs7284958","A",0.265873,"T","TTTTA",0.2,0.8,0,0
"chr4_100763279","rs17029583","T",0.457672,"G","GCGCC",0,0,0.4,0.6
"chr22_49215634","rs111770636","G",0.169312,"C","AGCTA",0.4,0.2,0.2,0.2
"chr5_135962502","rs11744460","A",0.236772,"G","CAATT",0.4,0.4,0,0.2
"chr8_20559051","rs13280463","C",0.12963,"G","CTGCA",0.2,0.2,0.2,0.4
"chr22_19924612","rs9606189","C",0.276455,"G","GCGAC",0.2,0,0.4,0.4
"chr2_57345571","rs1424646","G",0.399471,"T","GTTTC",0,0.6,0.2,0.2
"chr20_61060184","rs76514288","G",0.115079,"C","TGCCA",0.2,0.2,0.2,0.4
"chr16_83887","rs2562131","A",0.224868,"C","TCCGA",0.2,0.2,0.2,0.4
"chr6_140055651","rs12206038","A",0.0701058,"G","TCGTG",0,0.4,0.4,0.2
"chr11_50781457","rs144413996","C",0.419312,"G","CAGAG",0.4,0,0.4,0.2
"chr17_72308291",".","A",0.037037,"C","GCCGA",0.2,0,0.4,0.4
"chr15_93156676","rs79305149","T",0.149471,"C","TTCTA",0.2,0.6,0,0.2
"chr14_106250353","rs2753568","C",0.39418,"A","TCAGC",0.2,0.2,0.2,0.4
"chr6_32450089","rs5020946","T",0.433862,"G","AAGCT",0.4,0.2,0.2,0.2
"chr6_141219442","rs12528549","A",0.25,"C","AGCAA",0.6,0,0.2,0.2
"chr1_751456","rs141709959","C",0.037037,"T","AATCA",0.6,0.2,0,0.2
"chr10_773242","rs12775643","A",0.165344,"G","ACGTT",0.2,0.4,0.2,0.2
"chr5_139626680","rs4913078","T",0.230159,"A","TTAGG",0.2,0.4,0.4,0
"chr11_107011585","rs7952183","C",0.146825,"A","CCAAA",0.6,0,0,0.4
"chr12_109574956","rs1654884","T",0.0621693,"C","AGCCA",0.4,0,0.2,0.4
"chr12_44205018","rs1816854","C",0.171958,"T","CTTCT",0,0.6,0,0.4
"chr18_45765284","rs78278506","T",0.0873016,"C","CACTC",0.2,0.2,0,0.6
"chr21_47497510","rs4819198","G",0.191799,"C","CCCGT",0,0.2,0.2,0.6
"chr2_2963352","rs1729899","A",0.291005,"G","GGAGT",0.2,0.2,0.6,0
"chr16_75022581","rs8061180","A",0.0740741,"G","TGGCG",0,0.2,0.6,0.2
"chr16_60330533","rs78863056","A",0.0330688,"T","CATTT",0.2,0.6,0,0.2
"chr7_2279482","rs11984133","C",0.325397,"A","CTACA",0.4,0.2,0,0.4
"chr7_29523049","rs1468784","A",0.18254,"G","GCACC",0.2,0,0.2,0.6
"chr11_26233935","rs12803909","T",0.358466,"C","AGCCA",0.4,0,0.2,0.4
"chr4_108597778","rs150241277","C",0.330688,"T","TATAG",0.4,0.4,0.2,0
"chr6_168114956","rs508893","T",0.335979,"C","CTTCC",0,0.4,0,0.6
"chr6_148767267","rs13210987","G",0.132275,"C","GACGG",0.2,0,0.6,0.2
"chr19_8277616","rs113038017","A",0.42328,"G","CCGGG",0,0,0.6,0.4
"chr9_123781435","rs992669","G",0.46164,"A","ACGTG",0.2,0.2,0.4,0.2
"chr7_21663334","rs11975518","C",0.411376,"G","AAGAA",0.8,0,0.2,0
"chr4_110796912","rs76548546","A",0.272487,"G","CTGTG",0,0.4,0.4,0.2
"chr10_109207681","rs11193440","C",0.153439,"A","AGACA",0.6,0,0.2,0.2
"chr14_98429197","rs34335488","A",0.0132275,"G","GCGGC",0,0,0.6,0.4
"chr6_145689523","rs35270275","T",0.298942,"C","ACCCC",0.2,0,0,0.8
"chr12_75881018","rs12422952","T",0.380952,"C","ACCCC",0.2,0,0,0.8
"chr9_78101568","rs524378","C",0.493386,"G","CACAC",0.4,0,0,0.6
"chr2_71400811","rs385218","A",0.0925926,"G","GCATG",0.2,0.2,0.4,0.2
"chr18_51651945","rs2926334","C",0.382275,"T","TATGG",0.2,0.4,0.4,0
"chr8_144957951","rs7461417","C",0.35582,"T","AGTTG",0.2,0.4,0.4,0
"chr11_8987438","rs2568092","T",0.206349,"C","TACTG",0.2,0.4,0.2,0.2
"chr12_61691279","rs146979781","C",0.293651,"A","AAAAT",0.8,0.2,0,0
"chr2_139972482","rs10165016","A",0.473545,"G","TTGCT",0,0.6,0.2,0.2
"chr12_120562974","rs11065028","C",0.424603,"T","CCCCT",0,0.2,0,0.8
"chr6_29915268","rs2517723","C",0.388889,"T","CACTG",0.2,0.2,0.2,0.4
"chr8_8392743","rs6601705","A",0.00132275,"G","GCGGG",0,0,0.8,0.2
"chr16_77334791","rs11649209","T",0.494709,"C","AGTTG",0.2,0.4,0.4,0
"chr12_7021615","rs2238116","G",0.293651,"A","CTACA",0.4,0.2,0,0.4
"chr2_181247543","rs12466319","C",0.100529,"A","AGAAC",0.6,0,0.2,0.2
"chr2_95357109","rs597051","C",0.0939153,"T","CCTCT",0,0.4,0,0.6
"chr16_3181963","rs1053871","C",0.37037,"T","ACTGT",0.2,0.4,0.2,0.2
"chr14_94702389","rs28637904","A",0.244709,"G","GAGTG",0.2,0.2,0.6,0
"chr17_26549716","rs4435306","T",0.480159,"G","ACTGA",0.4,0.2,0.2,0.2
"chr4_3043513","rs2857850","C",0.375661,"A","GCAGG",0.2,0,0.6,0.2
"chr1_155757711","rs2485470","A",0.0224868,"G","TGAGA",0.4,0.2,0.4,0
"chr20_42125262","rs6130397","A",0.244709,"T","ACTCT",0.2,0.4,0,0.4
"chr8_82285395","rs10112050","T",0.0925926,"C","CACGC",0.2,0,0.2,0.6
"chr3_6832179","rs35892857","C",0.398148,"A","CAAAG",0.6,0,0.2,0.2
"chr6_131456982","rs9402321","T",0.12037,"C","GGCCT",0,0.2,0.4,0.4
"chr22_19440597","rs75637138","A",0.187831,"G","TGGCC",0,0.2,0.4,0.4
"chr20_54248094","rs6069356","G",0.126984,"A","AAATG",0.6,0.2,0.2,0
"chrX_3876565","rs7052908","T",0.487047,"C","ATTGG",0.2,0.4,0.4,0
"chr14_38717988","rs951136","T",0.457672,"C","CATTG",0.2,0.4,0.2,0.2
"chr7_23249273","rs6461702","G",0.309524,"C","ACCAT",0.4,0.2,0,0.4
"chr15_51400745","rs17522169","T",0.0978836,"G","GAGCT",0.2,0.2,0.4,0.2
"chr3_98753909","rs774539","C",0.367725,"T","TCTCC",0,0.4,0,0.6
"chr4_64500478","rs1031595","C",0.488095,"A","TCATG",0.2,0.4,0.2,0.2
"chr1_196016549","rs150355504","A",0.0357143,"G","ATGTG",0.2,0.4,0.4,0
"chr8_117472976","rs4639555","G",0.429894,"C","ACGTG",0.2,0.2,0.4,0.2
"chr3_132436967","rs66564593","G",0.198413,"A","CAATG",0.4,0.2,0.2,0.2
"chr6_30103360","rs1541269","A",0.100529,"G","AAGAC",0.6,0,0.2,0.2
"chr4_184364158","rs13125382","C",0.212963,"T","AACTT",0.4,0.4,0,0.2
"chr19_5892743","rs10432306","T",0.435185,"C","GCCGC",0,0,0.4,0.6
"chr13_53003907","rs12870706","G",0.234127,"A","ACATA",0.6,0.2,0,0.2
"chr21_42324869","rs58038229","T",0.00793651,"A","CTACT",0.2,0.4,0,0.4
"chr11_82875359","rs7130527","A",0.0727513,"G","CAGCA",0.4,0,0.2,0.4
"chr17_34080065","rs9914929","A",0.0462963,"C","CCCAC",0.2,0,0,0.8
"chr17_39671276","rs1823996","A",0.371693,"G","ACGCC",0.2,0,0.2,0.6
"chr15_90658044","rs4932286","T",0.194444,"C","ACTGC",0.2,0.2,0.2,0.4
"chr3_72136026","rs55695491","A",0.150794,"G","AAGCT",0.4,0.2,0.2,0.2
"chr22_22453513",".","T",0.236772,"C","ATCGC",0.2,0.2,0.2,0.4
"chr2_209947642","rs4673444","C",0.391534,"A","CAATG",0.4,0.2,0.2,0.2
"chr6_58292881","rs9377702","A",0.298942,"C","TTAAG",0.4,0.4,0.2,0
"chr22_35340557","rs4538303","G",0.428571,"C","ATGGC",0.2,0.2,0.4,0.2
"chr13_46461224","rs2806888","T",0.421958,"C","GGTAT",0.2,0.4,0.4,0
"chr1_110225432","rs182902643","A",0.239418,"G","AAGTT",0.4,0.4,0.2,0
"chr21_33355558","rs13050579","C",0.165344,"G","CTGAG",0.2,0.2,0.4,0.2
"chr13_28301143","rs9507936","C",0.435185,"T","GCCTT",0,0.4,0.2,0.4
"chr8_224153",".","C",0.365079,"G","TTCAA",0.4,0.4,0,0.2
"chrX_80408425","rs5959828","A",0.015544,"T","TCTTA",0.2,0.6,0,0.2
"chr4_177906294","rs2117948","G",0.00661376,"A","ACAAA",0.8,0,0,0.2
"chr1_74337985","rs10458583","T",0.425926,"G","CTGCA",0.2,0.2,0.2,0.4
"chr7_29383425","rs35460666","G",0.306878,"A","ACAGC",0.4,0,0.2,0.4
"chr2_113547425","rs3783514","G",0.294974,"A","CCATA",0.4,0.2,0,0.4
"chr7_12624843","rs10255606","G",0.492063,"C","TGGTA",0.2,0.4,0.4,0
"chr15_69707451","rs74826317","G",0.015873,"A","GTAAA",0.6,0.2,0.2,0
"chr19_39621276","rs4273158","A",0.37037,"G","GAGCA",0.4,0,0.4,0.2
"chr18_4331549","rs582789","T",0.119048,"C","GATCT",0.2,0.4,0.2,0.2
"chr1_204567762","rs2369246","T",0.43254,"C","ACCTG",0.2,0.2,0.2,0.4
"chr7_26385615","rs12537520","C",0.138889,"T","GATCC",0.2,0.2,0.2,0.4
"chr12_10720932","rs7964171","G",0.486772,"C","GACTG",0.2,0.2,0.4,0.2
"chr9_139841558","rs884112","A",0.21164,"G","TCAGC",0.2,0.2,0.2,0.4
"chr1_164684722","rs12062545","T",0.0542328,"C","CCCTC",0,0.2,0,0.8
"chr22_45571446","rs17548707","T",0.285714,"C","GCCGC",0,0,0.4,0.6
"chr2_44056112","rs10169893","A",0.342593,"T","AATAA",0.8,0.2,0,0
"chr2_46069488","rs61763780","A",0.435185,"C","TCCTT",0,0.6,0,0.4
"chr4_169676252","rs13149186","T",0.294974,"C","GGCGG",0,0,0.8,0.2
"chr7_942734","rs10951020","A",0.238095,"G","GCAGG",0.2,0,0.6,0.2
"chr2_110487446","rs2019422","G",0.380952,"A","GGGAT",0.2,0.2,0.6,0
"chr2_201754063","rs7559150","C",0.265873,"T","CATCC",0.2,0.2,0,0.6
"chr19_2120314","rs4807201","C",0.186508,"T","CCTGG",0,0.2,0.4,0.4
"chr10_26727636","rs4749125","G",0.399471,"C","GCGCT",0,0.2,0.4,0.4
"chr19_18395112","rs62120440","G",0.472222,"A","AAGTC",0.4,0.2,0.2,0.2
"chr11_129720880","rs11221880","A",0.458995,"G","CAATT",0.4,0.4,0,0.2
"chr4_114700917","rs6533715","G",0.458995,"T","ATGGA",0.4,0.2,0.4,0
"chr2_164570848","rs114056945","C",0.0291005,"A","CAAGT",0.4,0.2,0.2,0.2
"chr6_39651875","rs9471142","G",0.448413,"A","CAATC",0.4,0.2,0,0.4
"chr17_37738686","rs117075427","G",0.0753968,"A","ACATG",0.4,0.2,0.2,0.2
"chr16_65141868","rs17510891","A",0.107143,"T","AATCA",0.6,0.2,0,0.2
"chr1_14593177","rs10803478","G",0.489418,"A","TGGGA",0.2,0.2,0.6,0
"chr7_10946374","rs2352563","A",0.353175,"T","ACTGT",0.2,0.4,0.2,0.2
"chr1_9801341","rs10864436","A",0.0674603,"G","AGGTG",0.2,0.2,0.6,0
"chr20_30339145","rs2149282","C",0.440476,"G","GCCTT",0,0.4,0.2,0.4
"chr2_234464498","rs62192777","C",0.152116,"T","CATGC",0.2,0.2,0.2,0.4
"chr9_38673606","rs7873962","G",0.37037,"T","TTTAC",0.2,0.6,0,0.2
"chr7_128281256","rs2402923","A",0.412698,"G","CAGGC",0.2,0,0.4,0.4
"chr7_131268765","rs12530720","T",0.477513,"A","AGTCT",0.2,0.4,0.2,0.2
"chr12_62824875","rs7133753","T",0.18254,"C","CACGT",0.2,0.2,0.2,0.4
"chr1_233482663","rs1851291","C",0.242063,"T","ATTAA",0.6,0.4,0,0
"chr21_45752296","rs3761393","T",0.162698,"C","TCTGT",0,0.6,0.2,0.2
"chr6_26126779","rs9467675","A",0.104497,"G","CCGGA",0.2,0,0.4,0.4
"chr14_104269808","rs4906373","G",0.390212,"A","CCATC",0.2,0.2,0,0.6
"chr3_40531123","rs66841330","A",0.292328,"G","AGGGT",0.2,0.2,0.6,0
"chr1_160947423","rs4483427","A",0.0899471,"G","TCAAG",0.4,0.2,0.2,0.2
"chr15_36605758","rs4924053","G",0.482804,"A","GTGTT",0,0.6,0.4,0
"chr7_133771130","rs55974805","T",0.276455,"C","TTCAT",0.2,0.6,0,0.2
"chr1_3563428","rs76161888","T",0.166667,"C","AGCGG",0.2,0,0.6,0.2
"chr8_125955401","rs2590665","T",0.257937,"C","CACGC",0.2,0,0.2,0.6
"chr12_69301287","rs2029774","C",0.0767196,"T","TGTTT",0,0.8,0.2,0
"chr4_108404277","rs4956014","C",0.342593,"G","AGCGG",0.2,0,0.6,0.2
"chr16_2907225","rs2878434","C",0.390212,"T","CCTAG",0.2,0.2,0.2,0.4
"chr1_218496066","rs56238934","C",0.412698,"T","TCTTA",0.2,0.6,0,0.2
"chr6_133858300","rs11969485","A",0.137566,"G","GCGAG",0.2,0,0.6,0.2
"chr1_177903578","rs2182914","C",0.17328,"T","AATTG",0.4,0.4,0.2,0
"chrX_129521174","rs12850013","A",0.398964,"T","TTTTT",0,1,0,0
"chr1_196835194","rs74229792","T",0.191799,"C","GCCTT",0,0.4,0.2,0.4
"chr18_12445632","rs4566245","G",0.047619,"A","CAAGC",0.4,0,0.2,0.4
"chr8_22493124","rs11776549","T",0.321429,"C","TACGT",0.2,0.4,0.2,0.2
"chr8_144139273","rs34203307","G",0.361111,"A","GGGGC",0,0,0.8,0.2
"chr1_103762848","rs72692358","T",0.174603,"G","TGGCT",0,0.4,0.4,0.2
"chr19_7685113","rs74955892","A",0.0740741,"G","CCGGG",0,0,0.6,0.4
"chr9_8227136","rs10976861","G",0.468254,"A","AAATG",0.6,0.2,0.2,0
"chr17_46344017","rs147813436","T",0.109788,"C","GGCGC",0,0,0.6,0.4
"chr17_79630238","rs11150804","G",0.350529,"A","ACATC",0.4,0.2,0,0.4
"chr5_71963662","rs2910675","C",0.189153,"T","ATTCA",0.4,0.4,0,0.2
"chr9_28499864","rs10968621","T",0.0939153,"C","TTCTA",0.2,0.6,0,0.2
"chr3_118734825","rs964493","C",0.246032,"T","AATGG",0.4,0.2,0.4,0
"chr11_65380916","rs2004649","A",0.437831,"G","CCGCC",0,0,0.2,0.8
"chr1_151740420","rs12066445","A",0.339947,"G","TGGCT",0,0.4,0.4,0.2
"chr4_143819075","rs116227968","T",0.0568783,"C","AACCC",0.4,0,0,0.6
"chr3_185199743","rs55732595","A",0.486772,"G","ACGCG",0.2,0,0.4,0.4
"chr11_10658735","rs1035691","A",0.353175,"G","CTATC",0.2,0.4,0,0.4
"chr3_125303972","rs2333269","C",0.468254,"G","ATCTC",0.2,0.4,0,0.4
"chr4_53165610","rs2624037","C",0.456349,"T","TATGG",0.2,0.4,0.4,0
"chr10_124983008","rs9423325","A",0.337302,"G","TCAAA",0.6,0.2,0,0.2
"chr16_12641131","rs1794318","C",0.404762,"G","GAGTT",0.2,0.4,0.4,0
"chr6_107945092","rs61685084","G",0.108466,"C","CACTA",0.4,0.2,0,0.4
"chr4_77050138","rs58728245","G",0.130952,"C","AGCTG",0.2,0.2,0.4,0.2
"chr18_9618467","rs35444634","G",0.277778,"T","AGGAA",0.6,0,0.4,0
"chr19_53942084","rs75739523","G",0.329365,"A","CTATA",0.4,0.4,0,0.2
"chr8_4479836","rs12335285","T",0.349206,"C","GGCCC",0,0,0.4,0.6
"chr9_33768570","rs7870584","G",0.0674603,"A","CTATC",0.2,0.4,0,0.4
"chr11_92178278","rs1014594","T",0.410053,"C","CACTG",0.2,0.2,0.2,0.4
"chr16_60261897","rs8044975","G",0.267196,"A","TCATC",0.2,0.4,0,0.4
"chr2_47148163","rs6716381","A",0.18254,"G","CAGCC",0.2,0,0.2,0.6
"chr1_174020506","rs6680088","T",0.126984,"C","TTCTC",0,0.6,0,0.4
"chr7_99488940","rs1048705","A",0.455026,"T","TGACT",0.2,0.4,0.2,0.2
"chr22_33118882","rs28413977","A",0.325397,"T","AATAA",0.8,0.2,0,0
"chr3_172301525","rs62281571","A",0.376984,"C","GGCCT",0,0.2,0.4,0.4
"chr16_30050494","rs66467443","A",0.458995,"G","TGGAG",0.2,0.2,0.6,0
"chr15_50857431","rs1986075","G",0.441799,"A","TTAGC",0.2,0.4,0.2,0.2
"chr20_5446114","rs6076839","C",0.277778,"T","CGTCC",0,0.2,0.2,0.6
"chr5_161416626","rs13359832","T",0.00661376,"C","CCCGG",0,0,0.4,0.6
"chr10_80177764","rs12261821","T",0.100529,"C","GGCGT",0,0.2,0.6,0.2
"chr2_166963467","rs72875660","T",0.0396825,"C","CACTG",0.2,0.2,0.2,0.4
"chr1_202111779","rs4950771","T",0.0674603,"G","GGTGC",0,0.2,0.6,0.2
"chr15_85135783","rs72750843","T",0.27381,"C","TTCAT",0.2,0.6,0,0.2
"chr4_36996762","rs7664659","T",0.17328,"C","CACAC",0.4,0,0,0.6
"chr1_121288913","rs11249430","G",0.493386,"C","CCCTT",0,0.4,0,0.6
"chr2_212042358","rs34684280","C",0.276455,"G","TAGGA",0.4,0.2,0.4,0
"chr4_56439591","rs34534635","C",0.296296,"G","AGGTA",0.4,0.2,0.4,0
"chr7_110900502","rs37735","G",0.482804,"C","AGGTA",0.4,0.2,0.4,0
"chr2_16195873","rs16863226","G",0.194444,"A","GAACA",0.6,0,0.2,0.2
"chr3_164277649","rs1017788","A",0.465608,"G","CAGTG",0.2,0.2,0.4,0.2
"chr15_41774423","rs1942","A",0.486772,"G","AAACT",0.6,0.2,0,0.2
"chr7_113720780","rs7810501","G",0.10582,"A","AAAAA",1,0,0,0
"chr16_70109990","rs4985488","A",0.22619,"G","GTATG",0.2,0.4,0.4,0
"chrX_84386194","rs4828125","T",0.364421,"A","AATTC",0.4,0.4,0,0.2
"chr1_148544983","rs146080919","G",0.0185185,"A","CCACT",0.2,0.2,0,0.6
"chr5_151143774","rs2964582","A",0.281746,"C","GGCAT",0.2,0.2,0.4,0.2
"chr15_83435507","rs191763047","G",0.0727513,"A","AAAGG",0.6,0,0.4,0
"chr4_43739862","rs1369178","G",0.380952,"T","TTGGT",0,0.6,0.4,0
"chr9_68442412","rs62543845","A",0.042328,"G","TAGCA",0.4,0.2,0.2,0.2
"chr10_89891695","rs17420447","T",0.260582,"C","GACGC",0.2,0,0.4,0.4
"chr5_173894915","rs354965","A",0.283069,"G","GAAGC",0.4,0,0.4,0.2
"chr2_99779655","rs2632276","C",0.399471,"A","AACAA",0.8,0,0,0.2
"chr2_170576381","rs62173308","C",0.234127,"A","AAATA",0.8,0.2,0,0
"chr5_146117818","rs59852193","T",0.0251323,"G","GGGCG",0,0,0.8,0.2
"chr15_84815775","rs12595694","T",0.482804,"A","CAATG",0.4,0.2,0.2,0.2
"chr9_12381258","rs1929433","A",0.0687831,"G","ATATC",0.4,0.4,0,0.2
"chr11_117032125","rs3736120","G",0.260582,"T","TTGCT",0,0.6,0.2,0.2
"chr18_60806872","rs4987828","T",0.248677,"C","GGCAC",0.2,0,0.4,0.4
"chr3_160336362","rs56189399","A",0.112434,"G","GAGGA",0.4,0,0.6,0
"chr12_50520676","rs7967979","A",0.337302,"G","GTGTG",0,0.4,0.6,0
"chr3_197354857","rs2948032","A",0.314815,"C","GGCGG",0,0,0.8,0.2
"chr13_43597706","rs17553284","T",0.257937,"C","TCCCT",0,0.4,0,0.6
"chr3_46791386","rs62248372","A",0.0634921,"G","AGGTC",0.2,0.2,0.4,0.2
"chr8_11870601","rs9802012","C",0.300265,"G","TTGAG",0.2,0.4,0.4,0
"chr4_100036515","rs111419170","G",0.124339,"A","ATATA",0.6,0.4,0,0
"chr2_228208396","rs145241332","T",0.0198413,"C","AACTC",0.4,0.2,0,0.4
"chr19_44110549","rs304721","G",0.482804,"A","GCGAT",0.2,0.2,0.4,0.2
"chr7_64493654","rs11769801","A",0.468254,"G","CCAGG",0.2,0,0.4,0.4
"chr3_149217816","rs9847773","T",0.411376,"C","TTCCC",0,0.4,0,0.6
"chr9_37422656","rs4878690","T",0.357143,"C","CTCCC",0,0.2,0,0.8
"chr1_24882897","rs6692221","T",0.195767,"C","GTCTT",0,0.6,0.2,0.2
"chr1_228399123","rs11799681","A",0.358466,"C","CGAGG",0.2,0,0.6,0.2
"chr7_148940376","rs7809590","C",0.488095,"T","CTTGG",0,0.4,0.4,0.2
"chr3_50692394","rs4261877","G",0.453704,"C","ATGGC",0.2,0.2,0.4,0.2
"chr12_62822406","rs73139029","T",0.148148,"A","GGATT",0.2,0.4,0.4,0
"chr2_867187","rs4263142","A",0.451058,"C","GACGA",0.4,0,0.4,0.2
"chr8_3095377","rs62504968","C",0.0727513,"T","TATAA",0.6,0.4,0,0
"chr2_231492965","rs10168790","C",0.455026,"A","ACCAG",0.4,0,0.2,0.4
"chr11_27341938","rs75930378","T",0.119048,"C","GGCAG",0.2,0,0.6,0.2
"chr11_50668546","rs11823709","T",0.181217,"C","TTCGA",0.2,0.4,0.2,0.2
"chr13_41444393","rs61964309","A",0.350529,"G","GCAGG",0.2,0,0.6,0.2
"chr22_42476770","rs6002593","T",0.329365,"A","AAATT",0.6,0.4,0,0
"chr19_56516870","rs115005397","A",0.0939153,"G","CTGTA",0.2,0.4,0.2,0.2
"chr9_105306425","rs16921790","T",0.0952381,"C","TTCTC",0,0.6,0,0.4
"chr2_114206387","rs3976975","A",0.0925926,"G","GCGGG",0,0,0.8,0.2
"chr19_35992691","rs8100640","G",0.498677,"A","CGATC",0.2,0.2,0.2,0.4
"chr17_66444335","rs888298","G",0.444444,"A","CCACA",0.4,0,0,0.6
"chr4_163308106","rs2712702","A",0.382275,"G","TAAAG",0.6,0.2,0.2,0
"chr14_54214467","rs7494596","C",0.191799,"G","AAGAA",0.8,0,0.2,0
"chr6_169566087","rs9455889","A",0.166667,"T","CGTCT",0,0.4,0.2,0.4
"chr19_2403564","rs7248779","G",0.458995,"T","CGTAA",0.4,0.2,0.2,0.2
"chr20_60035511","rs2427113","T",0.255291,"G","TTGCC",0,0.4,0.2,0.4
"chr19_58918621","rs28414547","G",0.0026455,"C","GCCAG",0.2,0,0.4,0.4
"chr7_13505877","rs6943513","G",0.398148,"C","CTCCT",0,0.4,0,0.6
"chr2_70537712","rs72904362","A",0.0701058,"C","TACAG",0.4,0.2,0.2,0.2
"chr7_21621631","rs72655988","A",0.042328,"G","CTGCA",0.2,0.2,0.2,0.4
"chr4_26025270","rs13139093","T",0.415344,"C","TTTTT",0,1,0,0
"chr2_238192511","rs4663707","C",0.465608,"T","TATTA",0.4,0.6,0,0
"chr10_38090047","rs139246288","G",0.0952381,"A","CTATA",0.4,0.4,0,0.2
"chr7_132704072","rs10277418","C",0.391534,"G","CAGAA",0.6,0,0.2,0.2
"chr3_151512694","rs7643257","T",0.280423,"C","ATCTG",0.2,0.4,0.2,0.2
"chr12_131520249","rs12302892","G",0.142857,"A","ACATA",0.6,0.2,0,0.2
"chr3_50344178","rs78138837","G",0.136243,"A","GCATG",0.2,0.2,0.4,0.2
"chr4_90108007","rs77372428","G",0.484127,"A","TAATA",0.6,0.4,0,0
"chr7_66826360","rs11975662","G",0.227513,"A","CAATA",0.6,0.2,0,0.2
"chr17_1535128","rs36048924","A",0.330688,"G","TCGCG",0,0.2,0.4,0.4
"chr12_115533875","rs7306306","T",0.117725,"C","TCCTC",0,0.4,0,0.6
"chr19_30293066","rs4804903","T",0.361111,"C","ACTAT",0.4,0.4,0,0.2
"chr7_99939321","rs11761253","T",0.178571,"C","TCCGA",0.2,0.2,0.2,0.4
"chr7_122630180","rs846672","A",0.305556,"C","AAATT",0.6,0.4,0,0
"chr1_6266086","rs114174266","G",0.0330688,"A","GGATG",0.2,0.2,0.6,0
"chr12_14264695","rs10845881","C",0.396825,"T","TATGT",0.2,0.6,0.2,0
"chr7_74033016","rs28493068","G",0.236772,"A","AAAAA",1,0,0,0
"chr11_87456154","rs61910005","G",0.0251323,"A","ACATT",0.4,0.4,0,0.2
"chr3_39447294","rs4676494","C",0.478836,"A","AGACT",0.4,0.2,0.2,0.2
"chr18_45127071","rs117221919","T",0.0238095,"A","TCAGT",0.2,0.4,0.2,0.2
"chr2_65730907","rs114342497","A",0.0185185,"G","ATGGG",0.2,0.2,0.6,0
"chr2_25127537","rs6759962","T",0.00132275,"C","GACAG",0.4,0,0.4,0.2
"chr18_60605213","rs35380440","T",0.112434,"C","AGCCT",0.2,0.2,0.2,0.4
"chr1_151395782","rs2274533","T",0.164021,"C","CATGT",0.2,0.4,0.2,0.2
"chr3_30059835","rs6798324","C",0.190476,"T","GATGG",0.2,0.2,0.6,0
"chr15_85175750","rs2292463","A",0.441799,"G","AAATA",0.8,0.2,0,0
"chr12_12748408","rs10772576","G",0.357143,"A","CAGAA",0.6,0,0.2,0.2
"chr1_102249468","rs12726478","A",0.42328,"G","CAGGT",0.2,0.2,0.4,0.2
"chr4_144130118","rs10029373","C",0.399471,"T","AGCTG",0.2,0.2,0.4,0.2
"chr19_36813084","rs2972632","A",0.415344,"G","ACAAG",0.6,0,0.2,0.2
"chr9_17615939","rs2038519","T",0.383598,"G","TTGTT",0,0.8,0.2,0
"chr2_176919360","rs847178","A",0.260582,"G","AGGAT",0.4,0.2,0.4,0
"chr19_36208449","rs12463059","T",0.186508,"C","CCCGG",0,0,0.4,0.6
"chr15_71677788","rs2119570","G",0.031746,"A","TCAGA",0.4,0.2,0.2,0.2
"chr22_20013682","rs112567206","T",0.00661376,"G","TGGGA",0.2,0.2,0.6,0
"chr10_89378942","rs11202474","C",0.337302,"T","TATAC",0.4,0.4,0,0.2
"chr18_29289593","rs8092533","T",0.400794,"A","CCTGC",0,0.2,0.2,0.6
"chr17_9818100","rs17745055","C",0.0224868,"T","TCTTA",0.2,0.6,0,0.2
"chr14_78207655","rs72687218","A",0.256614,"G","TCGAG",0.2,0.2,0.4,0.2
"chr10_7640664","rs10795556","T",0.246032,"C","AATAT",0.6,0.4,0,0
"chr16_2918292","rs17660212","G",0.391534,"A","CCAGA",0.4,0,0.2,0.4
"chr2_54320943","rs13418779","G",0.484127,"C","GTCGT",0,0.4,0.4,0.2
"chr7_36113939","rs75040788","T",0.223545,"G","ACGAT",0.4,0.2,0.2,0.2
"chr19_14487801","rs9749305","C",0.280423,"G","ACCCT",0.2,0.2,0,0.6
"chr5_102363402","rs26434","C",0.289683,"T","TACGT",0.2,0.4,0.2,0.2
"chr1_227403823","rs2670455","C",0.39418,"A","CTATA",0.4,0.4,0,0.2
"chr2_64439079","rs11690638","G",0.293651,"C","TTCCT",0,0.6,0,0.4
"chr1_86861087","rs4288573","C",0.316138,"T","TACTG",0.2,0.4,0.2,0.2
"chr10_64834352","rs2036791","T",0.403439,"A","AAATA",0.8,0.2,0,0
"chr7_223735","rs62430327","T",0.0820106,"C","GCCGG",0,0,0.6,0.4
"chr5_117939951","rs10214121","G",0.335979,"C","GCGAA",0.4,0,0.4,0.2
"chr11_85437896","rs491867","A",0.332011,"G","ACACC",0.4,0,0,0.6
"chr10_88982473","rs71503870","G",0.267196,"A","GCGTC",0,0.2,0.4,0.4
"chr2_39164228","rs12994885","T",0.318783,"C","CCTGG",0,0.2,0.4,0.4
"chr20_3258874","rs2281497","A",0.186508,"G","CAGGG",0.2,0,0.6,0.2
"chr10_34853746","rs1324305","C",0.383598,"T","AATTG",0.4,0.4,0.2,0
"chr14_34844376","rs1958589","C",0.141534,"T","AATGG",0.4,0.2,0.4,0
"chr14_64908845","rs2236225","A",0.427249,"G","CCGGA",0.2,0,0.4,0.4
"chr16_72294970","rs78103998","C",0.0846561,"G","GCGAA",0.4,0,0.4,0.2
"chr19_36489149","rs7247214","A",0.15873,"G","CCGCT",0,0.2,0.2,0.6
"chr9_370199","rs12156499","G",0.140212,"A","TGATA",0.4,0.4,0.2,0
"chr2_242700052","rs71430384","C",0.496032,"T","TTTGC",0,0.6,0.2,0.2
"chr6_109102901","rs1268135","C",0.362434,"T","CACTG",0.2,0.2,0.2,0.4
"chr3_108250650","rs149112395","C",0.0026455,"A","TAAAT",0.6,0.4,0,0
"chr22_50638502","rs5771096","T",0.0634921,"C","GTTAC",0.2,0.4,0.2,0.2
"chr2_241485320","rs28879394","T",0.171958,"C","GACGG",0.2,0,0.6,0.2
"chr7_158955490","rs408816","G",0.493386,"A","GCATG",0.2,0.2,0.4,0.2
"chr17_13941088","rs9914753","G",0.357143,"A","TAGGA",0.4,0.2,0.4,0
"chr16_58810814","rs1961313","T",0.316138,"C","TTTAC",0.2,0.6,0,0.2
"chr16_48390512","rs8053839","G",0.477513,"T","TTGTT",0,0.8,0.2,0
"chr4_127036498","rs7677385","G",0.28836,"T","TCTTT",0,0.8,0,0.2
"chr6_116783619","rs117361304","G",0.0899471,"T","GGTCT",0,0.4,0.4,0.2
"chr5_66897151","rs148149033","T",0.042328,"C","ATCTC",0.2,0.4,0,0.4
"chr8_73996785","rs7006139","A",0.0436508,"G","GGGCC",0,0,0.6,0.4
"chr4_18021770","rs71603397","A",0.107143,"C","ATCGC",0.2,0.2,0.2,0.4
"chr1_190616249","rs568807","C",0.320106,"T","AACTA",0.6,0.2,0,0.2
"chr15_48821350","rs7170686","A",0.109788,"G","ACGCT",0.2,0.2,0.2,0.4
"chr1_227812600","rs3010188","A",0.17328,"G","CGGCA",0.2,0,0.4,0.4
"chr2_142795322","rs736602","G",0.289683,"A","CAATG",0.4,0.2,0.2,0.2
"chr12_3970007","rs7312329","T",0.214286,"C","GCCAA",0.4,0,0.2,0.4
"chr6_147858772","rs192711575","T",0.0198413,"C","GTCCC",0,0.2,0.2,0.6
"chr6_170426027","rs4710879","C",0.37037,"T","ACCGA",0.4,0,0.2,0.4
"chr19_59118044","rs139221927","G",0.338624,"C","CTCGT",0,0.4,0.2,0.4
"chr11_6037524","rs4758365","T",0.312169,"C","TCTTG",0,0.6,0.2,0.2
"chr4_147120448","rs72727952","A",0.255291,"C","TTCTT",0,0.8,0,0.2
"chr16_5943105","rs8062803","A",0.269841,"G","AAGTT",0.4,0.4,0.2,0
"chr14_62230144","rs72714599","G",0.0925926,"A","CTATC",0.2,0.4,0,0.4
"chr2_30481917","rs9558","A",0.171958,"G","CCGCC",0,0,0.2,0.8
"chr15_57859535","rs11636335","C",0.427249,"A","CTAAA",0.6,0.2,0,0.2
"chr17_33759458","rs7220689","G",0.0648148,"C","TGCAC",0.2,0.2,0.2,0.4
"chr4_84147407","rs2868729","G",0.318783,"A","GCAGG",0.2,0,0.6,0.2
"chr2_174956475","rs9636295","G",0.161376,"A","GCACC",0.2,0,0.2,0.6
"chr2_232236627","rs6758989","G",0.215608,"A","GTAGG",0.2,0.2,0.6,0
"chr1_79545911","rs11162616","T",0.337302,"C","CACAT",0.4,0.2,0,0.4
"chr7_32776707","rs12537049","A",0.498677,"G","GCGAC",0.2,0,0.4,0.4
"chr4_22059105","rs114203441","T",0.0621693,"C","CACGG",0.2,0,0.4,0.4
"chr8_16408649","rs28421748","G",0.42328,"T","TTTGA",0.2,0.6,0.2,0
"chr19_1086787","rs1109555","T",0.337302,"C","CCCGC",0,0,0.2,0.8
"chr20_47241358","rs2664570","T",0.175926,"C","CACGG",0.2,0,0.4,0.4
"chr9_3526656","rs10758299","C",0.0661376,"A","GGAGG",0.2,0,0.8,0
"chr3_76540573","rs4856036","A",0.437831,"G","GTAGA",0.4,0.2,0.4,0
"chr17_27802248","rs6505137","T",0.28836,"C","TGTAC",0.2,0.4,0.2,0.2
"chr6_129368850","rs9372917","T",0.026455,"C","AATAA",0.8,0.2,0,0
"chr19_14468551","rs73000915","T",0.0251323,"A","GAACT",0.4,0.2,0.2,0.2
"chr16_70177048","rs11866776","T",0.142857,"C","TGCGC",0,0.2,0.4,0.4
"chr17_39003217","rs757272","A",0.403439,"G","CTATC",0.2,0.4,0,0.4
"chr19_51233758","rs62112533","T",0.231481,"C","CACTT",0.2,0.4,0,0.4
"chr7_100160119","rs73711133","C",0.0687831,"T","CTTAC",0.2,0.4,0,0.4
"chr7_142418236","rs4726568","G",0.435185,"A","CAGGG",0.2,0,0.6,0.2
"chr11_73433352","rs1404977","G",0.292328,"A","GTATA",0.4,0.4,0.2,0
"chr17_26716917","rs4795434","T",0.488095,"G","TGGTG",0,0.4,0.6,0
"chr12_29863640","rs11050402","G",0.334656,"A","ATGTA",0.4,0.4,0.2,0
"chr15_37922898","rs28470181","T",0.32672,"C","AGCGC",0.2,0,0.4,0.4
"chr7_29588121","rs13243463","C",0.279101,"T","ACCAT",0.4,0.2,0,0.4
"chr10_128199974","rs10751557","G",0.140212,"A","GTGTA",0.2,0.4,0.4,0
"chr7_33101787","rs28728209","G",0.289683,"A","GGGGA",0.2,0,0.8,0
"chr14_107158816","rs11161004","T",0.398148,"G","AAGTA",0.6,0.2,0.2,0
"chr4_87959805","rs55816619","A",0.164021,"G","TGGGA",0.2,0.2,0.6,0
"chr3_69332711","rs11720834","C",0.451058,"G","GAGAA",0.6,0,0.4,0
"chr2_240443059","rs62180951","T",0.0886243,"C","GGCGC",0,0,0.6,0.4
"chr9_112613140","rs17794822","T",0.0806878,"C","ATCTT",0.2,0.6,0,0.2
"chr3_71385729","rs6789892","A",0.441799,"C","TTCGA",0.2,0.4,0.2,0.2
"chr12_11224106","rs1839569","G",0.145503,"T","TAGAG",0.4,0.2,0.4,0
"chr10_135242873","rs2245170","G",0.318783,"A","GTGTA",0.2,0.4,0.4,0
"chr18_60980871","rs1462129","T",0.414021,"C","ACTGC",0.2,0.2,0.2,0.4
"chr5_80555327","rs6893467","C",0.190476,"T","GATAG",0.4,0.2,0.4,0
"chr4_77763023","rs10008871","T",0.154762,"C","CTTAA",0.4,0.4,0,0.2
"chr15_43911633","rs66903736","T",0.190476,"C","GGCCT",0,0.2,0.4,0.4
"chr22_49006457","rs59674167","T",0.205026,"C","TTCGG",0,0.4,0.4,0.2
"chr5_40002077","rs2967224","G",0.449735,"A","CCATA",0.4,0.2,0,0.4
"chr4_10403545","rs11943276","C",0.199735,"T","CATTG",0.2,0.4,0.2,0.2
"chr18_19276340","rs2186896","G",0.371693,"A","CTAAC",0.4,0.2,0,0.4
"chrX_58107007","rs142843917","G",0.0552677,"C","GACAG",0.4,0,0.4,0.2
"chr1_23885498","rs11574","T",0.25,"C","AGTGA",0.4,0.2,0.4,0
"chr12_14913936","rs12372518","A",0.12037,"G","CAGCC",0.2,0,0.2,0.6
"chr19_23591623","rs8110760","T",0.112434,"A","AATAT",0.6,0.4,0,0
"chr19_57865082","rs862703","T",0.279101,"C","CTTAT",0.2,0.6,0,0.2
"chr3_54257154","rs62252197","C",0.0357143,"T","ACTAG",0.4,0.2,0.2,0.2
"chr12_10641750","rs75781224","A",0.0171958,"G","ATGAG",0.4,0.2,0.4,0
"chr1_183076993","rs10911247","A",0.427249,"G","GCAGG",0.2,0,0.6,0.2
"chr17_30476781","rs73284184","G",0.0793651,"T","TATAG",0.4,0.4,0.2,0
"chr7_82791402","rs4341113","A",0.351852,"C","CTACA",0.4,0.2,0,0.4
"chr4_128228590","rs1443062","T",0.345238,"C","TATGT",0.2,0.6,0.2,0
"chr17_52925502","rs4794538","C",0.177249,"T","CTTTT",0,0.8,0,0.2
"chr7_31556519","rs7780325","G",0.496032,"A","CCAGA",0.4,0,0.2,0.4
"chr15_23074550","rs71400452","A",0.171958,"G","ATGCC",0.2,0.2,0.2,0.4
"chr7_133607914","rs10251286","C",0.124339,"G","TCGCC",0,0.2,0.2,0.6
"chr8_105594436","rs10505062","T",0.0820106,"C","CACTC",0.2,0.2,0,0.6
"chr8_764228","rs10089553","C",0.26455,"G","TTGGT",0,0.6,0.4,0
"chr2_54937569","rs6751751","T",0.280423,"C","CACGC",0.2,0,0.2,0.6
"chr8_131044180","rs62524619","T",0.107143,"C","GACGG",0.2,0,0.6,0.2
"chr17_58172986","rs73997118","G",0.0410053,"A","CCATT",0.2,0.4,0,0.4
"chr10_31786072","rs182282421","C",0.0383598,"A","TAATA",0.6,0.4,0,0
"chr13_101208741","rs1097595","A",0.465608,"G","AAATG",0.6,0.2,0.2,0
"chr1_161026490","rs12130871","G",0.320106,"A","GCATA",0.4,0.2,0.2,0.2
"chr12_6582699","rs2532486","T",0.322751,"A","GCTAT",0.2,0.4,0.2,0.2
"chr14_22674196","rs2103418","A",0.0357143,"G","AAGAT",0.6,0.2,0.2,0
"chr20_679387","rs6038404","G",0.178571,"T","GATGA",0.4,0.2,0.4,0
"chr8_87570665","rs1062850","A",0.373016,"C","TTATG",0.2,0.6,0.2,0
"chr15_71963783","rs8026887","G",0.260582,"C","CACTC",0.2,0.2,0,0.6
"chr9_130630749","rs8192462","G",0.0449735,"C","CTCAG",0.2,0.2,0.2,0.4
"chr4_12050985","rs7672776","A",0.115079,"G","GCGAG",0.2,0,0.6,0.2
"chr17_79418599","rs28576195","T",0.37963,"C","GGCTG",0,0.2,0.6,0.2
"chr20_10548185","rs687963","T",0.338624,"C","TCTCA",0.2,0.4,0,0.4
"chr4_165310133","rs7685628","A",0.390212,"T","GATTG",0.2,0.4,0.4,0
"chr8_108547320","rs172189","C",0.334656,"T","TATTG",0.2,0.6,0.2,0
"chr11_98336517","rs11215527","C",0.17328,"A","TAACA",0.6,0.2,0,0.2
"chr9_4091648","rs806044","G",0.31746,"T","ACGTA",0.4,0.2,0.2,0.2
"chr1_3503354","rs10909977","C",0.248677,"T","CACAG",0.4,0,0.2,0.4
"chr3_195955272","rs12491227","A",0.427249,"G","ACGGC",0.2,0,0.4,0.4
"chrX_100664289","rs3027579","G",0.0673575,"T","CGTTT",0,0.6,0.2,0.2
"chr11_21264748","rs35696005","A",0.0978836,"T","TTTAG",0.2,0.6,0.2,0
"chr11_120088728","rs2465653","T",0.0846561,"C","CTCAG",0.2,0.2,0.2,0.4
"chr16_9260623","rs34825790","G",0.436508,"T","CTGTA",0.2,0.4,0.2,0.2
"chr4_178300410","rs62345467","G",0.246032,"T","ATTAA",0.6,0.4,0,0
"chr1_45964238","rs7543076","T",0.310847,"C","CCTTT",0,0.6,0,0.4
"chr6_168809806","rs2609301","A",0.272487,"G","AAGGA",0.6,0,0.4,0
"chr9_80717576","rs10512069","T",0.443122,"C","CTCGT",0,0.4,0.2,0.4
"chr10_23606333","rs55695841","T",0.214286,"C","AGCTG",0.2,0.2,0.4,0.2
"chr17_27897585","rs8081275","T",0.298942,"C","TATCA",0.4,0.4,0,0.2
"chr22_35886880","rs4821399","A",0.141534,"G","CCGAG",0.2,0,0.4,0.4
"chr1_33715982","rs114384644","G",0.0026455,"A","ATATA",0.6,0.4,0,0
"chr3_186568043","rs13066093","T",0.269841,"A","AGTGT",0.2,0.4,0.4,0
"chr10_116048058","rs1889447","G",0.391534,"A","ACGCT",0.2,0.2,0.2,0.4
"chr11_40758044","rs61887982","A",0.497354,"G","GCAGT",0.2,0.2,0.4,0.2
"chr7_88641110","rs6973409","C",0.21164,"G","GACTG",0.2,0.2,0.4,0.2
"chr10_134007008","rs7915723","C",0.488095,"A","CACGT",0.2,0.2,0.2,0.4
"chr2_114149166","rs13023224","G",0.436508,"A","GCGCG",0,0,0.6,0.4
"chr11_124960953","rs12146642","C",0.12963,"T","AATGG",0.4,0.2,0.4,0
"chr15_49063429","rs10519189","G",0.108466,"T","TGTGT",0,0.6,0.4,0
"chr12_64213103","rs4497499","C",0.17328,"T","ACTAA",0.6,0.2,0,0.2
"chr22_31279536","rs5753369","A",0.477513,"G","CCAAG",0.4,0,0.2,0.4
"chr3_185210634","rs61016957","T",0.489418,"C","AGCCT",0.2,0.2,0.2,0.4
"chr13_103542220","rs9554903","T",0.260582,"C","CACAC",0.4,0,0,0.6
"chr8_110430074","rs13264951","T",0.496032,"C","CCTGG",0,0.2,0.4,0.4
"chr7_32972245","rs17469596","G",0.187831,"A","GAACA",0.6,0,0.2,0.2
"chr5_152909684","rs487362","G",0.334656,"A","CCATT",0.2,0.4,0,0.4
"chr1_38148765",".","A",0.240741,"G","GTACC",0.2,0.2,0.2,0.4
"chr10_126443404","rs10901817","A",0.456349,"T","CAACT",0.4,0.2,0,0.4
"chr6_112384854","rs1230343","C",0.232804,"T","CATTG",0.2,0.4,0.2,0.2
"chr1_21802122",".","T",0.236772,"C","TTTGT",0,0.8,0.2,0
"chr7_66077355","rs28817617","A",0.279101,"G","TTAGC",0.2,0.4,0.2,0.2
"chr19_460274","rs144772863","G",0.150794,"C","CACCT",0.2,0.2,0,0.6
"chr14_24768534","rs12892419","T",0.494709,"G","GAGAG",0.4,0,0.6,0
"chr5_136495553","rs11742825","A",0.222222,"G","TTGAA",0.4,0.4,0.2,0
"chr3_173166657","rs142010732","T",0.48545,"G","ATTCT",0.2,0.6,0,0.2
"chr3_182961805","rs6797576","A",0.257937,"G","TCGGG",0,0.2,0.6,0.2
"chr2_56458345","rs4672099","C",0.257937,"T","TATTA",0.4,0.6,0,0
"chr10_129892160","rs11016068","T",0.384921,"C","AACCT",0.4,0.2,0,0.4
"chr10_1900497","rs11250835","T",0.0820106,"C","CCCGG",0,0,0.4,0.6
"chr3_37165542","rs1500794","A",0.464286,"G","CAAAG",0.6,0,0.2,0.2
"chr6_48880753","rs6906787","A",0.0992063,"G","GCGGA",0.2,0,0.6,0.2
"chr11_42718998","rs7120280","A",0.19709,"T","TTAAA",0.6,0.4,0,0
"chr19_57182917","rs1861221","T",0.142857,"C","ACCTG",0.2,0.2,0.2,0.4
"chr2_74738322","rs1859735","G",0.152116,"A","CTAGG",0.2,0.2,0.4,0.2
"chr7_51290597","rs801143","T",0.0489418,"C","TCCCC",0,0.2,0,0.8
"chr2_222952321","rs349003","G",0.458995,"A","GGGTA",0.2,0.2,0.6,0
"chr2_38982811","rs189727936","G",0.145503,"A","ACAGC",0.4,0,0.2,0.4
"chr9_106171871","rs75046252","G",0.0846561,"A","GGAGT",0.2,0.2,0.6,0
"chr5_84438684","rs4920822","A",0.493386,"G","TGGGA",0.2,0.2,0.6,0
"chr17_59802506","rs6504066","G",0.346561,"A","GTGTA",0.2,0.4,0.4,0
"chr17_74677156","rs11869629","C",0.201058,"T","GCCGG",0,0,0.6,0.4
"chr1_161912723","rs12048680","A",0.0859788,"G","CTGCA",0.2,0.2,0.2,0.4
"chr14_31693665","rs8015647","A",0.390212,"T","AATTT",0.4,0.6,0,0
"chr1_1992977","rs17777295","T",0.257937,"G","ACGTG",0.2,0.2,0.4,0.2
"chr7_150926578","rs2792431","T",0.310847,"C","CCTAC",0.2,0.2,0,0.6
"chr9_136298729","rs739469","C",0.415344,"G","CTGTC",0,0.4,0.2,0.4
"chr6_25048044","rs13196712","T",0.232804,"C","ATCAA",0.6,0.2,0,0.2
"chr22_22922750","rs12158077","T",0.128307,"A","GCAGC",0.2,0,0.4,0.4
"chr4_26040194","rs60451247","A",0.444444,"G","CCGCC",0,0,0.2,0.8
"chr8_8821318","rs6981573","C",0.351852,"T","TATTT",0.2,0.8,0,0
"chr15_94226418","rs4277299","T",0.395503,"C","CTCCT",0,0.4,0,0.6
"chr1_23701583","rs4649024","T",0.0608466,"C","TACAA",0.6,0.2,0,0.2
"chr4_106412529","rs757176","A",0.119048,"C","TCACC",0.2,0.2,0,0.6
"chr3_120819561","rs77009327","G",0.111111,"A","TAAAG",0.6,0.2,0.2,0
"chr6_168199997","rs3757360","G",0.259259,"A","GCAGC",0.2,0,0.4,0.4
"chr4_157482248","rs28634741","A",0.329365,"G","TTAAC",0.4,0.4,0,0.2
"chr1_75171109","rs3819945","T",0.437831,"A","GTAAC",0.4,0.2,0.2,0.2
"chr8_79250980","rs35902955","T",0.0925926,"C","AGCGA",0.4,0,0.4,0.2
"chr2_87120217","rs34403537","T",0.310847,"C","GACGG",0.2,0,0.6,0.2
"chrX_122346760","rs4825839","A",0.264249,"G","CAGGG",0.2,0,0.6,0.2
"chr17_46948709","rs9905428","G",0.268519,"C","ACCTC",0.2,0.2,0,0.6
"chr2_122809849","rs4848168","A",0.283069,"G","AAGAT",0.6,0.2,0.2,0
"chr8_120436486","rs14324","T",0.17328,"C","TCCGC",0,0.2,0.2,0.6
"chr8_8725168","rs184231523","C",0.015873,"T","CATGC",0.2,0.2,0.2,0.4
"chr19_7571489","rs589710","T",0.383598,"C","CCCGG",0,0,0.4,0.6
"chr15_42136977",".","A",0.369048,"C","CCCGG",0,0,0.4,0.6
"chr10_38456047","rs2505244","A",0.469577,"G","TGATG",0.2,0.4,0.4,0
"chr16_3338343","rs188761","C",0.260582,"G","CAGAT",0.4,0.2,0.2,0.2
"chr5_113212970","rs11738369","G",0.194444,"A","GCATG",0.2,0.2,0.4,0.2
"chr3_4403537","rs4685744","C",0.477513,"T","GACGC",0.2,0,0.4,0.4
"chr20_12463411","rs6041381","C",0.277778,"G","TTGTT",0,0.8,0.2,0
"chr3_75582606","rs184194727","C",0.157407,"T","TGTAA",0.4,0.4,0.2,0
"chr10_1282828","rs3793735","C",0.363757,"T","AATAT",0.6,0.4,0,0
"chr4_177003923","rs72706339","G",0.0859788,"T","GATTC",0.2,0.4,0.2,0.2
"chr8_11740999","rs28592224","C",0.332011,"T","TCTTC",0,0.6,0,0.4
"chr2_108009140","rs111884900","A",0.12037,"G","GCGGG",0,0,0.8,0.2
"chr8_38045549","rs10101301","T",0.26455,"C","TCCGT",0,0.4,0.2,0.4
"chr2_189527194","rs1507562","C",0.0873016,"T","CACAT",0.4,0.2,0,0.4
"chr1_89417918","rs11579178","T",0.353175,"C","ATCGT",0.2,0.4,0.2,0.2
"chr12_50354437","rs3759129","C",0.169312,"A","AAAAG",0.8,0,0.2,0
"chr15_50954318","rs2899460","A",0.451058,"G","CCAAG",0.4,0,0.2,0.4
"chr12_90255909","rs2722215","A",0.185185,"G","ACAAA",0.8,0,0,0.2
"chr2_175048140","rs77104864","T",0.104497,"G","CAGGT",0.2,0.2,0.4,0.2
"chr8_8311321","rs2976868","C",0.386243,"A","ATAAA",0.8,0.2,0,0
"chr2_216787896","rs140317393","A",0.443122,"G","CAAGG",0.4,0,0.4,0.2
"chr10_81285493","rs74775945","T",0.216931,"G","AAGGT",0.4,0.2,0.4,0
"chr11_86199583","rs653715","T",0.298942,"C","TTCAG",0.2,0.4,0.2,0.2
"chr10_5254804","rs11253045","T",0.234127,"G","TTGCA",0.2,0.4,0.2,0.2
"chr3_196668359","rs548853","T",0.402116,"C","CCCTC",0,0.2,0,0.8
"chr4_72048","rs6839041","G",0.269841,"T","TTTGT",0,0.8,0.2,0
"chr12_70562685","rs111396273","A",0.174603,"G","ACGAG",0.4,0,0.4,0.2
"chr18_43669143","rs111975757","T",0.0555556,"C","AGCGC",0.2,0,0.4,0.4
"chr1_1587315","rs4648762","A",0.0396825,"G","GCAAC",0.4,0,0.2,0.4
"chr15_39342995","rs113090061","A",0.0291005,"G","ACGGC",0.2,0,0.4,0.4
"chr2_26476729","rs36129163","A",0.17328,"T","AATAA",0.8,0.2,0,0
"chr17_5171514","rs35476869","A",0.026455,"G","CAGAA",0.6,0,0.2,0.2
"chr16_231550","rs3888374","G",0.00132275,"A","TGACT",0.2,0.4,0.2,0.2
"chr2_95999856","rs2113417","G",0.253968,"A","GTGAC",0.2,0.2,0.4,0.2
"chr4_1689377","rs811316","T",0.199735,"C","TCTAT",0.2,0.6,0,0.2
"chr4_121807690","rs2667195","G",0.119048,"A","CTATA",0.4,0.4,0,0.2
"chr11_131896370","rs1784808","A",0.474868,"C","CCCAG",0.2,0,0.2,0.6
"chr12_82323499","rs12319241","T",0.415344,"A","ACATG",0.4,0.2,0.2,0.2
"chr1_48810742","rs76173078","C",0.0859788,"T","CATTC",0.2,0.4,0,0.4
"chr5_33999079","rs10941110","G",0.489418,"A","TGGTA",0.2,0.4,0.4,0
"chr18_64337335","rs17813130","C",0.275132,"T","ATTCT",0.2,0.6,0,0.2
"chr20_60302268","rs111067182","T",0.0224868,"C","ACCGG",0.2,0,0.4,0.4
"chr12_80769791","rs994501","A",0.171958,"G","TTAAA",0.6,0.4,0,0
"chr17_4458598","rs3809849","C",0.220899,"G","CTGGG",0,0.2,0.6,0.2
"chr20_47995895","rs189922738","G",0.0224868,"T","TTTTT",0,1,0,0
"chr10_36135888","rs1977423","C",0.177249,"T","TTTTG",0,0.8,0.2,0
"chr19_4107971","rs350903","T",0.466931,"C","CCCGG",0,0,0.4,0.6
"chr7_137945040",".","C",0.395503,"G","CCCAG",0.2,0,0.2,0.6
"chr19_6737239","rs340135","C",0.324074,"T","CCTCG",0,0.2,0.2,0.6
"chr10_15139081","rs3814173","A",0.047619,"C","TACAT",0.4,0.4,0,0.2
"chr10_32863587","rs2990962","A",0.15873,"G","GCGTT",0,0.4,0.4,0.2
"chr20_16993165","rs8114342","T",0.247354,"G","ACGTC",0.2,0.2,0.2,0.4
"chr1_242721326","rs10082149","T",0.31746,"C","CGCTC",0,0.2,0.2,0.6
"chrX_140677868","rs201893307","G",0.195164,"A","CCACT",0.2,0.2,0,0.6
"chr19_47798811","rs57496297","T",0.260582,"C","TACCT",0.2,0.4,0,0.4
"chr7_75101065","rs17207196","T",0.443122,"C","AACGC",0.4,0,0.2,0.4
"chr7_44145024","rs2595704","G",0.46164,"A","GGAAA",0.6,0,0.4,0
"chr17_180923","rs11871632","T",0.411376,"G","ACGTG",0.2,0.2,0.4,0.2
"chr1_43920686","rs2782651","C",0.371693,"G","GTCTC",0,0.4,0.2,0.4
"chr19_9042311","rs74180143","G",0.27381,"A","CCAGC",0.2,0,0.2,0.6
"chr2_226572001","rs17411301","A",0.169312,"T","AATCT",0.4,0.4,0,0.2
"chr13_89200315","rs7333223","G",0.346561,"A","TAAAA",0.8,0.2,0,0
"chr14_20618803","rs34368360","G",0.156085,"T","TATGC",0.2,0.4,0.2,0.2
"chr7_99732390","rs183253503","T",0.0648148,"C","CCCGG",0,0,0.4,0.6
"chr14_53632171","rs4901357","A",0.305556,"G","TAGCA",0.4,0.2,0.2,0.2
"chr6_19790571","rs17483277","A",0.320106,"G","GGGAA",0.4,0,0.6,0
"chr7_68264870","rs4718815","T",0.34127,"C","CTCTA",0.2,0.4,0,0.4
"chrX_152426289",".","C",0.0397237,"T","GACGT",0.2,0.2,0.4,0.2
"chr8_133773786","rs2739029","T",0.287037,"C","CCCTG",0,0.2,0.2,0.6
"chr5_21376314","rs56398764","G",0.338624,"A","GAAGA",0.6,0,0.4,0
"chr19_44367338","rs8104290","A",0.489418,"G","TTATC",0.2,0.6,0,0.2
"chr9_128013658","rs28533069","T",0.488095,"C","TACCT",0.2,0.4,0,0.4
"chr7_23502974","rs12534093","A",0.231481,"T","TTTCA",0.2,0.6,0,0.2
"chr4_124382372","rs6534403","C",0.314815,"T","AGCAG",0.4,0,0.4,0.2
"chr14_103880750","rs28626081","G",0.354497,"C","GTCAG",0.2,0.2,0.4,0.2
"chr19_49251755","rs838143","A",0.0939153,"G","GTGAG",0.2,0.2,0.6,0
"chr1_92904381","rs6603971","C",0.469577,"T","ATTCC",0.2,0.4,0,0.4
"chr2_65113896","rs2058906","G",0.287037,"A","GAAAT",0.6,0.2,0.2,0
"chr5_151039702","rs2033468","T",0.47619,"A","AGATT",0.4,0.4,0.2,0
"chr14_103026423","rs4906225","C",0.259259,"T","GCCGT",0,0.2,0.4,0.4
"chr1_10346211","rs4845933","A",0.304233,"C","TGCCT",0,0.4,0.2,0.4
"chr17_27019122","rs180913422","G",0.0714286,"A","TCATG",0.2,0.4,0.2,0.2
"chr6_13837044","rs1204170","A",0.464286,"G","TAACT",0.4,0.4,0,0.2
"chr1_171420644","rs6658622","C",0.291005,"G","AGGGT",0.2,0.2,0.6,0
"chr10_46091616","rs12098366","A",0.0634921,"G","CAGTA",0.4,0.2,0.2,0.2
"chr5_127350549","rs3749748","T",0.208995,"C","ACCCT",0.2,0.2,0,0.6
"chr10_18254060","rs11011748","T",0.287037,"C","CCCGG",0,0,0.4,0.6
"chr3_49761605","rs3811696","C",0.462963,"T","GGCCT",0,0.2,0.4,0.4
"chr21_44731535","rs528674","G",0.256614,"T","TGGTG",0,0.4,0.6,0
"chr2_101735838","rs2309996","T",0.371693,"G","CTTCT",0,0.6,0,0.4
"chr10_38394586","rs2504121","T",0.497354,"G","CCGCT",0,0.2,0.2,0.6
"chr7_5843808","rs113827118","G",0.153439,"C","GACGA",0.4,0,0.4,0.2
"chr6_166043862","rs3008034","C",0.306878,"T","TATAG",0.4,0.4,0.2,0
"chr19_18453629","rs66732430","A",0.292328,"G","GGGCC",0,0,0.6,0.4
"chr13_21099828","rs9315667","C",0.190476,"A","CGAGG",0.2,0,0.6,0.2
"chr2_180476998","rs1606814","G",0.35582,"A","TTAAT",0.4,0.6,0,0
"chr13_36149813","rs79441562","A",0.101852,"C","ATCAC",0.4,0.2,0,0.4
"chr12_17274672","rs4763456","T",0.202381,"C","GATAA",0.6,0.2,0.2,0
"chr8_66549740","rs5018458","G",0.37037,"C","CAGCA",0.4,0,0.2,0.4
"chr8_20480894","rs963374","G",0.0489418,"A","AAAAA",1,0,0,0
"chr3_157066174","rs141031637","T",0.047619,"C","CTCTT",0,0.6,0,0.4
"chr19_9482310","rs10416984","G",0.455026,"C","CTGCT",0,0.4,0.2,0.4
"chr1_109631056","rs4970818","T",0.0793651,"C","GACGT",0.2,0.2,0.4,0.2
"chr14_23835177","rs2231795","C",0.26455,"T","CCTCT",0,0.4,0,0.6
"chr3_22656833","rs987296","T",0.391534,"A","ACTGT",0.2,0.4,0.2,0.2
"chr8_78210952","rs4472487","C",0.320106,"T","AGTAA",0.6,0.2,0.2,0
"chr8_136038814","rs13261189","A",0.419312,"G","CCATC",0.2,0.2,0,0.6
"chr1_1860745","rs28685049","T",0.239418,"C","GTCCC",0,0.2,0.2,0.6
"chr9_73043387","rs12685933","C",0.400794,"G","CTGGG",0,0.2,0.6,0.2
"chr8_6766246","rs2981404","T",0.369048,"C","GCCCC",0,0,0.2,0.8
"chr1_11015637","rs10864485","C",0.292328,"T","CATGC",0.2,0.2,0.2,0.4
"chr2_202093395","rs12693932","T",0.488095,"C","TATCA",0.4,0.4,0,0.2
"chr8_98473219","rs16895803","C",0.0171958,"T","AATTG",0.4,0.4,0.2,0
"chr2_64479841","rs1963382","C",0.320106,"G","CTGCC",0,0.2,0.2,0.6
"chr3_49661634","rs62262673","T",0.161376,"C","ACCCA",0.4,0,0,0.6
"chr11_8941260","rs4910158","C",0.412698,"T","ACTGC",0.2,0.2,0.2,0.4
"chr10_81685062","rs2256573","A",0.490741,"G","AGACT",0.4,0.2,0.2,0.2
"chr9_115067597","rs7851420","A",0.201058,"C","TAAGG",0.4,0.2,0.4,0
"chr4_104531315","rs1813782","G",0.298942,"A","GTGGT",0,0.4,0.6,0
"chr13_108329137","rs4772903","C",0.477513,"T","AATAG",0.6,0.2,0.2,0
"chr12_76837328","rs34609605","A",0.428571,"T","TCTCC",0,0.4,0,0.6
"chr11_69449076","rs667515","C",0.367725,"G","GGGGC",0,0,0.8,0.2
"chr8_122364718","rs55853891","C",0.301587,"A","AGACC",0.4,0,0.2,0.4
"chr11_67144371","rs116909378","A",0.0357143,"T","AATTT",0.4,0.6,0,0
"chr11_5617987","rs12272467","G",0.489418,"A","TCGTG",0,0.4,0.4,0.2
"chr3_101190939","rs55889649","A",0.412698,"G","GCGAA",0.4,0,0.4,0.2
"chr3_71784321","rs73090632","G",0.108466,"A","GGAGA",0.4,0,0.6,0
"chr20_61586179","rs11086147","G",0.410053,"T","CCTGG",0,0.2,0.4,0.4
"chr3_112696331","rs10934211","G",0.268519,"A","GCGGC",0,0,0.6,0.4
"chr17_55702457","rs62058127","A",0.047619,"G","ATGAG",0.4,0.2,0.4,0
"chrX_16307850","rs1228984","T",0.480138,"C","CATGG",0.2,0.2,0.4,0.2
"chr13_72492734","rs1460451","T",0.448413,"C","CATTG",0.2,0.4,0.2,0.2
"chrX_115357218","rs5905352","G",0.19171,"A","CAATG",0.4,0.2,0.2,0.2
"chr1_17004807","rs74057484","A",0.0502646,"G","AGGCG",0.2,0,0.6,0.2
"chr16_74506765","rs8059869","G",0.332011,"C","AAGAG",0.6,0,0.4,0
"chr2_231907054","rs62193694","T",0.21164,"C","TACGT",0.2,0.4,0.2,0.2
"chr1_1516270","rs9442407","T",0.243386,"C","TACGT",0.2,0.4,0.2,0.2
"chrX_129367437","rs5975177","A",0.412781,"G","ACGAA",0.6,0,0.2,0.2
"chr5_152367546","rs1438935","T",0.157407,"G","AGGTC",0.2,0.2,0.4,0.2
"chr12_109644357","rs12818314","A",0.351852,"G","CCGTT",0,0.4,0.2,0.4
"chr14_92510042","rs12589064","A",0.231481,"G","GGGTG",0,0.2,0.8,0
"chr19_20351786","rs72998689","G",0.160053,"A","TGATG",0.2,0.4,0.4,0
"chr12_56326187","rs182763084","C",0.021164,"A","GGAGG",0.2,0,0.8,0
"chr9_8802149","rs1434269","C",0.308201,"A","CCCCC",0,0,0,1
"chr19_5320156","rs79491038","T",0.026455,"C","GCCGG",0,0,0.6,0.4
"chr20_30233570","rs6120976","T",0.0965608,"C","CACGC",0.2,0,0.2,0.6
"chr11_74985707","rs2510655","A",0.0992063,"G","GGACG",0.2,0,0.6,0.2
"chr5_41024396","rs141477040","G",0.0529101,"C","CTCAC",0.2,0.2,0,0.6
"chr17_63038583","rs117259190","A",0.0674603,"G","ACGGT",0.2,0.2,0.4,0.2
"chr4_8028397","rs34916998","T",0.334656,"C","TGCAC",0.2,0.2,0.2,0.4
"chr13_87427762","rs9523333","A",0.404762,"G","ACATT",0.4,0.4,0,0.2
"chrX_29704644","rs4829267","G",0.450777,"C","CCCCC",0,0,0,1
"chr9_8740451","rs10465033","G",0.469577,"C","GAGGG",0.2,0,0.8,0
"chr1_236245798","rs2734817","C",0.439153,"T","GCTGG",0,0.2,0.6,0.2
"chr22_42082329","rs62236556","A",0.396825,"G","GAGAC",0.4,0,0.4,0.2
"chr4_66476129","rs4292376","C",0.417989,"T","TCCGG",0,0.2,0.4,0.4
"chr9_136142185","rs8176672","T",0.0820106,"C","ACCCT",0.2,0.2,0,0.6
"chr3_192709305","rs1697323","A",0.367725,"G","GCAGC",0.2,0,0.4,0.4
"chr11_8859384","rs2568025","G",0.321429,"A","AAGGA",0.6,0,0.4,0
"chr4_7864406","rs6838073","C",0.436508,"G","TGGCC",0,0.2,0.4,0.4
"chr2_228086920","rs11884770","T",0.280423,"C","CATAC",0.4,0.2,0,0.4
"chr6_116839574","rs2753106","C",0.0277778,"T","TTTGT",0,0.8,0.2,0
"chr5_179171378","rs55815501","A",0.0238095,"G","TGGGG",0,0.2,0.8,0
"chr16_17982396","rs13331360","T",0.0357143,"G","CAGGC",0.2,0,0.4,0.4
"chr18_58129651","rs4940940","A",0.194444,"G","CCGTA",0.2,0.2,0.2,0.4
"chr10_27502991","rs1775348","A",0.247354,"G","AGGCA",0.4,0,0.4,0.2
"chr12_96419941","rs763875","A",0.112434,"G","AAGAC",0.6,0,0.2,0.2
"chr1_19402242","rs78695089","A",0.101852,"C","CACTG",0.2,0.2,0.2,0.4
"chr11_134194937","rs513412","G",0.335979,"A","ATGTA",0.4,0.4,0.2,0
"chr6_31249478","rs9264765","G",0.411376,"A","CTAAG",0.4,0.2,0.2,0.2
"chr2_242027525","rs1804998","G",0.162698,"A","CCATC",0.2,0.2,0,0.6
"chr13_35123273","rs9564434","A",0.169312,"T","TGTTC",0,0.6,0.2,0.2
"chr20_35892150","rs117667191","A",0.0634921,"G","GAGGT",0.2,0.2,0.6,0
"chr4_10087995","rs3756227","A",0.238095,"C","CCCTC",0,0.2,0,0.8
"chr11_1035551","rs12798713","T",0.0833333,"C","CCCGG",0,0,0.4,0.6
"chr1_1207215","rs12068885","G",0.031746,"A","GCATG",0.2,0.2,0.4,0.2
"chr12_605887","rs11063275","C",0.198413,"T","CATGC",0.2,0.2,0.2,0.4
"chr5_119811903","rs17146666","A",0.150794,"G","CTGTT",0,0.6,0.2,0.2
"chr1_45297753",".","G",0.149471,"A","GAAGG",0.4,0,0.6,0
"chr3_16414815","rs561318","C",0.490741,"T","TGCCT",0,0.4,0.2,0.4
"chr15_22695957","rs112956298","A",0.116402,"G","AAAAA",1,0,0,0
"chr19_13071082","rs2965216","G",0.496032,"A","CCGCA",0.2,0,0.2,0.6
"chr4_159400695","rs72693314","A",0.170635,"G","CCGTC",0,0.2,0.2,0.6
"chr16_1477836","rs11649282","A",0.121693,"G","CTAGG",0.2,0.2,0.4,0.2
"chr3_32211240","rs7611610","G",0.40873,"A","CCATC",0.2,0.2,0,0.6
"chr16_2713402","rs12925045","C",0.384921,"T","GTTCT",0,0.6,0.2,0.2
"chr11_72881636","rs1632118","T",0.358466,"C","GACGT",0.2,0.2,0.4,0.2
"chr16_86557064","rs12926379","A",0.395503,"G","CAAAA",0.8,0,0,0.2
"chr16_1131175","rs197055","A",0.165344,"C","CACCT",0.2,0.2,0,0.6
"chr19_4525895","rs193224535","T",0.0767196,"C","CACGG",0.2,0,0.4,0.4
"chr8_120812219","rs13328369","A",0.0145503,"G","TCGCC",0,0.2,0.2,0.6
"chr12_53770941","rs10876447","A",0.138889,"G","TGGTT",0,0.6,0.4,0
"chr20_62343956","rs2315008","T",0.300265,"G","ATTAA",0.6,0.4,0,0
"chr9_140108857","rs73563696","C",0.141534,"T","TCTGG",0,0.4,0.4,0.2
"chr6_31914935","rs1048709","A",0.162698,"G","CGATG",0.2,0.2,0.4,0.2
"chr12_132923341","rs28421429","C",0.399471,"T","CGTGT",0,0.4,0.4,0.2
"chr11_86064280","rs11826971","C",0.101852,"T","ATTAA",0.6,0.4,0,0
"chr7_150158450","rs1608627","C",0.35582,"G","TAGCT",0.2,0.4,0.2,0.2
"chr17_38955173","rs7222207","A",0.239418,"G","TAGCC",0.2,0.2,0.2,0.4
"chr4_2512016","rs1203849","C",0.164021,"G","GTGTC",0,0.4,0.4,0.2
"chr1_93161510","rs914065","T",0.116402,"C","GATGG",0.2,0.2,0.6,0
"chr11_76364172","rs76196299","A",0.0224868,"G","ACGTG",0.2,0.2,0.4,0.2
"chr8_21976872","rs12677278","A",0.440476,"G","CTGGC",0,0.2,0.4,0.4
"chr12_24323633","rs79522497","A",0.0304233,"G","GCGCA",0.2,0,0.4,0.4
"chr5_81001981","rs403795","T",0.497354,"C","AACGA",0.6,0,0.2,0.2
"chr11_76103013","rs114480026","C",0.23545,"A","AAAAA",1,0,0,0
"chr8_61407808","rs10957139","G",0.156085,"A","GGAAA",0.6,0,0.4,0
"chr1_3797125","rs35259658","T",0.145503,"G","CTGGG",0,0.2,0.6,0.2
"chr7_85558996","rs2726001","A",0.391534,"G","CTGTG",0,0.4,0.4,0.2
"chr2_4806129","rs10180056","T",0.0648148,"C","ACCAC",0.4,0,0,0.6
"chr6_144087309","rs12661297","A",0.338624,"T","TCACC",0.2,0.2,0,0.6
"chr10_26994650","rs2448107","A",0.391534,"G","CCACC",0.2,0,0,0.8
"chr17_73123081","rs11652717","T",0.310847,"C","CCCGG",0,0,0.4,0.6
"chr22_42342765","rs3752592","T",0.117725,"G","GCGGG",0,0,0.8,0.2
"chr5_22421856","rs13185232","A",0.280423,"C","TCCTT",0,0.6,0,0.4
"chr19_51686705","rs11667023","T",0.283069,"G","TTGGT",0,0.6,0.4,0
"chr17_27816465","rs499642","A",0.458995,"G","CCGAG",0.2,0,0.4,0.4
"chr7_25193360","rs62451621","C",0.021164,"T","TATCA",0.4,0.4,0,0.2
"chr3_122982226","rs6796833","G",0.22619,"A","ATAGT",0.4,0.4,0.2,0
"chr18_71653851","rs4892168","A",0.400794,"G","ACGGG",0.2,0,0.6,0.2
"chr2_190536283","rs893784","A",0.251323,"G","ACATA",0.6,0.2,0,0.2
"chr12_51641972","rs73109022","C",0.329365,"G","GAGGG",0.2,0,0.8,0
"chr2_681475","rs35640204","C",0.280423,"T","GTTCT",0,0.6,0.2,0.2
"chr7_72705077","rs62465071","C",0.460317,"A","CTCCT",0,0.4,0,0.6
"chr6_170395474","rs28506963","C",0.111111,"T","GATCT",0.2,0.4,0.2,0.2
"chr2_3106689","rs11127438","C",0.436508,"A","GGCTG",0,0.2,0.6,0.2
"chr3_45962752","rs7652331","T",0.322751,"C","CATGA",0.4,0.2,0.2,0.2
"chr14_72555372","rs1029640","A",0.419312,"G","TCAAT",0.4,0.4,0,0.2
"chr4_112339781","rs12500591","A",0.0330688,"G","ACGTA",0.4,0.2,0.2,0.2
"chr4_39807295","rs73145297","T",0.0978836,"A","TGAGT",0.2,0.4,0.4,0
"chr9_4279312","rs58160383","T",0.0224868,"A","AAAAA",1,0,0,0
"chr20_12374636","rs12479620","G",0.146825,"C","TTCAA",0.4,0.4,0,0.2
"chr5_54528590","rs231622","A",0.335979,"G","ACGTT",0.2,0.4,0.2,0.2
"chr1_160926183","rs7527651","G",0.223545,"A","GCGGT",0,0.2,0.6,0.2
"chr4_121187674","rs2662705","A",0.0648148,"G","ATATT",0.4,0.6,0,0
"chr11_133909733","rs2276073","A",0.152116,"G","TCGGT",0,0.4,0.4,0.2
"chr15_78044631","rs12442435","T",0.210317,"G","AGGAG",0.4,0,0.6,0
"chr3_98128159","rs12634552","A",0.026455,"T","CATAG",0.4,0.2,0.2,0.2
"chr3_11714521","rs7627256","C",0.453704,"A","AGCCC",0.2,0,0.2,0.6
"chr7_149028791","rs736548","C",0.283069,"T","CACTT",0.2,0.4,0,0.4
"chr21_15259358","rs34276852","A",0.345238,"G","AGGCT",0.2,0.2,0.4,0.2
"chr3_53283952","rs62256003","T",0.257937,"A","CCACA",0.4,0,0,0.6
"chr1_234847814",".","T",0.474868,"G","CCTGA",0.2,0.2,0.2,0.4
"chr8_2356422","rs6992253","G",0.167989,"C","AGCTT",0.2,0.4,0.2,0.2
"chr4_71700935","rs187784284","G",0.0304233,"C","GGCAG",0.2,0,0.6,0.2
"chr3_55816268","rs4955879","C",0.15873,"G","GGGTC",0,0.2,0.6,0.2
"chr15_83376828","rs12907942","T",0.015873,"C","CACGT",0.2,0.2,0.2,0.4
"chr8_17783343","rs117298299","G",0.037037,"C","GTCTC",0,0.4,0.2,0.4
"chr14_52939584","rs79743624","G",0.0568783,"A","CAAGC",0.4,0,0.2,0.4
"chr3_27090249","rs62256483","C",0.0224868,"T","AGTTT",0.2,0.6,0.2,0
"chr7_50919956","rs1862948","G",0.439153,"A","AGGGC",0.2,0,0.6,0.2
"chr11_106143501","rs185676499","T",0.10582,"C","TACAT",0.4,0.4,0,0.2
"chr5_149955183","rs57846054","C",0.0489418,"A","CTAAG",0.4,0.2,0.2,0.2
"chr8_73540875","rs16938266","G",0.0198413,"A","GAACT",0.4,0.2,0.2,0.2
"chr16_12386547","rs868773","C",0.429894,"T","CCCGC",0,0,0.2,0.8
"chr1_58226522","rs3118053","C",0.497354,"T","TTTGA",0.2,0.6,0.2,0
"chr13_40578942","rs12867093","A",0.388889,"G","CCGCA",0.2,0,0.2,0.6
"chr3_17388811","rs73145856","G",0.0251323,"A","ATATA",0.6,0.4,0,0
"chr6_133361153","rs9493501","C",0.00529101,"T","GGTGG",0,0.2,0.8,0
"chr9_100470335","rs4284139","C",0.333333,"A","AAAAT",0.8,0.2,0,0
"chr1_213457063","rs1187801","A",0.382275,"G","AGAGA",0.6,0,0.4,0
"chr3_166297133","rs1517056","C",0.239418,"G","TTCGA",0.2,0.4,0.2,0.2
"chr8_8319963","rs2921053","C",0.452381,"G","AGGCT",0.2,0.2,0.4,0.2
"chr6_28756394","rs74511984","A",0.0198413,"G","GAGGA",0.4,0,0.6,0
"chr20_33522142","rs6087654","T",0.411376,"C","CATGA",0.4,0.2,0.2,0.2
"chr5_80278107","rs518171","C",0.395503,"T","GACGG",0.2,0,0.6,0.2
"chr4_56826233","rs2593067","C",0.0383598,"T","TCTTC",0,0.6,0,0.4
"chr11_28394311","rs189121535","G",0.021164,"C","CTCCC",0,0.2,0,0.8
"chr2_220814481","rs7583486","T",0.343915,"G","CAGAT",0.4,0.2,0.2,0.2
"chr6_150674258","rs643603","C",0.306878,"T","GGCAA",0.4,0,0.4,0.2
"chr17_27011560","rs57529153","A",0.0753968,"T","CATAA",0.6,0.2,0,0.2
"chr11_2319355","rs2244891","C",0.230159,"T","AGCGA",0.4,0,0.4,0.2
"chr19_56004135","rs721780","C",0.486772,"A","CTAAC",0.4,0.2,0,0.4
"chr16_77813698","rs59650534","C",0.124339,"T","CATGA",0.4,0.2,0.2,0.2
"chr4_1533976","rs10029689","C",0.111111,"T","TGTGG",0,0.4,0.6,0
"chr17_47853188","rs79858059","A",0.0595238,"G","TGGAA",0.4,0.2,0.4,0
"chr3_94872226","rs75258281","T",0.0383598,"G","AAGAT",0.6,0.2,0.2,0
"chr9_72602273","rs2220737","A",0.283069,"G","CAGCT",0.2,0.2,0.2,0.4
"chr19_4470644","rs75901764","T",0.14418,"A","ACATC",0.4,0.2,0,0.4
"chr7_100892521","rs79140247","C",0.0357143,"G","TTGCC",0,0.4,0.2,0.4
"chrX_100274985","rs5921708","G",0.404145,"C","TGCTC",0,0.4,0.2,0.4
"chr1_20972914","rs3121681","A",0.12963,"G","GCAGA",0.4,0,0.4,0.2
"chr9_139964450","rs71483302","T",0.306878,"C","GGCGG",0,0,0.8,0.2
"chr9_44221916","rs76019083","A",0.199735,"T","GTTGA",0.2,0.4,0.4,0
"chr6_52450349","rs67731163","T",0.435185,"C","TCCCT",0,0.4,0,0.6
"chr14_94808664","rs909287","A",0.210317,"G","AAGAA",0.8,0,0.2,0
"chr3_159742286","rs600614","G",0.216931,"A","CCGGG",0,0,0.6,0.4
"chr1_111318574","rs532322","T",0.170635,"C","CTTTG",0,0.6,0.2,0.2
"chr17_39989766","rs8075291","T",0.310847,"C","TTTGC",0,0.6,0.2,0.2
"chr15_55592240","rs67603645","A",0.210317,"G","TCGAG",0.2,0.2,0.4,0.2
"chr5_179815641","rs4380609","T",0.179894,"C","TCTTG",0,0.6,0.2,0.2
"chr1_236733584","rs7554457","A",0.0291005,"G","CCGTC",0,0.2,0.2,0.6
"chr17_2396530","rs62068187","G",0.228836,"A","GCGTG",0,0.2,0.6,0.2
"chr2_65235333","rs6546119","T",0.435185,"G","AGTTG",0.2,0.4,0.4,0
"chr4_1349602","rs3796618","T",0.484127,"A","GTTTG",0,0.6,0.4,0
"chr3_127033998","rs11719507","A",0.137566,"C","GCCTC",0,0.2,0.2,0.6
"chr4_75217414","rs77901335","T",0.0410053,"C","TTCCT",0,0.6,0,0.4
"chr13_109881494","rs4000585","A",0.427249,"C","CCCTG",0,0.2,0.2,0.6
"chr16_4297651","rs4785955","T",0.240741,"G","AAGGT",0.4,0.2,0.4,0
"chr9_136194812","rs3739890","A",0.462963,"G","CCAAC",0.4,0,0,0.6
"chr10_53669806","rs6480575","A",0.277778,"G","CTATT",0.2,0.6,0,0.2
"chr13_40407879","rs7325743","T",0.343915,"G","GAGAA",0.6,0,0.4,0
"chr4_152590165","rs28463438","T",0.103175,"C","TCCCT",0,0.4,0,0.6
"chr4_147872712","rs2028126","T",0.345238,"C","AACAC",0.6,0,0,0.4
"chr19_48837857","rs11883142","C",0.365079,"T","TTTCG",0,0.6,0.2,0.2
"chr3_24200811","rs9870693","A",0.339947,"G","ATGTG",0.2,0.4,0.4,0
"chr16_80392506","rs7203829","C",0.257937,"T","ACTGT",0.2,0.4,0.2,0.2
"chr5_111932173","rs6594627","G",0.133598,"T","CAGCC",0.2,0,0.2,0.6
"chr19_39298914","rs144947382","G",0.021164,"A","GGAAG",0.4,0,0.6,0
"chr10_13128336","rs34476927","G",0.115079,"C","TCCAA",0.4,0.2,0,0.4
"chr21_15442980","rs12483548","G",0.177249,"C","CGCCA",0.2,0,0.2,0.6
"chr17_40189830","rs60110245","T",0.0912698,"C","AGCGG",0.2,0,0.6,0.2
"chr2_33377444","rs118076374","T",0.010582,"C","CACGC",0.2,0,0.2,0.6
"chr3_23341930","rs151026672","A",0.208995,"G","ATGTT",0.2,0.6,0.2,0
"chr6_114459249","rs4352709","T",0.345238,"C","CACAT",0.4,0.2,0,0.4
"chr11_93519673","rs588644","G",0.37037,"A","CGGCC",0,0,0.4,0.6
"chr11_18845176","rs10832993","T",0.391534,"G","GCTAT",0.2,0.4,0.2,0.2
"chr2_20101717","rs2304588","G",0.10582,"A","ACAGC",0.4,0,0.2,0.4
"chr3_196160928","rs78359342","T",0.255291,"G","AGGCC",0.2,0,0.4,0.4
"chr19_3538090","rs7248746","C",0.462963,"G","ACGCC",0.2,0,0.2,0.6
"chr14_74666641","rs887595","A",0.189153,"G","AAAAG",0.8,0,0.2,0
"chr13_111529054","rs1887199","C",0.402116,"T","CTCTA",0.2,0.4,0,0.4
"chr16_55557761","rs11646335","G",0.444444,"A","GGGTA",0.2,0.2,0.6,0
"chr20_31669990","rs2073325","C",0.345238,"T","CATGA",0.4,0.2,0.2,0.2
"chr19_56527532","rs73068185","C",0.0859788,"A","TTATT",0.2,0.8,0,0
"chr19_17529880","rs2303681","G",0.361111,"T","CCTTC",0,0.4,0,0.6
"chr18_45635154","rs4940257","A",0.441799,"C","GACGG",0.2,0,0.6,0.2
"chrX_118632618","rs12011895","A",0.0397237,"G","TCGAG",0.2,0.2,0.4,0.2
"chr21_34754609","rs11908875","G",0.0410053,"A","GGAAG",0.4,0,0.6,0
"chrX_10806301","rs7880078","A",0.00172712,"G","TAGTG",0.2,0.4,0.4,0
"chr10_134786132","rs143756918","A",0.0224868,"G","ACGAG",0.4,0,0.4,0.2
"chr19_328855","rs7246089","T",0.202381,"C","ATCAC",0.4,0.2,0,0.4
"chr10_95241193","rs11187455","T",0.178571,"C","TCCCA",0.2,0.2,0,0.6
"chr15_76031587","rs4886457","T",0.279101,"G","CTGCC",0,0.2,0.2,0.6
"chr7_54600112","rs577570","A",0.347884,"G","CTGTG",0,0.4,0.4,0.2
"chr6_82075696","rs6916419","A",0.277778,"G","CTAGA",0.4,0.2,0.2,0.2
"chr3_25338994","rs322669","G",0.271164,"T","GATGT",0.2,0.4,0.4,0
"chr4_37808491","rs7440748","A",0.228836,"G","TAGAG",0.4,0.2,0.4,0
"chr5_173710151","rs2133736","T",0.260582,"G","ATGCT",0.2,0.4,0.2,0.2
"chr5_163426261","rs6877608","G",0.0859788,"A","TGACT",0.2,0.4,0.2,0.2
"chr9_75265059","rs12553768","T",0.187831,"C","TCCCA",0.2,0.2,0,0.6
"chr16_81735012","rs3751859","A",0.185185,"G","ACGGT",0.2,0.2,0.4,0.2
"chr19_46919394","rs11666000","A",0.48545,"G","GCATG",0.2,0.2,0.4,0.2
"chr16_85028352","rs16975110","C",0.165344,"T","CATAT",0.4,0.4,0,0.2
"chr7_131894868","rs6952566","T",0.121693,"G","CAGTG",0.2,0.2,0.4,0.2
"chr7_55251962","rs6965663","A",0.39418,"G","CTAGG",0.2,0.2,0.4,0.2
"chr16_89627460","rs2280370","G",0.170635,"T","CGTAA",0.4,0.2,0.2,0.2
"chr4_187112832","rs1398007","C",0.468254,"T","GTCGT",0,0.4,0.4,0.2
"chr17_34976664","rs116916625","G",0.0224868,"T","TTTGT",0,0.8,0.2,0
"chr1_156369059","rs7525722","G",0.359788,"C","TGCGG",0,0.2,0.6,0.2
"chr12_6586728","rs2532515","T",0.494709,"C","CTTGG",0,0.4,0.4,0.2
"chr6_68964765","rs1083440","A",0.113757,"C","TTCTT",0,0.8,0,0.2
"chr3_26543227","rs62248509","A",0.0753968,"G","TCGAC",0.2,0.2,0.2,0.4
"chr9_121231319","rs78304967","A",0.117725,"G","AGGTA",0.4,0.2,0.4,0
"chr4_152780322","rs116215380","C",0.0251323,"T","TCTTA",0.2,0.6,0,0.2
"chr2_164009870","rs12619849","C",0.297619,"T","GTTTC",0,0.6,0.2,0.2
"chr6_62185986","rs9351742","A",0.406085,"G","TGAGG",0.2,0.2,0.6,0
"chr7_89772999","rs39271","G",0.267196,"T","AAGTC",0.4,0.2,0.2,0.2
"chr14_44082565","rs55841326","T",0.17328,"C","TACCC",0.2,0.2,0,0.6
"chr21_41012375","rs2837104","T",0.107143,"C","CTCGC",0,0.2,0.2,0.6
"chr12_30325150","rs4931276","A",0.414021,"G","GAATG",0.4,0.2,0.4,0
"chr17_80611005","rs6502127","G",0.293651,"A","TCGTA",0.2,0.4,0.2,0.2
"chr14_103892000","rs10148970","G",0.28836,"A","CTGTT",0,0.6,0.2,0.2
"chr8_113055163","rs13266030","C",0.0595238,"T","TCTGT",0,0.6,0.2,0.2
"chr8_48316140",".","T",0.322751,"C","ATTAT",0.4,0.6,0,0
"chr3_114341428","rs77218675","A",0.21164,"G","AGGGG",0.2,0,0.8,0
"chr6_3260111","rs11963347","C",0.0582011,"T","TCTCC",0,0.4,0,0.6
"chr13_67756228","rs61959434","A",0.047619,"G","GGGCA",0.2,0,0.6,0.2
"chr18_30301877","rs8099299","T",0.30291,"C","AGCGT",0.2,0.2,0.4,0.2
"chr10_106020398","rs2282326","C",0.387566,"A","AAAAG",0.8,0,0.2,0
"chr8_63067958","rs2054663","A",0.306878,"G","TTGTT",0,0.8,0.2,0
"chr1_184269036","rs7530243","T",0.464286,"C","TACTC",0.2,0.4,0,0.4
"chr11_132993735","rs525545","A",0.103175,"G","TCGTT",0,0.6,0.2,0.2
"chr1_238325402","rs2392789","G",0.178571,"A","AAGTG",0.4,0.2,0.4,0
"chr1_160954144","rs12123795","A",0.150794,"T","ATTAT",0.4,0.6,0,0
"chr2_137604763","rs778213","C",0.187831,"T","GGCCG",0,0,0.6,0.4
"chr2_233761951","rs4973566","T",0.497354,"C","GCCCA",0.2,0,0.2,0.6
"chr10_1835152","rs4459217","G",0.0330688,"T","CAGCT",0.2,0.2,0.2,0.4
"chr7_75129892","rs794365","G",0.449735,"C","CCCTG",0,0.2,0.2,0.6
"chr14_57586697","rs2154209","C",0.21164,"T","AACAA",0.8,0,0,0.2
"chr8_69845089","rs7464228","A",0.230159,"C","ATCGA",0.4,0.2,0.2,0.2
"chr1_46909316","rs111973507","T",0.0343915,"C","CACGC",0.2,0,0.2,0.6
"chr7_73248586","rs4286826","C",0.279101,"T","TCCTG",0,0.4,0.2,0.4
"chr8_67224715","rs949987","C",0.32672,"T","CCTAC",0.2,0.2,0,0.6
"chr19_36687882","rs4806283","T",0.375661,"C","CCTGG",0,0.2,0.4,0.4
"chr2_85781713","rs115675984","A",0.0251323,"G","CCGAA",0.4,0,0.2,0.4
"chr1_31709214","rs10798836","C",0.390212,"T","AACGA",0.6,0,0.2,0.2
"chr16_189971","rs2541606","C",0.402116,"T","CATCA",0.4,0.2,0,0.4
"chr16_9393959","rs139333037","G",0.0145503,"A","CTACA",0.4,0.2,0,0.4
"chr17_15425611","rs8074456","T",0.234127,"C","GACTG",0.2,0.2,0.4,0.2
"chr1_150260993","rs10888578","C",0.390212,"T","TGTGT",0,0.6,0.4,0
"chr17_4349132","rs9899942","C",0.342593,"T","GCTCC",0,0.2,0.2,0.6
"chr13_86690029","rs8001341","C",0.417989,"T","TCCAA",0.4,0.2,0,0.4
"chr10_55146454","rs79772066","G",0.0648148,"A","GTACT",0.2,0.4,0.2,0.2
"chr7_133989882","rs2598293","T",0.462963,"C","CCCGG",0,0,0.4,0.6
"chr13_110456688","rs4771651","A",0.338624,"G","TCGTC",0,0.4,0.2,0.4
"chr2_189618089","rs13007998","A",0.322751,"G","CCAAC",0.4,0,0,0.6
"chr20_7223767","rs6085939","A",0.468254,"G","GAGCC",0.2,0,0.4,0.4
"chr14_66419752","rs10873193","T",0.395503,"C","TACGT",0.2,0.4,0.2,0.2
"chr2_85978008","rs13386539","T",0.026455,"C","GTCGC",0,0.2,0.4,0.4
"chr1_38461821","rs67631072","C",0.443122,"T","GCCCC",0,0,0.2,0.8
"chr17_35850275","rs862490","T",0.353175,"C","CCTTC",0,0.4,0,0.6
"chr6_168847998","rs7747854","G",0.171958,"A","TCACT",0.2,0.4,0,0.4
"chr3_49346130","rs11710434","T",0.231481,"C","AGTAC",0.4,0.2,0.2,0.2
"chr1_154763613","rs113920303","T",0.335979,"G","AGGAG",0.4,0,0.6,0
"chr19_18746593","rs1991017","T",0.338624,"A","AGTTT",0.2,0.6,0.2,0
"chr3_145106219","rs345059","T",0.116402,"A","GAAAA",0.8,0,0.2,0
"chr11_22823282","rs10833819","C",0.452381,"T","ACTGT",0.2,0.4,0.2,0.2
"chr1_75199299","rs28568334","C",0.322751,"G","AGCAT",0.4,0.2,0.2,0.2
"chr1_191868313","rs9427808","G",0.403439,"A","GCATC",0.2,0.2,0.2,0.4
"chr1_32336098","rs671101","G",0.210317,"A","CCAGA",0.4,0,0.2,0.4
"chr11_123302696","rs78206655","T",0.12037,"G","ACGAA",0.6,0,0.2,0.2
"chr12_81395192","rs1987001","A",0.279101,"G","AGGTC",0.2,0.2,0.4,0.2
"chr7_88671680","rs118157185","A",0.0383598,"G","ATGAG",0.4,0.2,0.4,0
"chr1_246714837","rs3124070","T",0.480159,"C","GATCG",0.2,0.2,0.4,0.2
"chrX_47418851","rs61665240","C",0.153713,"G","AGGCC",0.2,0,0.4,0.4
"chr9_78632209","rs1890558","G",0.283069,"A","CTATC",0.2,0.4,0,0.4
"chr7_128341468","rs116477779","A",0.10582,"G","AGGGG",0.2,0,0.8,0
"chr3_46032959","rs2101446","T",0.186508,"C","CTTCT",0,0.6,0,0.4
"chr6_13581844","rs2804916","C",0.313492,"T","TATTG",0.2,0.6,0.2,0
"chr1_165600492",".","T",0.0119048,"G","GCGCA",0.2,0,0.4,0.4
"chr20_37684473","rs7270243","C",0.133598,"T","GCTGG",0,0.2,0.6,0.2
"chr14_51171922","rs72681673","A",0.19709,"G","CAGGT",0.2,0.2,0.4,0.2
"chr5_62597013","rs62381064","T",0.0965608,"C","GTCGA",0.2,0.2,0.4,0.2
"chr16_22309893","rs57248065","T",0.0436508,"C","TGCAC",0.2,0.2,0.2,0.4
"chr5_179335060","rs152234","A",0.12037,"G","CCACG",0.2,0,0.2,0.6
"chr7_107521538","rs6961156","T",0.390212,"C","GCCGA",0.2,0,0.4,0.4
"chr10_88432697","rs2354362","T",0.193122,"C","CTCTG",0,0.4,0.2,0.4
"chr4_170533736","rs10520157","T",0.112434,"G","CGGAC",0.2,0,0.4,0.4
"chr5_154008570","rs11167694","C",0.236772,"A","ACCGA",0.4,0,0.2,0.4
"chr9_99772326","rs145272189","T",0.0608466,"C","CACAC",0.4,0,0,0.6
"chr2_55716801","rs17792577","T",0.0542328,"C","AACGG",0.4,0,0.4,0.2
"chr19_17555472","rs34625761","T",0.375661,"G","GGGAC",0.2,0,0.6,0.2
"chr4_125518999","rs7689192","C",0.428571,"T","TACCA",0.4,0.2,0,0.4
"chr1_183115341","rs35855069","A",0.465608,"C","AAAAA",1,0,0,0
"chr14_39825955","rs141717990","G",0.236772,"A","GTATC",0.2,0.4,0.2,0.2
"chr22_43811875","rs5751492","T",0.252646,"C","AGCGT",0.2,0.2,0.4,0.2
"chr7_5010993","rs2942562","G",0.414021,"A","GGGAA",0.4,0,0.6,0
"chr8_141710622","rs142658074","C",0.0238095,"G","TCGCC",0,0.2,0.2,0.6
"chr5_113267118","rs10070181","T",0.23545,"A","CAATA",0.6,0.2,0,0.2
"chr21_43237585","rs28680734","C",0.0806878,"T","TTTTA",0.2,0.8,0,0
"chr3_47149439","rs13094672","C",0.416667,"T","TCCAG",0.2,0.2,0.2,0.4
"chr2_34479070","rs184053189","T",0.0767196,"C","AACAT",0.6,0.2,0,0.2
"chr18_44561516","rs2571027","G",0.369048,"C","GCCGT",0,0.2,0.4,0.4
"chr17_16782062","rs7208073","T",0.406085,"C","GTTTT",0,0.8,0.2,0
"chr1_45985860","rs2883968","C",0.208995,"G","CAGAG",0.4,0,0.4,0.2
"chr1_145718113","rs3753436","G",0.477513,"A","TGAAT",0.4,0.4,0.2,0
"chr5_41839998","rs34841703","T",0.239418,"C","CACGG",0.2,0,0.4,0.4
"chr1_229794105","rs61825541","G",0.470899,"A","CCACA",0.4,0,0,0.6
"chr14_89240756","rs1950806","T",0.230159,"C","AACGA",0.6,0,0.2,0.2
"chr5_138730037","rs11748963","C",0.296296,"T","CCTGC",0,0.2,0.2,0.6
"chr1_226946151","rs12072939","T",0.00396825,"C","GCCGG",0,0,0.6,0.4
"chrX_87596657","rs5922611","G",0.19171,"A","ACATA",0.6,0.2,0,0.2
"chr11_1974831","rs217207","A",0.466931,"G","CCGCC",0,0,0.2,0.8
"chr7_6048973","rs1062372","A",0.207672,"C","ACCCC",0.2,0,0,0.8
"chr4_119364794","rs181140774","A",0.0939153,"G","AGGGA",0.4,0,0.6,0
"chr1_151749494","rs4484926","T",0.484127,"C","AATCC",0.4,0.2,0,0.4
"chr11_114662044","rs11215207","G",0.427249,"A","CAAAC",0.6,0,0,0.4
"chr10_30195766","rs12772394","A",0.0436508,"G","AGGAG",0.4,0,0.6,0
"chr3_7809310","rs113127318","A",0.0701058,"G","ATGAC",0.4,0.2,0.2,0.2
"chr5_91572367","rs11739376","T",0.0277778,"C","CCCAA",0.4,0,0,0.6
"chr1_196380234","rs61820910","C",0.154762,"T","CTTCC",0,0.4,0,0.6
"chr20_46986207","rs73132833","T",0.153439,"C","ATCGC",0.2,0.2,0.2,0.4
"chr11_9023421","rs7479407","A",0.415344,"G","ACGGT",0.2,0.2,0.4,0.2
"chr2_238756929","rs4663797","A",0.12963,"G","TCGTG",0,0.4,0.4,0.2
"chr2_230463346","rs74426531","C",0.0383598,"T","TATGA",0.4,0.4,0.2,0
"chr16_88835843","rs111590774","A",0.00661376,"G","TCGGA",0.2,0.2,0.4,0.2
"chr7_129165424","rs610526","A",0.25,"G","GCGAA",0.4,0,0.4,0.2
"chr14_93502138","rs4381516","T",0.0198413,"C","TTCAA",0.4,0.4,0,0.2
"chr1_92105340","rs1555888","T",0.371693,"C","ATTGT",0.2,0.6,0.2,0
"chr3_3262478","rs4376017","T",0.378307,"C","TCCTT",0,0.6,0,0.4
"chr15_43671355","rs7163288","G",0.306878,"A","AAAAT",0.8,0.2,0,0
"chr10_114676626","rs192172920","G",0.0132275,"A","AAAAA",1,0,0,0
"chr3_183146433","rs6777106","G",0.425926,"C","TCCGG",0,0.2,0.4,0.4
"chr15_43741756","rs2444030","C",0.0238095,"G","TTCAG",0.2,0.4,0.2,0.2
"chr14_33815519","rs12893218","C",0.359788,"G","TTGAA",0.4,0.4,0.2,0
"chr3_112727623","rs116086187","G",0.0343915,"C","CCCCT",0,0.2,0,0.8
"chr1_40494416","rs34015409","T",0.0740741,"C","ACCAT",0.4,0.2,0,0.4
"chr15_66444419","rs1551862","G",0.253968,"T","ATTCC",0.2,0.4,0,0.4
"chr2_239108850","rs4663862","A",0.222222,"T","TTTAG",0.2,0.6,0.2,0
"chr8_87274852","rs4389908","G",0.242063,"A","ACAAG",0.6,0,0.2,0.2
"chr9_131621438","rs55661930","A",0.0396825,"G","TCGAG",0.2,0.2,0.4,0.2
"chr19_45594170","rs3178166","G",0.478836,"A","CCAGG",0.2,0,0.4,0.4
"chr18_6997304","rs142890493","G",0.0502646,"A","CCACC",0.2,0,0,0.8
"chr21_46217617","rs112107084","G",0.140212,"A","GCAAA",0.6,0,0.2,0.2
"chr4_1084146","rs62294749","A",0.0145503,"G","GCGGC",0,0,0.6,0.4
"chr1_16796721","rs157252","A",0.451058,"C","AGATG",0.4,0.2,0.4,0
"chr16_14566432","rs11646874","T",0.205026,"C","GTTAG",0.2,0.4,0.4,0
"chr21_45186872","rs59926208","A",0.236772,"G","TCGGG",0,0.2,0.6,0.2
"chr12_70996021","rs11178321","G",0.219577,"T","ATTAG",0.4,0.4,0.2,0
"chr11_66061233","rs484261","C",0.275132,"A","GAACC",0.4,0,0.2,0.4
"chr9_99623005","rs117164893","T",0.010582,"C","GGCAC",0.2,0,0.4,0.4
"chr20_11363933","rs6078153","G",0.277778,"T","CAGAA",0.6,0,0.2,0.2
"chr13_19479656","rs3890021","C",0.0634921,"G","TGCGG",0,0.2,0.6,0.2
"chr2_238491258","rs13404216","A",0.27381,"C","CTCCT",0,0.4,0,0.6
"chr2_55355999","rs111288021","C",0.037037,"T","CTTTG",0,0.6,0.2,0.2
"chr9_71743863","rs35116982","C",0.021164,"T","ACTGA",0.4,0.2,0.2,0.2
"chr5_131123742","rs6875504","A",0.234127,"C","GGAAA",0.6,0,0.4,0
"chr14_96821396","rs11160333","T",0.440476,"C","AGCTT",0.2,0.4,0.2,0.2
"chr7_87350092","rs7810831","G",0.031746,"A","GTATT",0.2,0.6,0.2,0
"chr15_25897186","rs2605455","T",0.261905,"C","TACTA",0.4,0.4,0,0.2
"chr13_26623887","rs4770908","A",0.410053,"G","GGATG",0.2,0.2,0.6,0
"chr11_118901262","rs3759012","T",0.416667,"C","GCCCA",0.2,0,0.2,0.6
"chr2_75952369","rs6746784","A",0.374339,"G","GGGTG",0,0.2,0.8,0
"chr15_92433491","rs11074023","A",0.242063,"G","CTGTA",0.2,0.4,0.2,0.2
"chr8_2318175","rs1598774","G",0.407407,"A","ACAGG",0.4,0,0.4,0.2
"chr15_34962535","rs11855677","A",0.272487,"G","CAGCT",0.2,0.2,0.2,0.4
"chr2_868450","rs6760982","G",0.277778,"A","AGAGA",0.6,0,0.4,0
"chr2_181464736","rs35587150","T",0.104497,"C","TGCGG",0,0.2,0.6,0.2
"chr6_24061896","rs9379634","G",0.0793651,"A","ACATA",0.6,0.2,0,0.2
"chr10_78652814","rs1897592","T",0.371693,"G","GTTTC",0,0.6,0.2,0.2
"chrX_53115858","rs7891342","C",0.215889,"T","TTTCC",0,0.6,0,0.4
"chr19_2630531","rs8113476","C",0.0780423,"A","CAAGT",0.4,0.2,0.2,0.2
"chr6_139718705","rs10457688","T",0.431217,"C","AACGC",0.4,0,0.2,0.4
"chr17_29765975","rs178852","T",0.337302,"A","AAATT",0.6,0.4,0,0
"chr3_191642498","rs73066705","C",0.0330688,"T","AGTTC",0.2,0.4,0.2,0.2
"chr9_7713390","rs1905763","T",0.455026,"C","AGTGG",0.2,0.2,0.6,0
"chr6_113180977","rs73545492","A",0.00925926,"G","ATGGT",0.2,0.4,0.4,0
"chr6_77981037","rs75619232","T",0.0621693,"A","AAACA",0.8,0,0,0.2
"chr3_194570182","rs11720525","T",0.39418,"C","GTCGG",0,0.2,0.6,0.2
"chr9_130572046","rs200893897","A",0.0145503,"G","CCGCC",0,0,0.2,0.8
"chr2_28995226","rs10183665","G",0.458995,"A","CAACG",0.4,0,0.2,0.4
"chr16_67374838","rs115257920","T",0.0687831,"C","TACTC",0.2,0.4,0,0.4
"chr10_91011681","rs1332327","T",0.338624,"C","CCCAG",0.2,0,0.2,0.6
"chr11_110020933","rs683593","C",0.263228,"A","AACCT",0.4,0.2,0,0.4
"chr19_41307778","rs3776611","T",0.362434,"C","AACGA",0.6,0,0.2,0.2
"chr3_125737990","rs75167557","T",0.00396825,"C","TCCGG",0,0.2,0.4,0.4
"chr18_36783678","rs72888345","T",0.150794,"C","ACCAC",0.4,0,0,0.6
"chr11_47466790","rs7925389","T",0.334656,"A","AAAAT",0.8,0.2,0,0
"chr7_64759556","rs3981856","C",0.497354,"T","ACCCA",0.4,0,0,0.6
"chr10_96759534","rs11188123","T",0.318783,"C","CTCTG",0,0.4,0.2,0.4
"chr1_174466377","rs7521870","A",0.402116,"T","CATTA",0.4,0.4,0,0.2
"chr19_29304286","rs11083667","G",0.234127,"A","TTGAG",0.2,0.4,0.4,0
"chr13_47380943","rs9534487","A",0.449735,"G","TAATT",0.4,0.6,0,0
"chr3_80669851","rs578804","A",0.333333,"C","CACAA",0.6,0,0,0.4
"chr15_91435516","rs11638635","G",0.375661,"C","ACCCT",0.2,0.2,0,0.6
"chr11_99251017","rs1910706","G",0.333333,"A","GTATC",0.2,0.4,0.2,0.2
"chr3_144848100","rs7428283","A",0.0608466,"T","GCACA",0.4,0,0.2,0.4
"chr12_26310234","rs1471506","T",0.0727513,"C","GATCA",0.4,0.2,0.2,0.2
"chr11_119421928","rs2845650","C",0.37037,"T","GCCGA",0.2,0,0.4,0.4
"chr10_118757139","rs10218905","G",0.280423,"A","AAACG",0.6,0,0.2,0.2
"chr7_117703621","rs11978447","T",0.46164,"G","ACTAA",0.6,0.2,0,0.2
"chr2_105978761","rs2576752","A",0.484127,"G","ATATT",0.4,0.6,0,0
"chrX_70138303","rs73552413","G",0.233161,"T","GGTTC",0,0.4,0.4,0.2
"chrX_107228999","rs141087939","C",0.0345423,"T","ACTTT",0.2,0.6,0,0.2
"chr8_97117789","rs498854","G",0.230159,"C","TTCAG",0.2,0.4,0.2,0.2
"chr2_137960459","rs60406990","T",0.383598,"G","AGGTG",0.2,0.2,0.6,0
"chr2_43461119","rs13399366","T",0.10582,"C","GGCCC",0,0,0.4,0.6
"chr22_22557033","rs2330031","T",0.425926,"C","GGCGA",0.2,0,0.6,0.2
"chr16_22915146","rs208637","C",0.48545,"T","GCCGT",0,0.2,0.4,0.4
"chr6_157140077","rs287883","T",0.291005,"A","TTAAA",0.6,0.4,0,0
"chr1_247350351","rs12118895","A",0.462963,"G","GGGCA",0.2,0,0.6,0.2
"chr8_145621556","rs2280836","G",0.419312,"A","GGACC",0.2,0,0.4,0.4
"chr6_47110903","rs9473011","T",0.0978836,"C","CTCTC",0,0.4,0,0.6
"chr10_29631247","rs7089651","G",0.216931,"C","ATCTG",0.2,0.4,0.2,0.2
"chr7_42250278","rs3801225","A",0.395503,"C","ATCTT",0.2,0.6,0,0.2
"chr3_26827985","rs189955559","A",0.497354,"C","GTCCA",0.2,0.2,0.2,0.4
"chr16_54137949","rs28579391","C",0.121693,"T","CATGT",0.2,0.4,0.2,0.2
"chrX_6911202","rs5935684","C",0.392055,"T","CATGT",0.2,0.4,0.2,0.2
"chr1_56612899","rs12044098","C",0.0238095,"T","GTTCA",0.2,0.4,0.2,0.2
"chr3_178256957","rs17590394","G",0.154762,"T","ATTTC",0.2,0.6,0,0.2
"chr4_2353309","rs3135134","T",0.223545,"C","GGCGC",0,0,0.6,0.4
"chr12_133425710","rs12314382","G",0.207672,"A","TTATT",0.2,0.8,0,0
"chr13_109247236","rs8002124","C",0.252646,"T","AACAG",0.6,0,0.2,0.2
"chr4_165631679","rs7692725","A",0.349206,"G","TCGGC",0,0.2,0.4,0.4
"chr11_30661029","rs808401","T",0.427249,"C","AACAA",0.8,0,0,0.2
"chr7_77057110","rs7778041","T",0.329365,"C","AGTCA",0.4,0.2,0.2,0.2
"chr3_166140859","rs13072902","T",0.234127,"C","TCCGA",0.2,0.2,0.2,0.4
"chr5_160367377","rs35595324","T",0.0859788,"C","TACCC",0.2,0.2,0,0.6
"chr12_131149880","rs2171419","G",0.387566,"A","CGGGC",0,0,0.6,0.4
"chr2_108805333","rs855028","T",0.362434,"A","TTAAA",0.6,0.4,0,0
"chr14_23497629","rs7147308","T",0.297619,"C","CACAG",0.4,0,0.2,0.4
"chr3_155527287","rs358717","A",0.367725,"T","TGACC",0.2,0.2,0.2,0.4
"chr8_100892879","rs72676270","A",0.134921,"G","CTGAG",0.2,0.2,0.4,0.2
"chr2_79226779","rs2861737","T",0.334656,"C","TCTGG",0,0.4,0.4,0.2
"chr2_22618537","rs6749647","T",0.161376,"G","TCGTC",0,0.4,0.2,0.4
"chr1_155279482","rs2297480","G",0.27381,"T","GCTGG",0,0.2,0.6,0.2
"chr2_4825217","rs13394295","C",0.296296,"T","ACTGT",0.2,0.4,0.2,0.2
"chr1_48738900","rs2092883","A",0.195767,"G","ACGGT",0.2,0.2,0.4,0.2
"chr1_116155145","rs6674058","G",0.194444,"A","AAGAG",0.6,0,0.4,0
"chr9_116085602","rs7041572","T",0.464286,"C","GGTGT",0,0.4,0.6,0
"chr2_49169208","rs17037887","T",0.0714286,"C","TGCTC",0,0.4,0.2,0.4
"chr8_91382291","rs975976","C",0.361111,"T","AGTAT",0.4,0.4,0.2,0
"chr19_52487161","rs8110542","G",0.324074,"A","GCAAA",0.6,0,0.2,0.2
"chr4_103475444","rs4648011","G",0.42328,"T","TAGGC",0.2,0.2,0.4,0.2
"chr8_112545052","rs6469357","G",0.325397,"A","CCGTA",0.2,0.2,0.2,0.4
"chr17_40742454","rs8066475","C",0.473545,"G","GGCTG",0,0.2,0.6,0.2
"chr1_9999180","rs11121502","T",0.130952,"G","CCGAC",0.2,0,0.2,0.6
"chr1_244669268","rs113869720","A",0.0674603,"G","CCGCT",0,0.2,0.2,0.6
"chr8_59323811","rs56316188","G",0.296296,"A","GAAGC",0.4,0,0.4,0.2
"chr3_122359214","rs10514767","C",0.0449735,"G","AGGCT",0.2,0.2,0.4,0.2
"chrX_136524247","rs1206233","A",0.355786,"G","TGAGG",0.2,0.2,0.6,0
"chr14_75389833","rs11625594","A",0.359788,"G","AGGGG",0.2,0,0.8,0
"chr12_85098352","rs12814937","C",0.337302,"T","AATTA",0.6,0.4,0,0
"chr13_49732263","rs11531305","C",0.0238095,"T","TGTCG",0,0.4,0.4,0.2
"chr1_54548798","rs11206281","C",0.00793651,"T","GGTGG",0,0.2,0.8,0
"chr1_62189541","rs17312971","C",0.23545,"T","CATGT",0.2,0.4,0.2,0.2
"chr6_105627970","rs2787111","A",0.0462963,"C","GCAGG",0.2,0,0.6,0.2
"chr20_37532247","rs4810242","G",0.280423,"T","CATCC",0.2,0.2,0,0.6
"chr16_83810884","rs247403","T",0.353175,"C","GGTCC",0,0.2,0.4,0.4
"chr18_32462683","rs17558116","C",0.194444,"T","GATAA",0.6,0.2,0.2,0
"chr9_117967061","rs7043594","A",0.284392,"G","ATAGT",0.4,0.4,0.2,0
"chr1_95382398","rs79505973","G",0.0502646,"A","ACATA",0.6,0.2,0,0.2
"chr6_31021017","rs4713429","G",0.259259,"C","CTCAC",0.2,0.2,0,0.6
"chr6_111949988","rs1476044","T",0.419312,"C","CCCTC",0,0.2,0,0.8
"chr17_4805167","rs79436576","T",0.100529,"C","CCCCG",0,0,0.2,0.8
"chr5_175511992","rs62389230","T",0.427249,"C","CTCGA",0.2,0.2,0.2,0.4
"chr10_119103471","rs181440","A",0.493386,"C","CTATC",0.2,0.4,0,0.4
"chr15_33027805","rs71462821","G",0.0502646,"A","CAAAG",0.6,0,0.2,0.2
"chr18_55809738","rs1663041","G",0.335979,"C","TTCAT",0.2,0.6,0,0.2
"chr20_35743143","rs1632309","C",0.460317,"A","AAATT",0.6,0.4,0,0
"chr10_70984020","rs71507028","T",0.346561,"G","TAGTT",0.2,0.6,0.2,0
"chr22_26968506","rs2267096","T",0.453704,"G","TGGGT",0,0.4,0.6,0
"chr1_121204312","rs12752196","C",0.0119048,"T","TTTCC",0,0.6,0,0.4
"chr4_24111427","rs887521","G",0.456349,"A","GGGAG",0.2,0,0.8,0
"chr2_179352856","rs185591978","G",0.0330688,"A","AAAGG",0.6,0,0.4,0
"chr5_180535084","rs7380562","G",0.0873016,"C","GCCAC",0.2,0,0.2,0.6
"chr3_121197332","rs6778684","C",0.392857,"T","AACAA",0.8,0,0,0.2
"chr8_143498547","rs9720613","A",0.150794,"G","CCAAT",0.4,0.2,0,0.4
"chr5_140282931","rs76789733","G",0.0899471,"A","AAAAA",1,0,0,0
"chr14_76188257","rs8003637","T",0.231481,"C","TATGG",0.2,0.4,0.4,0
"chr6_47677716","rs1109584","C",0.369048,"T","TGCAT",0.2,0.4,0.2,0.2
"chr3_33789788","rs111561246","C",0.0515873,"G","TCGGC",0,0.2,0.4,0.4
"chr2_65521076","rs1472875","T",0.296296,"C","TGTAG",0.2,0.4,0.4,0
"chr13_53029485","rs3892337","C",0.457672,"G","GGCAG",0.2,0,0.6,0.2
"chr19_8179619","rs4804267","T",0.436508,"G","CATTT",0.2,0.6,0,0.2
"chr11_295670","rs7104019","G",0.26455,"A","GGGAG",0.2,0,0.8,0
"chr10_3701671","rs11251999","A",0.203704,"G","CCGCA",0.2,0,0.2,0.6
"chr1_91795065","rs60719104","C",0.0992063,"A","AAAGG",0.6,0,0.4,0
"chr8_92063014","rs61003561","G",0.0701058,"A","CAATG",0.4,0.2,0.2,0.2
"chr12_81689733","rs12813937","C",0.439153,"G","TAGAC",0.4,0.2,0.2,0.2
"chr4_2942073","rs1475974","C",0.349206,"T","CCTGG",0,0.2,0.4,0.4
"chr3_56664184","rs11712799","A",0.0859788,"G","ACGGG",0.2,0,0.6,0.2
"chr10_120449116","rs942945","T",0.234127,"C","TTTGT",0,0.8,0.2,0
"chr16_31786455","rs4889690","G",0.00132275,"A","AAAAA",1,0,0,0
"chr12_67729835","rs150771252","T",0.0595238,"C","CTCCC",0,0.2,0,0.8
"chr18_76598449","rs9646505","G",0.378307,"A","GCATG",0.2,0.2,0.4,0.2
"chr1_52279998","rs12127534","T",0.0251323,"C","ATCAA",0.6,0.2,0,0.2
"chrX_70190450","rs55952381","T",0.0569948,"C","CACTC",0.2,0.2,0,0.6
"chr9_109181911","rs902143","T",0.424603,"C","TACAG",0.4,0.2,0.2,0.2
"chr4_68523386","rs10006004","A",0.398148,"T","ATTGA",0.4,0.4,0.2,0
"chr11_62332306","rs58720921","G",0.32672,"A","CCAAG",0.4,0,0.2,0.4
"chr5_145091309","rs55824632","T",0.119048,"C","GGCGG",0,0,0.8,0.2
"chr12_93641198","rs7973431","T",0.304233,"C","ATTCC",0.2,0.4,0,0.4
"chr1_223191495","rs2789939","C",0.293651,"G","AGCAC",0.4,0,0.2,0.4
"chr8_141462169","rs10106253","A",0.440476,"G","CCAAG",0.4,0,0.2,0.4
"chr9_4773066","rs296863","G",0.156085,"A","ATGCA",0.4,0.2,0.2,0.2
"chr2_242667893","rs62191961","G",0.37037,"T","TCTAC",0.2,0.4,0,0.4
"chr3_56721170","rs4682001","C",0.0952381,"T","GCTGG",0,0.2,0.6,0.2
"chr1_15370458","rs41310369","C",0.113757,"G","ACGGT",0.2,0.2,0.4,0.2
"chr18_73637277","rs2732221","G",0.215608,"A","TAAAA",0.8,0.2,0,0
"chr2_159644175","rs11691004","T",0.297619,"C","AGCGG",0.2,0,0.6,0.2
"chr3_100224205","rs9813069","T",0.380952,"A","CCATG",0.2,0.2,0.2,0.4
"chr17_73059616","rs9915968","C",0.142857,"G","ACGTG",0.2,0.2,0.4,0.2
"chrX_39596524","rs6610328","T",0.450777,"C","CCTCA",0.2,0.2,0,0.6
"chr19_35358230","rs7259297","A",0.376984,"G","TCGGG",0,0.2,0.6,0.2
"chr16_54706817","rs62034227","T",0.0992063,"C","TCCTT",0,0.6,0,0.4
"chr3_65094352","rs76178487","T",0.047619,"C","ACCTG",0.2,0.2,0.2,0.4
"chr2_68476547","rs13004394","C",0.215608,"T","GATCA",0.4,0.2,0.2,0.2
"chr8_38325131","rs17175708","A",0.396825,"G","CAGTC",0.2,0.2,0.2,0.4
"chr13_45970773","rs9316136","T",0.480159,"C","GTTTT",0,0.8,0.2,0
"chr4_81098862","rs72656507","T",0.0780423,"C","TACCC",0.2,0.2,0,0.6
"chr4_38388918","rs6844435","A",0.464286,"C","AGAGC",0.4,0,0.4,0.2
"chr8_141495889","rs4421330","G",0.0634921,"A","GCGCC",0,0,0.4,0.6
"chr14_55447369","rs143750335","G",0.0939153,"A","CAAAA",0.8,0,0,0.2
"chr7_35706058","rs7779075","A",0.111111,"G","TAGCT",0.2,0.4,0.2,0.2
"chr12_114569762","rs2075398","C",0.220899,"T","CCTGT",0,0.4,0.2,0.4
"chr3_53125585","rs2564921","T",0.411376,"C","TATAG",0.4,0.4,0.2,0
"chr11_68839187","rs3750957","C",0.460317,"T","ACTCC",0.2,0.2,0,0.6
"chr4_38285882","rs13120337","T",0.34127,"C","TACGT",0.2,0.4,0.2,0.2
"chr12_7053022","rs7965269","T",0.291005,"C","GGCTT",0,0.4,0.4,0.2
"chr2_240618610","rs920247","T",0.328042,"C","CCCAG",0.2,0,0.2,0.6
"chr14_51332898","rs7158839","C",0.297619,"T","TGCGG",0,0.2,0.6,0.2
"chr9_78264001","rs943859","T",0.238095,"C","ATTGG",0.2,0.4,0.4,0
"chr13_20112505","rs9314952","C",0.26455,"T","GGCGC",0,0,0.6,0.4
"chr4_183036860","rs116244718","A",0.0171958,"T","CTTGG",0,0.4,0.4,0.2
"chr2_107983569","rs34894308","C",0.101852,"T","CATGC",0.2,0.2,0.2,0.4
"chr3_189410000","rs2378515","G",0.157407,"A","TGGAC",0.2,0.2,0.4,0.2
"chr7_23145295","rs10256996","G",0.390212,"T","TCTCA",0.2,0.4,0,0.4
"chr2_54280984","rs7558126","G",0.400794,"A","CTATG",0.2,0.4,0.2,0.2
"chr3_46873718","rs7645877","C",0.115079,"G","GAGAG",0.4,0,0.6,0
"chr11_8986157","rs2247920","G",0.0502646,"T","AGTAG",0.4,0.2,0.4,0
"chr15_68584556","rs6494730","T",0.349206,"G","ATGTT",0.2,0.6,0.2,0
"chr3_50345090","rs149793859","C",0.015873,"T","GGTGA",0.2,0.2,0.6,0
"chr7_141561751","rs2695133","G",0.460317,"A","AGGAT",0.4,0.2,0.4,0
"chr2_113199955","rs138615173","C",0.166667,"G","TAGAT",0.4,0.4,0.2,0
"chr22_47724612","rs5767690","T",0.0714286,"A","CAAAC",0.6,0,0,0.4
"chr2_225385858","rs6720502","C",0.140212,"T","AGTCA",0.4,0.2,0.2,0.2
"chr8_90650658","rs112575417","C",0.00793651,"T","AGTGG",0.2,0.2,0.6,0
"chr19_6764913","rs10423938","G",0.227513,"A","TCAAG",0.4,0.2,0.2,0.2
"chr16_1969939","rs2429186","T",0.208995,"C","AACGG",0.4,0,0.4,0.2
"chr4_186867341","rs184177405","C",0.015873,"T","TGTTG",0,0.6,0.4,0
"chr12_106572179","rs2556528","T",0.27381,"C","TCCTC",0,0.4,0,0.6
"chr21_39023560","rs2835865","G",0.0595238,"A","ACATG",0.4,0.2,0.2,0.2
"chr18_12438549","rs12455439","G",0.425926,"A","TCAAA",0.6,0.2,0,0.2
"chr3_168632221","rs79600723","C",0.047619,"T","TCTAC",0.2,0.4,0,0.4
"chr2_115095488","rs11123239","A",0.329365,"G","ATGTG",0.2,0.4,0.4,0
"chr13_99667982","rs4772168","T",0.395503,"C","ACTGG",0.2,0.2,0.4,0.2
"chr13_111662563","rs11619481","C",0.0291005,"G","CAGCC",0.2,0,0.2,0.6
"chr2_96736568","rs2918916","C",0.369048,"T","GCTAC",0.2,0.2,0.2,0.4
"chr1_53640437","rs35127503","A",0.125661,"G","TCGGC",0,0.2,0.4,0.4
"chr18_68200139","rs12232761","A",0.457672,"G","ACGTG",0.2,0.2,0.4,0.2
"chr5_115176589",".","G",0.444444,"A","GCATA",0.4,0.2,0.2,0.2
"chr8_18150293","rs10503614","T",0.334656,"C","TACGG",0.2,0.2,0.4,0.2
"chr16_6950464","rs13332344","A",0.165344,"C","TCCCG",0,0.2,0.2,0.6
"chr9_103189560","rs183786527","C",0.18254,"T","CGTTC",0,0.4,0.2,0.4
"chr11_99823274","rs10894186","G",0.427249,"A","TTATT",0.2,0.8,0,0
"chr14_24852160","rs7158837","C",0.157407,"T","AATCA",0.6,0.2,0,0.2
"chr6_133168026","rs10872399","C",0.32672,"T","GATCC",0.2,0.2,0.2,0.4
"chr7_138295947","rs1673219","C",0.324074,"A","AACCC",0.4,0,0,0.6
"chr6_40577977","rs12201309","T",0.0410053,"C","CTCGG",0,0.2,0.4,0.4
"chr11_95646774","rs4430471","A",0.373016,"G","TTGGT",0,0.6,0.4,0
"chr17_51152583","rs79391522","G",0.0767196,"C","AGCTT",0.2,0.4,0.2,0.2
"chr17_44289832","rs2696466","G",0.439153,"A","CCACC",0.2,0,0,0.8
"chr12_113470716",".","G",0.0145503,"C","GGCGC",0,0,0.6,0.4
"chr7_138164472","rs12707387","C",0.5,"T","CTCGA",0.2,0.2,0.2,0.4
"chr6_99799704","rs9389279","T",0.338624,"G","TAGAT",0.4,0.4,0.2,0
"chr19_58436711","rs56131095","A",0.259259,"C","GTCCC",0,0.2,0.2,0.6
"chr15_34606698","rs77368228","G",0.113757,"C","TGCCA",0.2,0.2,0.2,0.4
"chr18_37691918","rs1941474","G",0.292328,"A","AAATG",0.6,0.2,0.2,0
"chr11_10872398","rs112100595","C",0.0939153,"G","GAGGC",0.2,0,0.6,0.2
"chr9_72618427","rs62572601","G",0.174603,"A","TTATA",0.4,0.6,0,0
"chr10_113903510","rs2792743","A",0.406085,"G","ACGCC",0.2,0,0.2,0.6
"chr22_17034874","rs61517799","C",0.161376,"G","TTGAA",0.4,0.4,0.2,0
"chr9_80156694","rs1596422","T",0.305556,"C","GATCT",0.2,0.4,0.2,0.2
"chr19_58366906","rs73565783","A",0.100529,"G","CTGTT",0,0.6,0.2,0.2
"chr11_47146599","rs57964319","T",0.0939153,"C","ATCAA",0.6,0.2,0,0.2
"chr9_27390622","rs16911484","A",0.00396825,"G","AGGGC",0.2,0,0.6,0.2
"chr2_102302978","rs4851487","T",0.419312,"C","CACTC",0.2,0.2,0,0.6
"chr6_29716390","rs1737085","T",0.477513,"G","ACTGG",0.2,0.2,0.4,0.2
"chr9_119011391","rs10983088","A",0.208995,"G","CAGTA",0.4,0.2,0.2,0.2
"chr6_32606794","rs28383359","C",0.443122,"T","CTTTA",0.2,0.6,0,0.2
"chr12_133195812","rs111651416","C",0.44709,"T","CGCGG",0,0,0.6,0.4
"chr20_8401036","rs6086444","C",0.0410053,"T","TTTTA",0.2,0.8,0,0
"chr4_75426893","rs186379219","G",0.0687831,"A","TTATA",0.4,0.6,0,0
"chr14_37552820","rs12433348","G",0.328042,"A","ATGAA",0.6,0.2,0.2,0
"chr3_95834412","rs7614334","A",0.431217,"C","AGAAA",0.8,0,0.2,0
"chr12_52479719","rs2360642","A",0.0410053,"G","GCAAG",0.4,0,0.4,0.2
"chr10_75310757","rs150505066","A",0.00793651,"G","GCGGA",0.2,0,0.6,0.2
"chr8_54439241","rs28587342","C",0.137566,"T","TTTTA",0.2,0.8,0,0
"chr10_97762315","rs11188551","C",0.0886243,"T","GTTCT",0,0.6,0.2,0.2
"chr14_21950836","rs6571850","T",0.349206,"G","CTTCA",0.2,0.4,0,0.4
"chr14_77790416","rs4147578","A",0.304233,"G","CAGGC",0.2,0,0.4,0.4
"chr16_89159920","rs10163428","T",0.261905,"G","AATAA",0.8,0.2,0,0
"chr7_30816177","rs718930","G",0.297619,"T","ACTGG",0.2,0.2,0.4,0.2
"chr6_33563941","rs56717418","C",0.160053,"T","ATTGT",0.2,0.6,0.2,0
"chr9_72685443","rs11141507","T",0.339947,"A","CATCC",0.2,0.2,0,0.6
"chr4_5634889","rs79476048","T",0.0357143,"C","TCCGC",0,0.2,0.2,0.6
"chr4_74069210","rs145959251","T",0.0330688,"C","CTCAC",0.2,0.2,0,0.6
"chr1_117544331","rs12130298","C",0.0859788,"A","AAAAC",0.8,0,0,0.2
"chr10_14531555","rs10796199","C",0.112434,"T","TTCAC",0.2,0.4,0,0.4
"chr18_51972263","rs8090211","G",0.464286,"A","ACGTG",0.2,0.2,0.4,0.2
"chr17_56711542","rs596714","G",0.451058,"A","GAGGT",0.2,0.2,0.6,0
"chr9_13430610","rs79447016","C",0.162698,"G","ACGTG",0.2,0.2,0.4,0.2
"chr4_134592505","rs2724290","T",0.414021,"C","AACGC",0.4,0,0.2,0.4
"chr3_183514514","rs115579034","T",0.0410053,"C","CACGG",0.2,0,0.4,0.4
"chr1_34482602","rs4652981","T",0.162698,"G","CTGTT",0,0.6,0.2,0.2
"chr19_42412584","rs891170","A",0.0171958,"G","TCGGG",0,0.2,0.6,0.2
"chr3_196056756","rs183016945","C",0.0489418,"T","TTTTT",0,1,0,0
"chr3_49643700","rs56412001","T",0.228836,"A","ATAAT",0.6,0.4,0,0
"chr3_120384313","rs151215398","A",0.0489418,"G","TGGAT",0.2,0.4,0.4,0
"chr12_26950044","rs61920590","A",0.25,"T","TGTAC",0.2,0.4,0.2,0.2
"chr4_101004720","rs4492010","C",0.246032,"T","CATGA",0.4,0.2,0.2,0.2
"chr12_9919753","rs12817268","A",0.404762,"G","ACGCT",0.2,0.2,0.2,0.4
"chr2_20222333","rs11679138","A",0.0634921,"G","CAGTA",0.4,0.2,0.2,0.2
"chr7_22291876","rs7805084","A",0.165344,"G","CTGGG",0,0.2,0.6,0.2
"chr21_46349590","rs11702488","G",0.346561,"A","CAAAA",0.8,0,0,0.2
"chr12_21600737","rs11046056","A",0.439153,"G","ACGGT",0.2,0.2,0.4,0.2
"chr4_187358497","rs6852344","A",0.0582011,"G","GCGCA",0.2,0,0.4,0.4
"chr16_11812291","rs7203803","C",0.421958,"T","ATCTG",0.2,0.4,0.2,0.2
"chr12_108212639","rs17307888","G",0.365079,"A","TAAAG",0.6,0.2,0.2,0
"chr7_109131367","rs6956352","A",0.43254,"G","TCGCA",0.2,0.2,0.2,0.4
"chr8_12516857","rs1808161","T",0.411376,"C","CATGG",0.2,0.2,0.4,0.2
"chr1_102733233","rs11802074","C",0.318783,"T","ACTTT",0.2,0.6,0,0.2
"chr15_84282215","rs2585056","G",0.181217,"C","TTCTG",0,0.6,0.2,0.2
"chr11_65848738","rs475805","G",0.27381,"A","AAGTC",0.4,0.2,0.2,0.2
"chr2_43083518","rs10200363","C",0.255291,"G","CTCCC",0,0.2,0,0.8
"chr5_70119760","rs80146033","A",0.312169,"G","GTGTA",0.2,0.4,0.4,0
"chr16_67202206","rs61684153","C",0.0330688,"G","CCGCC",0,0,0.2,0.8
"chr1_173977806","rs2009083","G",0.117725,"A","AGAAA",0.8,0,0.2,0
"chr4_37244135","rs1656197","A",0.445767,"C","AGCTG",0.2,0.2,0.4,0.2
"chr6_170268754","rs4716350","A",0.400794,"G","GCGTA",0.2,0.2,0.4,0.2
"chr4_138876540","rs1474148","C",0.10582,"T","AACTG",0.4,0.2,0.2,0.2
"chr11_110312441","rs2083769","C",0.40873,"T","AATGT",0.4,0.4,0.2,0
"chr12_30108614","rs10843574","C",0.301587,"A","GCATA",0.4,0.2,0.2,0.2
"chr6_125500362","rs3799773","A",0.113757,"G","ATGGA",0.4,0.2,0.4,0
"chr20_36842836","rs6024001","T",0.452381,"C","TGCTT",0,0.6,0.2,0.2
"chr1_17306699","rs111384013","A",0.0410053,"T","CCTCG",0,0.2,0.2,0.6
"chr13_111288887","rs117323386","G",0.0132275,"A","TGACA",0.4,0.2,0.2,0.2
"chr6_71298959","rs13213357","C",0.424603,"G","CCGCC",0,0,0.2,0.8
"chrX_141160847","rs77959267","T",0.157168,"C","TACTC",0.2,0.4,0,0.4
"chr12_121874180","rs9634168","C",0.386243,"T","GCTGG",0,0.2,0.6,0.2
"chr11_22917203","rs2429756","A",0.162698,"G","GGGTC",0,0.2,0.6,0.2
"chrX_54792121","rs144244484","T",0.0690846,"C","CTCCG",0,0.2,0.2,0.6
"chr16_84695990","rs4783041","T",0.335979,"C","CCCGT",0,0.2,0.2,0.6
"chr19_8084529","rs34470441","T",0.412698,"G","GCGGG",0,0,0.8,0.2
"chr4_80491820","rs2165387","T",0.246032,"C","CTTAG",0.2,0.4,0.2,0.2
"chr17_30117835","rs77875337","G",0.0198413,"T","ATTAG",0.4,0.4,0.2,0
"chr1_39682662","rs17568616","T",0.0383598,"A","GGACA",0.4,0,0.4,0.2
"chr3_52303213","rs7643913","A",0.0965608,"G","CCGGG",0,0,0.6,0.4
"chr19_17466259","rs10404098","A",0.444444,"C","GAACT",0.4,0.2,0.2,0.2
"chr11_42202765","rs1488617","G",0.119048,"A","CAATG",0.4,0.2,0.2,0.2
"chr3_48751820","rs6786055","G",0.436508,"T","TTGTG",0,0.6,0.4,0
"chr2_44657024","rs1302175","G",0.358466,"C","TAGGG",0.2,0.2,0.6,0
"chr6_29761467",".","C",0.298942,"A","AAATA",0.8,0.2,0,0
"chr1_230985284","rs11806193","C",0.00661376,"T","GCTGG",0,0.2,0.6,0.2
"chr1_15817090","rs12045879","T",0.316138,"C","CGCGG",0,0,0.6,0.4
"chr16_74944135","rs12324946","A",0.0833333,"G","TGGGA",0.2,0.2,0.6,0
"chr17_29089911","rs80262471","A",0.103175,"G","TTGTA",0.2,0.6,0.2,0
"chr12_21683247","rs10770823","T",0.22619,"G","TTTGT",0,0.8,0.2,0
"chr7_149318703","rs1723716","T",0.363757,"C","CACTG",0.2,0.2,0.2,0.4
"chr3_64762399",".","G",0.398148,"C","GAGGG",0.2,0,0.8,0
"chr2_4594635","rs77759475","C",0.031746,"T","CATGG",0.2,0.2,0.4,0.2
"chr3_27116735","rs1879769","C",0.248677,"T","GTTTT",0,0.8,0.2,0
"chr12_125642721","rs12826721","C",0.318783,"T","GGTGG",0,0.2,0.8,0
"chr7_7985866","rs7806407","T",0.22619,"C","GCTTC",0,0.4,0.2,0.4
"chr21_19316043","rs1505267","T",0.412698,"C","CTCTC",0,0.4,0,0.6
"chr21_16793467","rs2823269","C",0.260582,"A","AAACT",0.6,0.2,0,0.2
"chr6_31662229",".","G",0.306878,"A","GCACG",0.2,0,0.4,0.4
"chr1_32122257","rs16834646","C",0.0767196,"G","TGGGC",0,0.2,0.6,0.2
"chr19_44114332","rs1985396","C",0.492063,"G","TACGC",0.2,0.2,0.2,0.4
"chr12_14779142","rs7304147","C",0.00661376,"A","GGCAC",0.2,0,0.4,0.4
"chr6_44245241","rs1044690","C",0.232804,"G","AAGAG",0.6,0,0.4,0
"chr1_41365445","rs12120974","T",0.306878,"G","TTGTC",0,0.6,0.2,0.2
"chr2_32308102","rs12620922","A",0.399471,"G","GCGCA",0.2,0,0.4,0.4
"chr1_24322001","rs75910560","C",0.424603,"A","ACATA",0.6,0.2,0,0.2
"chr19_19703762","rs76633357","T",0.0727513,"C","CCCCT",0,0.2,0,0.8
"chr12_102111173","rs1544921","G",0.470899,"C","ACGTA",0.4,0.2,0.2,0.2
"chr5_157360570","rs78857878","G",0.145503,"T","CATGA",0.4,0.2,0.2,0.2
"chr9_31608460","rs7035126","C",0.366402,"T","GTCCT",0,0.4,0.2,0.4
"chr2_242059832","rs138781918","G",0.0873016,"T","CCTGG",0,0.2,0.4,0.4
"chr1_201947772","rs10800803","A",0.284392,"G","AGGCT",0.2,0.2,0.4,0.2
"chr11_68653232","rs544370","T",0.304233,"C","AACAA",0.8,0,0,0.2
"chr5_94566170","rs11135422","G",0.162698,"A","TCATT",0.2,0.6,0,0.2
"chr22_41639728","rs139496","T",0.276455,"G","AATAA",0.8,0.2,0,0
"chr16_69857043","rs12927052","G",0.439153,"A","AAAAA",1,0,0,0
"chr5_177602232","rs66486976","T",0.366402,"C","CTCGC",0,0.2,0.2,0.6
"chr7_42496495","rs1123227","C",0.247354,"A","GCAGT",0.2,0.2,0.4,0.2
"chr6_170165985",".","T",0.215608,"G","CAGGC",0.2,0,0.4,0.4
"chr9_103205654","rs113232750","C",0.186508,"G","GCGTA",0.2,0.2,0.4,0.2
"chr10_118454998","rs12267529","T",0.382275,"G","CATCC",0.2,0.2,0,0.6
"chr10_10160556","rs17147255","G",0.0965608,"C","TCCGC",0,0.2,0.2,0.6
"chr12_53026566","rs626758","C",0.26455,"T","TATAG",0.4,0.4,0.2,0
"chr5_141337225","rs164077","A",0.238095,"G","GCAGC",0.2,0,0.4,0.4
"chr2_5946693","rs6725266","C",0.469577,"A","GCCGG",0,0,0.6,0.4
"chr20_25044023","rs1005409","T",0.19709,"G","ATGAG",0.4,0.2,0.4,0
"chr8_142269214","rs892362","T",0.305556,"C","TTCTA",0.2,0.6,0,0.2
"chr1_19573223","rs12095615","G",0.342593,"A","CCAAG",0.4,0,0.2,0.4
"chr14_81485426","rs7154960","T",0.0171958,"G","TTGCC",0,0.4,0.2,0.4
"chr17_80457898","rs6502118","C",0.376984,"T","CATGC",0.2,0.2,0.2,0.4
"chr16_16555849","rs71250311","G",0.259259,"A","GAACA",0.6,0,0.2,0.2
"chr16_6732058","rs9937321","G",0.27381,"A","GGATC",0.2,0.2,0.4,0.2
"chr1_31897963","rs4949209","C",0.449735,"T","CACCC",0.2,0,0,0.8
"chr4_91113471","rs72876151","C",0.148148,"G","TGGTC",0,0.4,0.4,0.2
"chr2_231268160","rs11692602","A",0.304233,"G","CCGCC",0,0,0.2,0.8
"chr18_75442418","rs117664313","G",0.0701058,"A","ACACA",0.6,0,0,0.4
"chr9_22766286","rs7863302","C",0.339947,"T","TTTCC",0,0.6,0,0.4
"chr13_86332916","rs628741","G",0.296296,"A","CTAGG",0.2,0.2,0.4,0.2
"chr16_58313806","rs4784915","C",0.306878,"A","TGCGT",0,0.4,0.4,0.2
"chr11_133803278","rs486560","C",0.43254,"T","ATTTT",0.2,0.8,0,0
"chr16_11513804","rs13334077","G",0.0992063,"A","AGATG",0.4,0.2,0.4,0
"chr7_153063235","rs4500010","C",0.415344,"G","GAGGT",0.2,0.2,0.6,0
"chr13_31452971","rs71436417","A",0.113757,"G","AGGTG",0.2,0.2,0.6,0
"chr18_14437799","rs11660412","A",0.456349,"G","TCATG",0.2,0.4,0.2,0.2
"chr14_38025165","rs141210824","A",0.388889,"G","CCAGG",0.2,0,0.4,0.4
"chr12_56646213","rs77120931","C",0.0727513,"A","CTAAA",0.6,0.2,0,0.2
"chr2_187693104",".","T",0.107143,"C","GACAC",0.4,0,0.2,0.4
"chr20_48959501","rs4811035","A",0.194444,"G","TGGTA",0.2,0.4,0.4,0
"chr15_35555517","rs2120775","G",0.304233,"T","TAGTT",0.2,0.6,0.2,0
"chr15_27076805","rs8029429","G",0.306878,"A","TCAAG",0.4,0.2,0.2,0.2
"chr18_11783304","rs12327266","C",0.30291,"T","CTTTC",0,0.6,0,0.4
"chr15_89371743","rs7173241","G",0.293651,"C","TCGTC",0,0.4,0.2,0.4
"chr6_123125950","rs12213549","T",0.31746,"A","TAAAT",0.6,0.4,0,0
"chr3_74983546","rs28869854","T",0.193122,"C","CACGT",0.2,0.2,0.2,0.4
"chr20_32586312","rs2424976","A",0.128307,"G","AGAGC",0.4,0,0.4,0.2
"chr16_58836411","rs12600087","T",0.0555556,"C","AGCAC",0.4,0,0.2,0.4
"chr8_4664911","rs9314541","A",0.480159,"G","GGGTG",0,0.2,0.8,0
"chr2_128598461","rs11685164","T",0.272487,"C","TGCTG",0,0.4,0.4,0.2
"chr6_37663624","rs9349050","T",0.5,"C","TTTTG",0,0.8,0.2,0
"chr9_95762127","rs4744163","T",0.402116,"G","TGTCC",0,0.4,0.2,0.4
"chr8_125462121","rs4132855","G",0.416667,"A","ACAGT",0.4,0.2,0.2,0.2
"chr18_63525672","rs17061853","A",0.037037,"G","ATGTG",0.2,0.4,0.4,0
"chr7_24655337","rs13235833","G",0.115079,"A","CAAAA",0.8,0,0,0.2
"chr20_52744121","rs2762918","C",0.21164,"T","GTTGG",0,0.4,0.6,0
"chr17_78343013","rs76451336","G",0.0185185,"A","CAACA",0.6,0,0,0.4
"chr4_23884711","rs3796407","A",0.287037,"G","AAGTG",0.4,0.2,0.4,0
"chr19_23967785","rs10414370","T",0.181217,"A","GTATG",0.2,0.4,0.4,0
"chr14_105349388","rs2028414","A",0.332011,"C","CCAGT",0.2,0.2,0.2,0.4
"chr20_57826189","rs6092756","A",0.0119048,"G","GTGTA",0.2,0.4,0.4,0
"chrX_115496913","rs5905278","T",0.250432,"A","GTACC",0.2,0.2,0.2,0.4
"chr2_96377078","rs12478605","T",0.361111,"C","CACCT",0.2,0.2,0,0.6
"chr2_231141196","rs62191198","G",0.240741,"C","TTCCT",0,0.6,0,0.4
"chr12_605546","rs11063273","G",0.283069,"A","TCACT",0.2,0.4,0,0.4
"chr10_12141557","rs10906077","T",0.186508,"C","TGTGC",0,0.4,0.4,0.2
"chr9_25335191","rs1620600","T",0.265873,"C","AACGT",0.4,0.2,0.2,0.2
"chr4_68283064","rs9994543","T",0.280423,"C","ATCGG",0.2,0.2,0.4,0.2
"chr18_28368926","rs2733146","T",0.279101,"A","AAATA",0.8,0.2,0,0
"chr2_108131439","rs166469","T",0.31746,"C","AATGG",0.4,0.2,0.4,0
"chrX_48398114",".","A",0.0639033,"G","GCGTC",0,0.2,0.4,0.4
"chr1_21513911","rs72654867","G",0.0621693,"A","CAAAA",0.8,0,0,0.2
"chr11_64349344","rs12793959","C",0.142857,"T","TCCCC",0,0.2,0,0.8
"chr1_53771564","rs1288492","T",0.445767,"C","CACTC",0.2,0.2,0,0.6
"chr15_54134677","rs2616923","T",0.026455,"C","AGTTC",0.2,0.4,0.2,0.2
"chr19_20248118","rs111567899","A",0.0582011,"G","ACGGT",0.2,0.2,0.4,0.2
"chr16_22060488","rs117569375","T",0.0515873,"C","CACGT",0.2,0.2,0.2,0.4
"chr6_26924168","rs9368477","T",0.141534,"C","ACCTT",0.2,0.4,0,0.4
"chr4_76607665","rs34434727","T",0.0568783,"C","AGCAG",0.4,0,0.4,0.2
"chr2_231498434","rs4528744","G",0.18254,"A","GTAGG",0.2,0.2,0.6,0
"chr4_169287743","rs77103424","G",0.136243,"A","TAAAA",0.8,0.2,0,0
"chr16_74901760","rs4888302","T",0.43254,"C","TGCCA",0.2,0.2,0.2,0.4
"chr17_18044893","rs11658477","A",0.194444,"G","GGGCA",0.2,0,0.6,0.2
"chr5_8100974","rs7736858","G",0.289683,"A","AAACT",0.6,0.2,0,0.2
"chr8_98588958","rs2045965","C",0.0515873,"A","GCAGT",0.2,0.2,0.4,0.2
"chr7_99639445","rs4729568","T",0.396825,"C","CATGC",0.2,0.2,0.2,0.4
"chr4_27589761","rs61791230","G",0.328042,"A","TCAAA",0.6,0.2,0,0.2
"chr6_45689566","rs2637578","C",0.32672,"T","GGCCT",0,0.2,0.4,0.4
"chr5_115152694","rs34869","C",0.436508,"G","GAGAT",0.4,0.2,0.4,0
"chr12_50856613","rs10783362","T",0.0806878,"G","GCTTC",0,0.4,0.2,0.4
"chr16_23717833","rs36047689","A",0.474868,"G","GAGTG",0.2,0.2,0.6,0
"chr14_57042321","rs10137418","C",0.419312,"T","TTTGC",0,0.6,0.2,0.2
"chr6_31229678","rs11966319","T",0.142857,"C","CCCGG",0,0,0.4,0.6
"chr4_2990291","rs2051557","C",0.383598,"A","AGACT",0.4,0.2,0.2,0.2
"chr11_44531380","rs4755842","A",0.445767,"G","GTGTG",0,0.4,0.6,0
"chr13_22606974","rs9552581","G",0.19709,"A","CAATT",0.4,0.4,0,0.2
"chr2_4764561","rs7572246","T",0.350529,"G","TCTAA",0.4,0.4,0,0.2
"chr9_90094344","rs10868599","A",0.417989,"G","CGGCT",0,0.2,0.4,0.4
"chr3_10314602","rs151759","C",0.362434,"G","GGGGT",0,0.2,0.8,0
"chr15_46126277","rs2460642","T",0.308201,"C","GCCGA",0.2,0,0.4,0.4
"chr20_25267301","rs910997","A",0.435185,"G","CCGGG",0,0,0.6,0.4
"chr8_609872","rs62486243","A",0.021164,"G","GTGCA",0.2,0.2,0.4,0.2
"chr14_52101138","rs117810919","T",0.0277778,"C","CTCTC",0,0.4,0,0.6
"chr16_9692842","rs721843","C",0.460317,"G","TCGTC",0,0.4,0.2,0.4
"chr9_130172485","rs10987639","A",0.260582,"G","TCGTT",0,0.6,0.2,0.2
"chr4_1747523","rs28643543","A",0.283069,"G","TCGTC",0,0.4,0.2,0.4
"chr1_95742151","rs61771785","T",0.453704,"C","GGCGC",0,0,0.6,0.4
"chr11_34435642","rs7480813","T",0.285714,"A","ATAAA",0.8,0.2,0,0
"chr1_169425565","rs61808977","T",0.121693,"G","CAGGT",0.2,0.2,0.4,0.2
"chr17_15380958","rs10153259","T",0.145503,"C","CACCA",0.4,0,0,0.6
"chr16_71740477","rs9888756","G",0.175926,"A","CAGTA",0.4,0.2,0.2,0.2
"chr5_1608831","rs7737033","A",0.117725,"G","GCGTG",0,0.2,0.6,0.2
"chr8_122332136","rs11986811","C",0.219577,"T","TATGT",0.2,0.6,0.2,0
"chrX_53061671","rs73208432","G",0.183074,"A","CAAAG",0.6,0,0.2,0.2
"chr20_3737677","rs669597","C",0.383598,"T","AATAA",0.8,0.2,0,0
"chr11_86245678","rs501362","T",0.291005,"C","CACTG",0.2,0.2,0.2,0.4
"chr15_66798125","rs16953565","C",0.0727513,"T","ATTAT",0.4,0.6,0,0
"chr15_84916393",".","G",0.190476,"C","TACGT",0.2,0.4,0.2,0.2
"chr18_30171230","rs1618603","C",0.374339,"T","TTTGG",0,0.6,0.4,0
"chr17_43188891","rs72832859","G",0.17328,"C","ACCCC",0.2,0,0,0.8
"chr3_4896880","rs9865786","T",0.0912698,"C","AACTC",0.4,0.2,0,0.4
"chr15_41104874","rs17657877","C",0.403439,"G","TTGCT",0,0.6,0.2,0.2
"chr11_107991611","rs10890814","C",0.420635,"T","GACCT",0.2,0.2,0.2,0.4
"chr16_2430176","rs6600193","A",0.431217,"G","GCAGT",0.2,0.2,0.4,0.2
"chr8_87251833","rs4288357","T",0.246032,"C","AGCGC",0.2,0,0.4,0.4
"chr17_48103851","rs11657960","A",0.103175,"G","TGGGC",0,0.2,0.6,0.2
"chr10_116459404","rs116664793","C",0.0291005,"T","GCTCT",0,0.4,0.2,0.4
"chr16_79893846",".","C",0.0304233,"G","TTGTC",0,0.6,0.2,0.2
"chr17_70143159","rs149285305","G",0.0171958,"A","AGAAG",0.6,0,0.4,0
"chr21_15437796","rs71315757","G",0.0291005,"A","TAAGC",0.4,0.2,0.2,0.2
"chr3_26348830","rs9861941","G",0.0198413,"A","TCAGC",0.2,0.2,0.2,0.4
"chr11_7404901","rs16925591","T",0.339947,"C","TTCTC",0,0.6,0,0.4
"chr5_117577376","rs6595100","G",0.488095,"A","CAGTC",0.2,0.2,0.2,0.4
"chr6_35424188","rs3800377","A",0.349206,"G","CCATG",0.2,0.2,0.2,0.4
"chr4_165870538","rs4370095","T",0.386243,"C","GCTTT",0,0.6,0.2,0.2
"chr15_75628414","rs114064595","T",0.0383598,"C","GCCCT",0,0.2,0.2,0.6
"chr3_175746236","rs58120884","C",0.265873,"G","ACGCA",0.4,0,0.2,0.4
"chr16_19393831","rs11644537","C",0.291005,"T","CATCT",0.2,0.4,0,0.4
"chr5_81564633","rs4703538","A",0.39418,"G","TTAAG",0.4,0.4,0.2,0
"chr6_42174478","rs4714579","A",0.304233,"G","CAAGT",0.4,0.2,0.2,0.2
"chr10_119069842","rs2532841","A",0.452381,"C","GTACT",0.2,0.4,0.2,0.2
"chr2_229519988","rs11890478","G",0.161376,"A","GCAGT",0.2,0.2,0.4,0.2
"chr17_63936948","rs36115539","T",0.0396825,"C","AGCGA",0.4,0,0.4,0.2
"chr13_31779565","rs12427936","A",0.234127,"G","GCGTG",0,0.2,0.6,0.2
"chr17_34835526","rs9904602","T",0.460317,"A","TTTTT",0,1,0,0
"chr19_4293110","rs113369074","A",0.0185185,"G","CCGCC",0,0,0.2,0.8
"chr11_116518901","rs73580632","T",0.0753968,"C","GACCA",0.4,0,0.2,0.4
"chr19_36826337","rs62112567","T",0.195767,"G","TAGAA",0.6,0.2,0.2,0
"chr14_55262653","rs6572976","G",0.466931,"A","TCGGT",0,0.4,0.4,0.2
"chr4_55191991","rs147481786","C",0.366402,"T","GATGC",0.2,0.2,0.4,0.2
"chr16_324403","rs2685125","G",0.349206,"C","CCGAG",0.2,0,0.4,0.4
"chr4_189730989","rs2377467","G",0.362434,"T","CATGT",0.2,0.4,0.2,0.2
"chr19_29862797","rs10403689","A",0.396825,"G","CCGGG",0,0,0.6,0.4
"chr1_89912099","rs4658174","G",0.416667,"A","AGGCT",0.2,0.2,0.4,0.2
"chr22_24267047","rs5751777","C",0.382275,"T","TTCGA",0.2,0.4,0.2,0.2
"chr11_15317471","rs11023511","T",0.223545,"C","GCCGG",0,0,0.6,0.4
"chr2_235431627","rs78442287","G",0.0462963,"T","ATTGG",0.2,0.4,0.4,0
"chr10_132614481","rs2163940","A",0.380952,"G","TAGGG",0.2,0.2,0.6,0
"chr21_19482991","rs73894749","C",0.0291005,"T","AATGA",0.6,0.2,0.2,0
"chr3_4744047","rs9831844","T",0.354497,"C","TGCTG",0,0.4,0.4,0.2
"chr4_22336145","rs6824899","C",0.203704,"T","ACTGC",0.2,0.2,0.2,0.4
"chr1_248042937","rs72774616","T",0.175926,"C","CTCCC",0,0.2,0,0.8
"chr19_13872240","rs8109392","A",0.40873,"G","CCGCC",0,0,0.2,0.8
"chr13_35367100","rs744826","C",0.205026,"T","AACAG",0.6,0,0.2,0.2
"chr4_76330020","rs147370738","C",0.480159,"T","CTTAA",0.4,0.4,0,0.2
"chr3_105771791","rs7647046","A",0.0806878,"T","ACTTT",0.2,0.6,0,0.2
"chr11_10425795","rs7108774","T",0.0132275,"C","TATGG",0.2,0.4,0.4,0
"chr3_120405460","rs1862935","T",0.371693,"C","AGCGG",0.2,0,0.6,0.2
"chr20_33912371","rs2425059","C",0.349206,"T","TCTGC",0,0.4,0.2,0.4
"chr7_107914477","rs1269665","T",0.391534,"C","TGTCA",0.2,0.4,0.2,0.2
"chr18_32915923","rs12455822","C",0.148148,"T","ACTGG",0.2,0.2,0.4,0.2
"chr2_242167337","rs1064767","C",0.206349,"T","CCTAG",0.2,0.2,0.2,0.4
"chr9_136125329","rs7047076","T",0.0925926,"A","TTAGG",0.2,0.4,0.4,0
"chr13_92112415","rs76938968","C",0.0502646,"A","AGACT",0.4,0.2,0.2,0.2
"chr11_3887842","rs10835217","G",0.337302,"A","AGAGA",0.6,0,0.4,0
"chr12_94673607","rs4761469","T",0.207672,"C","ATCCT",0.2,0.4,0,0.4
"chr9_8437141","rs10977104","C",0.0939153,"G","AAGAG",0.6,0,0.4,0
"chr5_99134657","rs11950209","C",0.440476,"T","TACGG",0.2,0.2,0.4,0.2
"chr15_102186103","rs2956846","C",0.449735,"A","TAAGA",0.6,0.2,0.2,0
"chr7_72261934","rs7794812","C",0.201058,"T","CCTGC",0,0.2,0.2,0.6
"chr11_69942193","rs10792737","A",0.140212,"G","GGGCT",0,0.2,0.6,0.2
"chr17_506163","rs2360737","C",0.37963,"T","GACGA",0.4,0,0.4,0.2
"chr11_108434421","rs11599962","C",0.134921,"T","CCTGC",0,0.2,0.2,0.6
"chr7_72392946","rs6460040","T",0.313492,"C","GATGG",0.2,0.2,0.6,0
"chr2_91741201","rs76044649","C",0.205026,"T","AACAC",0.6,0,0,0.4
"chr9_7686600","rs78355386","T",0.116402,"A","GAAAC",0.6,0,0.2,0.2
"chr20_61893390","rs77015723","A",0.0780423,"G","CCGTT",0,0.4,0.2,0.4
"chr19_33667819","rs4805029","G",0.205026,"A","CCAAG",0.4,0,0.2,0.4
"chr10_6019015","rs8177633","G",0.420635,"C","CTCGC",0,0.2,0.2,0.6
"chr1_161261041","rs11265584","T",0.148148,"C","CACGT",0.2,0.2,0.2,0.4
"chr18_33766982","rs3826608","A",0.234127,"G","TCGTG",0,0.4,0.4,0.2
"chr2_239006879","rs12993309","T",0.202381,"C","TTCGA",0.2,0.4,0.2,0.2
"chr22_47191916","rs4491829","G",0.390212,"T","CCGGC",0,0,0.4,0.6
"chr4_9189779","rs140747902","C",0.400794,"T","TGTGG",0,0.4,0.6,0
"chr15_51472021","rs10519293","C",0.322751,"T","TTCTG",0,0.6,0.2,0.2
"chr17_17207201","rs7219752","G",0.0462963,"C","GCCGG",0,0,0.6,0.4
"chr4_126650064","rs28419008","A",0.445767,"G","CTGTA",0.2,0.4,0.2,0.2
"chr10_101633310","rs10509739","T",0.0886243,"C","TCCTT",0,0.6,0,0.4
"chr16_1362187","rs12920764","C",0.371693,"T","CCCGG",0,0,0.4,0.6
"chr1_75361993","rs1327098","A",0.275132,"G","TTGTT",0,0.8,0.2,0
"chr15_31058693","rs2079192","T",0.444444,"C","GACTC",0.2,0.2,0.2,0.4
"chr1_173811455","rs56355601","G",0.281746,"T","TTTAG",0.2,0.6,0.2,0
"chr13_59738853","rs9570053","A",0.415344,"G","CTGAC",0.2,0.2,0.2,0.4
"chr19_41928701","rs284653","T",0.42328,"C","CACCC",0.2,0,0,0.8
"chr10_63209131","rs12246267","A",0.0343915,"G","TGGCG",0,0.2,0.6,0.2
"chr2_69961874",".","G",0.231481,"C","GCCGG",0,0,0.6,0.4
"chr7_3035011","rs6967043","G",0.411376,"A","TTATA",0.4,0.6,0,0
"chr1_163363440","rs79928795","A",0.0767196,"G","CCGGG",0,0,0.6,0.4
"chr9_139305007","rs4400498","T",0.269841,"C","TGCTT",0,0.6,0.2,0.2
"chr1_155412037","rs11264371","T",0.252646,"C","CACCA",0.4,0,0,0.6
"chr1_67782342",".","C",0.0291005,"A","ACAGC",0.4,0,0.2,0.4
"chr2_114915238","rs17707806","A",0.126984,"G","AGGAA",0.6,0,0.4,0
"chr1_1856700","rs2092922","C",0.214286,"T","AGCGC",0.2,0,0.4,0.4
"chr1_15515095","rs72642315","A",0.208995,"G","CAGTA",0.4,0.2,0.2,0.2
"chr16_16352678","rs149707269","T",0.185185,"C","TGCAC",0.2,0.2,0.2,0.4
"chr1_244813471","rs989284","A",0.23545,"G","ATGCA",0.4,0.2,0.2,0.2
"chr10_132614458",".","T",0.119048,"C","CACGC",0.2,0,0.2,0.6
"chr7_13399366","rs4415217","C",0.350529,"T","CTCGG",0,0.2,0.4,0.4
"chr2_11503455","rs7422435","T",0.0714286,"C","GTCCC",0,0.2,0.2,0.6
"chr9_132168169","rs7048833","G",0.166667,"A","TCAGC",0.2,0.2,0.2,0.4
"chr1_117560058","rs17235773","G",0.0621693,"C","AGCTG",0.2,0.2,0.4,0.2
"chr14_58301003","rs12184986","G",0.19709,"A","GCACT",0.2,0.2,0.2,0.4
"chr2_226116124","rs17409451","T",0.161376,"A","TCATG",0.2,0.4,0.2,0.2
"chr8_1602823","rs10448096","A",0.224868,"G","CCGTC",0,0.2,0.2,0.6
"chr11_44397337","rs11037973","C",0.477513,"T","GCCGA",0.2,0,0.4,0.4
"chr7_5268364","rs57418885","T",0.0634921,"A","ATATA",0.6,0.4,0,0
"chr11_58912664","rs11229842","C",0.00529101,"G","GAGAA",0.6,0,0.4,0
"chr7_99684526","rs77515038","A",0.0661376,"G","TCGCT",0,0.4,0.2,0.4
"chr1_206812393","rs10399719","T",0.404762,"G","AAGTT",0.4,0.4,0.2,0
"chr1_119988071","rs10802094","C",0.453704,"T","AGCTT",0.2,0.4,0.2,0.2
"chr9_78359214","rs78919386","G",0.101852,"A","CTAGC",0.2,0.2,0.2,0.4
"chr20_50591120","rs6068030","A",0.181217,"G","GGAAA",0.6,0,0.4,0
"chr4_177462810","rs309780","A",0.338624,"G","GGGCC",0,0,0.6,0.4
"chr18_69553989","rs114409209","A",0.0886243,"T","ATTAA",0.6,0.4,0,0
"chr13_39228366","rs895897","A",0.232804,"C","TGACT",0.2,0.4,0.2,0.2
"chr6_146292661","rs12663031","T",0.425926,"C","GCCTT",0,0.4,0.2,0.4
"chr19_57963511","rs886336","G",0.414021,"A","ACGTG",0.2,0.2,0.4,0.2
"chr14_20680366","rs28406537","A",0.111111,"G","GCGCG",0,0,0.6,0.4
"chr21_26992924","rs2010214","G",0.267196,"A","ACGTG",0.2,0.2,0.4,0.2
"chr5_158660872","rs78297373","A",0.0648148,"G","TCGCA",0.2,0.2,0.2,0.4
"chr6_139598319","rs17068468","C",0.157407,"A","CCAGT",0.2,0.2,0.2,0.4
"chr5_172724558","rs6898846","A",0.174603,"G","ACAGT",0.4,0.2,0.2,0.2
"chr4_20803465","rs13130253","G",0.293651,"A","TAACC",0.4,0.2,0,0.4
"chr20_57281849","rs8115204","T",0.10582,"C","CCCGG",0,0,0.4,0.6
"chr13_22345028","rs116955731","C",0.0251323,"G","TCGTG",0,0.4,0.4,0.2
"chr1_43707035","rs10494115","T",0.104497,"G","AAGTC",0.4,0.2,0.2,0.2
"chr13_38175611","rs17257328","T",0.113757,"G","TTGCA",0.2,0.4,0.2,0.2
"chr4_186391323","rs9999033","A",0.169312,"G","CCGTA",0.2,0.2,0.2,0.4
"chr17_37499949","rs9916302","C",0.23545,"T","TCTTT",0,0.8,0,0.2
"chr5_148737290","rs10055393","T",0.294974,"C","CACTT",0.2,0.4,0,0.4
"chr9_103940781","rs12376727","G",0.404762,"T","ACGTA",0.4,0.2,0.2,0.2
"chr3_8178205","rs55900402","C",0.257937,"T","AATAA",0.8,0.2,0,0
"chr4_76521188","rs146556105","A",0.123016,"G","AAGGA",0.6,0,0.4,0
"chr1_850780","rs6657440","C",0.406085,"T","GACGA",0.4,0,0.4,0.2
"chr14_44277419","rs4900649","A",0.169312,"G","GAGGC",0.2,0,0.6,0.2
"chr4_154468282","rs56110139","T",0.031746,"A","TTATG",0.2,0.6,0.2,0
"chr2_178323072","rs58297927","G",0.108466,"A","CAATC",0.4,0.2,0,0.4
"chr5_79511854","rs6864411","G",0.133598,"T","CATAT",0.4,0.4,0,0.2
"chr8_1793743","rs56026211","G",0.104497,"A","AGATG",0.4,0.2,0.4,0
"chr12_12090735","rs11054538","C",0.308201,"T","GATGG",0.2,0.2,0.6,0
"chr11_312929","rs72867737","T",0.134921,"C","AACGA",0.6,0,0.2,0.2
"chr1_169757487","rs10753796","C",0.490741,"A","AGACA",0.6,0,0.2,0.2
"chr7_128730177","rs11770861","T",0.22619,"C","TGCTT",0,0.6,0.2,0.2
"chr1_1379499","rs78710859","T",0.037037,"C","ACCGC",0.2,0,0.2,0.6
"chr20_3868447","rs68127408","C",0.185185,"T","GATGT",0.2,0.4,0.4,0
"chr1_17303589","rs2235932","C",0.433862,"T","CCCGG",0,0,0.4,0.6
"chr13_27128366","rs78756037","T",0.19709,"C","AGCGA",0.4,0,0.4,0.2
"chr15_78123771","rs58260342","G",0.00396825,"T","AGTTT",0.2,0.6,0.2,0
"chr6_167360024","rs1077453","T",0.0171958,"C","TACTT",0.2,0.6,0,0.2
"chr6_28326490","rs213232","G",0.34127,"A","CCAGC",0.2,0,0.2,0.6
"chr20_61617147","rs1075917","T",0.371693,"C","CCTCG",0,0.2,0.2,0.6
"chr6_147635547","rs1039085","C",0.42328,"T","TACTG",0.2,0.4,0.2,0.2
"chr1_65952741","rs17412723","G",0.477513,"A","GCACA",0.4,0,0.2,0.4
"chr9_35681368","rs4879924","C",0.134921,"T","CTTGT",0,0.6,0.2,0.2
"chr5_80278562","rs448587","A",0.465608,"G","CAAGT",0.4,0.2,0.2,0.2
"chr1_33508775","rs35604827","T",0.320106,"C","AGCGA",0.4,0,0.4,0.2
"chr5_140523782","rs246715","C",0.010582,"T","TCTAG",0.2,0.4,0.2,0.2
"chr1_113452120","rs17440299","G",0.248677,"T","CGTGA",0.2,0.2,0.4,0.2
"chr19_37219864","rs4507019","T",0.396825,"C","TATAT",0.4,0.6,0,0
"chr6_69938517","rs16900579","A",0.130952,"G","GGGAA",0.4,0,0.6,0
"chr3_5710770","rs9854670","A",0.354497,"T","AGTTA",0.4,0.4,0.2,0
"chr7_84447667","rs78004298","C",0.0026455,"T","AATGT",0.4,0.4,0.2,0
"chr8_8323318","rs56354946","T",0.0343915,"C","TCCGC",0,0.2,0.2,0.6
"chr3_60006588","rs17321950","C",0.031746,"T","TATTC",0.2,0.6,0,0.2
"chr12_28992421","rs11049867","T",0.133598,"A","ACTAA",0.6,0.2,0,0.2
"chr14_40489682","rs10129569","A",0.015873,"G","ATGTG",0.2,0.4,0.4,0
"chr8_101937374","rs3105460","A",0.410053,"G","ACACC",0.4,0,0,0.6
"chr15_77905686","rs12438314","A",0.40873,"G","GTGGT",0,0.4,0.6,0
"chr1_234508956","rs11549817","C",0.0793651,"A","ACACT",0.4,0.2,0,0.4
"chr6_24498052","rs2744577","A",0.367725,"G","CTGTG",0,0.4,0.4,0.2
"chr4_186739430","rs4861684","A",0.263228,"G","CCGCC",0,0,0.2,0.8
"chr2_47620915","rs61493074","G",0.0542328,"T","ACTAG",0.4,0.2,0.2,0.2
"chr17_5176890","rs4790258","A",0.460317,"G","GGGAG",0.2,0,0.8,0
"chr8_23289536","rs7843529","A",0.374339,"G","TCGCA",0.2,0.2,0.2,0.4
"chr2_189565261","rs7599978","A",0.104497,"T","TAAGG",0.4,0.2,0.4,0
"chr12_112977311","rs11066334","G",0.0304233,"A","AAAAA",1,0,0,0
"chr2_85658257",".","C",0.382275,"G","GTCGG",0,0.2,0.6,0.2
"chr3_196679395","rs28498807","G",0.28836,"A","CCACC",0.2,0,0,0.8
"chr3_143744887","rs13074013","G",0.294974,"C","CACGC",0.2,0,0.2,0.6
"chr20_2219222","rs6047560","G",0.124339,"A","TGGGG",0,0.2,0.8,0
"chr1_155123837","rs6676150","C",0.369048,"G","GAGGC",0.2,0,0.6,0.2
"chr2_236415653","rs10176787","C",0.12963,"T","GCTCG",0,0.2,0.4,0.4
"chr20_1149980","rs77625408","T",0.0277778,"C","AACAC",0.6,0,0,0.4
"chr3_3771394","rs9882462","A",0.0687831,"G","CCGTT",0,0.4,0.2,0.4
"chr17_29057197","rs8075357","C",0.0965608,"A","CAAGC",0.4,0,0.2,0.4
"chr4_186269713","rs11132300","T",0.0701058,"G","TGGTT",0,0.6,0.4,0
"chr6_15879117","rs7748171","A",0.108466,"G","TCGCC",0,0.2,0.2,0.6
"chr3_46785131","rs4075011","A",0.150794,"G","AAGGA",0.6,0,0.4,0
"chr2_190577964","rs10207346","G",0.251323,"A","AGGCC",0.2,0,0.4,0.4
"chr7_37790895","rs2709114","A",0.164021,"G","ACATT",0.4,0.4,0,0.2
"chr2_228094512","rs34628999","T",0.215608,"C","ATCCC",0.2,0.2,0,0.6
"chr17_41176688","rs2298862","C",0.35582,"T","TGTAA",0.4,0.4,0.2,0
"chr19_9263963","rs9653162","A",0.201058,"G","CCGAG",0.2,0,0.4,0.4
"chr17_48376663","rs11079909","G",0.382275,"A","TCGCC",0,0.2,0.2,0.6
"chr13_25872402","rs6491036","A",0.0026455,"G","CAATT",0.4,0.4,0,0.2
"chr1_72436036","rs6424454","A",0.398148,"G","GGGAA",0.4,0,0.6,0
"chr12_10424831","rs11053725","A",0.337302,"G","GCATG",0.2,0.2,0.4,0.2
"chr1_16368797","rs1971587","T",0.490741,"G","GGGGC",0,0,0.8,0.2
"chr10_27522843","rs2797079","C",0.280423,"A","CGCAT",0.2,0.2,0.2,0.4
"chr18_77145025","rs9962029","T",0.126984,"C","AGTAA",0.6,0.2,0.2,0
"chr17_46062284","rs2597182","A",0.0238095,"G","GAACC",0.4,0,0.2,0.4
"chr16_1055096","rs184707481","G",0.0727513,"A","AGAGA",0.6,0,0.4,0
"chr21_42891724","rs7282236","A",0.255291,"G","TCGCT",0,0.4,0.2,0.4
"chr10_81665143","rs60600341","A",0.0886243,"G","CGGAA",0.4,0,0.4,0.2
"chr2_24232092","rs72781675","A",0.156085,"G","TGGTC",0,0.4,0.4,0.2
"chr15_66658039","rs62011747","A",0.0978836,"C","ACCAT",0.4,0.2,0,0.4
"chr3_42175979","rs112740014","T",0.0793651,"C","CTCGG",0,0.2,0.4,0.4
"chr16_90093075","rs77270200","A",0.0859788,"G","TGGGT",0,0.4,0.6,0
"chr17_53397150","rs9895713","G",0.175926,"A","TCAGA",0.4,0.2,0.2,0.2
"chr14_81503752","rs12323890","A",0.222222,"C","AACAA",0.8,0,0,0.2
"chr7_117721635","rs10235327","T",0.466931,"C","ATCTC",0.2,0.4,0,0.4
"chr1_26548477","rs12078000","C",0.123016,"A","TGATC",0.2,0.4,0.2,0.2
"chr10_29723097","rs2887241","A",0.400794,"G","AAGTC",0.4,0.2,0.2,0.2
"chr14_42075952","rs1111179","G",0.493386,"T","TGGGA",0.2,0.2,0.6,0
"chr6_22394404","rs72839738","C",0.0410053,"T","CATTG",0.2,0.4,0.2,0.2
"chr19_21556717","rs8103411","T",0.457672,"A","CTATA",0.4,0.4,0,0.2
"chr6_170142791","rs2001592","T",0.342593,"C","GTCTC",0,0.4,0.2,0.4
"chr22_32803289","rs5749429","C",0.0529101,"A","ACACA",0.6,0,0,0.4
"chr2_46073252",".","T",0.298942,"G","GGTTC",0,0.4,0.4,0.2
"chr12_6844246","rs11064336","T",0.0661376,"C","CCCTC",0,0.2,0,0.8
"chr16_31082025","rs11642192","C",0.363757,"T","GGTTA",0.2,0.4,0.4,0
"chr22_42680800","rs86669","C",0.472222,"T","TACCT",0.2,0.4,0,0.4
"chr15_83634521","rs28591510","C",0.193122,"T","CCTTT",0,0.6,0,0.4
"chr17_6001918","rs4796568","C",0.380952,"G","CACAA",0.6,0,0,0.4
"chr2_3805197","rs115262388","T",0.015873,"C","GCCGT",0,0.2,0.4,0.4
"chr2_10130067","rs1549753","G",0.227513,"A","ATACC",0.4,0.2,0,0.4
"chr19_36149761","rs4806187","A",0.472222,"G","GAATG",0.4,0.2,0.4,0
"chr7_7328775","rs2141911","G",0.19709,"A","GTGTG",0,0.4,0.6,0
"chr13_86916875","rs7489649","A",0.223545,"G","CCAAG",0.4,0,0.2,0.4
"chr1_146644199","rs115179956","A",0.227513,"C","CGCCC",0,0,0.2,0.8
"chr4_83857109","rs6535414","A",0.335979,"T","TATTA",0.4,0.6,0,0
"chr3_115485132","rs7620949","A",0.205026,"G","ACGTT",0.2,0.4,0.2,0.2
"chr2_73217955","rs62147719","A",0.0582011,"G","GCGTT",0,0.4,0.4,0.2
"chr11_118950217","rs1307145","G",0.339947,"C","AGCAG",0.4,0,0.4,0.2
"chr7_6456091","rs13235365","T",0.251323,"C","GCCTG",0,0.2,0.4,0.4
"chr22_39507996",".","G",0.437831,"C","CACCC",0.2,0,0,0.8
"chr17_13629609","rs8072760","A",0.367725,"G","AAGTA",0.6,0.2,0.2,0
"chr4_25399679","rs28669083","C",0.437831,"T","TACGC",0.2,0.2,0.2,0.4
"chr11_5210443","rs6421046","C",0.0780423,"T","ATCCC",0.2,0.2,0,0.6
"chrX_85846144","rs73245365","A",0.0811744,"G","AGGAC",0.4,0,0.4,0.2
"chr4_133649979","rs6857094","G",0.441799,"C","CACCC",0.2,0,0,0.8
"chr6_130374461","rs7740107","T",0.259259,"A","TCTTT",0,0.8,0,0.2
"chr7_3581391","rs2614950","G",0.314815,"A","CAATA",0.6,0.2,0,0.2
"chr2_103213881","rs17825681","T",0.384921,"C","GACTA",0.4,0.2,0.2,0.2
"chr20_31479023","rs2019230","C",0.359788,"T","TTCTC",0,0.6,0,0.4
"chr19_1360575","rs3826942","G",0.276455,"A","GAGGA",0.4,0,0.6,0
"chr1_41044105","rs6679895","T",0.466931,"C","CATGC",0.2,0.2,0.2,0.4
"chr1_223198821","rs35620636","A",0.191799,"G","GAGCG",0.2,0,0.6,0.2
"chr6_92550258","rs2454273","C",0.19709,"A","TAACT",0.4,0.4,0,0.2
"chr14_103503352","rs35485315","T",0.0330688,"C","TTCGC",0,0.4,0.2,0.4
"chr2_44997492","rs72794034","G",0.137566,"A","GCAAC",0.4,0,0.2,0.4
"chr6_32914726","rs73396800","C",0.0542328,"G","GAGGA",0.4,0,0.6,0
"chr2_28273595","rs7567655","G",0.0449735,"A","AAAAT",0.8,0.2,0,0
"chr4_68295465","rs62303161","A",0.261905,"C","AGCTA",0.4,0.2,0.2,0.2
"chr6_32505320","rs75880270","T",0.189153,"G","AATTA",0.6,0.4,0,0
"chr16_74720349","rs146751015","T",0.010582,"C","GGCGG",0,0,0.8,0.2
"chr11_94249052","rs536768","A",0.421958,"G","TCAGG",0.2,0.2,0.4,0.2
"chr2_242764404","rs4441512","A",0.407407,"G","GAAGA",0.6,0,0.4,0
"chr11_108460602","rs11212724","C",0.0992063,"G","AAGTG",0.4,0.2,0.4,0
"chr6_89927426","rs10455503","T",0.349206,"G","GTGCG",0,0.2,0.6,0.2
"chr5_167959837","rs2045378","C",0.342593,"G","CCGCA",0.2,0,0.2,0.6
"chr10_82821606","rs7922340","T",0.259259,"C","TTCGG",0,0.4,0.4,0.2
"chr14_95917923","rs4905317","T",0.415344,"C","CACGC",0.2,0,0.2,0.6
"chrX_145592503","rs5920186","T",0.400691,"C","TCCTT",0,0.6,0,0.4
"chr15_67048578","rs71398281","G",0.240741,"A","AAAAA",1,0,0,0
"chr3_42746774","rs10461012","C",0.276455,"G","GTGCA",0.2,0.2,0.4,0.2
"chr5_149495770","rs165979","A",0.466931,"G","TCGTT",0,0.6,0.2,0.2
"chr4_187877388","rs4862748","A",0.42328,"G","TCAGT",0.2,0.4,0.2,0.2
"chr6_32184094",".","A",0.436508,"G","ACGAG",0.4,0,0.4,0.2
"chr16_71951094","rs7350856","T",0.306878,"G","TGGTT",0,0.6,0.4,0
"chr14_64843656","rs2983745","T",0.201058,"C","CTCAG",0.2,0.2,0.2,0.4
"chr1_161619874","rs1771568","G",0.130952,"T","ACTGC",0.2,0.2,0.2,0.4
"chr11_2180796","rs3842755","A",0.232804,"C","CGCAG",0.2,0,0.4,0.4
"chr2_67080778","rs17032637","A",0.0780423,"G","ACGGC",0.2,0,0.4,0.4
"chr16_15699607","rs12918781","G",0.015873,"A","CCAGG",0.2,0,0.4,0.4
"chr1_49089197","rs320035","A",0.386243,"G","AAATA",0.8,0.2,0,0
"chr7_148966202","rs7800756","T",0.0952381,"C","GACGG",0.2,0,0.6,0.2
"chr7_6359132","rs4464855","C",0.104497,"G","TTGAG",0.2,0.4,0.4,0
"chr10_71648374","rs2763363","G",0.259259,"A","CAGTG",0.2,0.2,0.4,0.2
"chr9_136149722","rs630014","A",0.465608,"G","CAAAT",0.6,0.2,0,0.2
"chr1_761610","rs186300092","C",0.0383598,"T","TATGA",0.4,0.4,0.2,0
"chr8_141526038","rs4246131","T",0.145503,"C","AATAC",0.6,0.2,0,0.2
"chr5_9600522","rs78749295","C",0.0886243,"T","CCTCC",0,0.2,0,0.8
"chr12_124165111","rs12823866","C",0.362434,"T","GCTGG",0,0.2,0.6,0.2
"chr15_77381021","rs56373017","C",0.334656,"A","TTCCC",0,0.4,0,0.6
"chr12_120886908","rs1179460","A",0.358466,"G","CAAGT",0.4,0.2,0.2,0.2
"chr10_70930185","rs77615984","G",0.202381,"A","GGAAA",0.6,0,0.4,0
"chr19_46145025","rs2286756","T",0.489418,"G","AGGTG",0.2,0.2,0.6,0
"chr14_73294426","rs112467493","A",0.0793651,"G","GTGAT",0.2,0.4,0.4,0
"chr15_75731908","rs113081400","T",0.247354,"G","TCGAT",0.2,0.4,0.2,0.2
"chr10_43076867","rs7083254","A",0.0978836,"G","TCGCA",0.2,0.2,0.2,0.4
"chr10_63032694","rs4643025","G",0.148148,"A","CAATT",0.4,0.4,0,0.2
"chr1_112113959","rs4838917","A",0.322751,"C","TTCAA",0.4,0.4,0,0.2
"chrX_49390254","rs139331130","A",0.0466321,"G","GAGGT",0.2,0.2,0.6,0
"chr15_102307916","rs62026990","C",0.194444,"T","GCTAG",0.2,0.2,0.4,0.2
"chr4_57868367","rs1713994","A",0.298942,"G","TTGTA",0.2,0.6,0.2,0
"chr8_97493799","rs2440674","G",0.425926,"A","CTGGG",0,0.2,0.6,0.2
"chr5_6585617","rs77967222","G",0.0978836,"A","GCAGC",0.2,0,0.4,0.4
"chr15_58279874","rs34871384","A",0.433862,"C","ATCCA",0.4,0.2,0,0.4
"chr4_142751662","rs60026740","A",0.154762,"G","CTGTC",0,0.4,0.2,0.4
"chr2_130947652","rs3856376","T",0.362434,"G","GCGCA",0.2,0,0.4,0.4
"chr1_739565","rs11485757","C",0.0026455,"G","TGGTT",0,0.6,0.4,0
"chr19_2645230","rs11669738","C",0.160053,"T","TCTCT",0,0.6,0,0.4
"chr7_142560701","rs6950043","C",0.0224868,"G","TGGTC",0,0.4,0.4,0.2
"chr5_33674432","rs79369771","T",0.0277778,"A","TAATT",0.4,0.6,0,0
"chr5_124479497","rs11241790","G",0.477513,"A","GTGTA",0.2,0.4,0.4,0
"chr12_43010058","rs79392142","T",0.0396825,"C","TTCAG",0.2,0.4,0.2,0.2
"chr15_96095245","rs12904391","C",0.369048,"G","TAGAC",0.4,0.2,0.2,0.2
"chr9_79144357","rs653372","A",0.103175,"T","AATTG",0.4,0.4,0.2,0
"chr20_25401827","rs6076348","G",0.28836,"A","AGAAA",0.8,0,0.2,0
"chr2_241626661","rs6437366","C",0.449735,"G","CCCGC",0,0,0.2,0.8
"chr6_34721128","rs6457789","A",0.310847,"G","CCGGG",0,0,0.6,0.4
"chr2_69125605","rs12611735","T",0.460317,"C","CTCCC",0,0.2,0,0.8
"chr2_69923768","rs2136439","T",0.165344,"C","TACAG",0.4,0.2,0.2,0.2
"chr16_68767582","rs11859661","G",0.148148,"C","GAGTG",0.2,0.2,0.6,0
"chr21_43148681","rs13046636","A",0.305556,"C","ATACC",0.4,0.2,0,0.4
"chr3_9404650","rs73126664","G",0.15873,"C","CGCAT",0.2,0.2,0.2,0.4
"chr3_97984940","rs9835030","T",0.452381,"C","GTTTA",0.2,0.6,0.2,0
"chr8_8834845","rs73195758","G",0.0820106,"A","ATATA",0.6,0.4,0,0
"chr11_62413673","rs118093058","T",0.161376,"G","CAGGC",0.2,0,0.4,0.4
"chr5_177376639","rs62397830","T",0.169312,"G","ACTGT",0.2,0.4,0.2,0.2
"chr14_28328807","rs61972797","T",0.23545,"C","CACGC",0.2,0,0.2,0.6
"chr3_155795049","rs35179861","G",0.0992063,"C","AGCCT",0.2,0.2,0.2,0.4
"chr4_57526229","rs6817685","T",0.490741,"A","TGATG",0.2,0.4,0.4,0
"chr13_66344612","rs9317531","A",0.0330688,"T","TATTC",0.2,0.6,0,0.2
"chr4_15603069","rs1134634","G",0.39418,"C","CTGTA",0.2,0.4,0.2,0.2
"chr15_63569902","rs117618017","T",0.12963,"C","CACCG",0.2,0,0.2,0.6
"chr8_26358145","rs10866850","A",0.425926,"G","TTGTG",0,0.6,0.4,0
"chr8_22180242","rs79239395","T",0.0661376,"C","CACGG",0.2,0,0.4,0.4
"chr20_40020026","rs150175796","G",0.0648148,"A","CTACC",0.2,0.2,0,0.6
"chr15_97425886","rs57259749","C",0.198413,"T","TATAG",0.4,0.4,0.2,0
"chr2_76726553","rs1921226","T",0.498677,"C","AACAT",0.6,0.2,0,0.2
"chr19_53193770","rs3745108","A",0.457672,"G","CCAGG",0.2,0,0.4,0.4
"chr1_85364068","rs6669524","G",0.285714,"C","CTCCA",0.2,0.2,0,0.6
"chrX_101382417","rs5944858","A",0.148532,"G","AGGGG",0.2,0,0.8,0
"chr11_45228686","rs12284404","A",0.289683,"G","ACGGA",0.4,0,0.4,0.2
"chr3_121295274","rs12486334","T",0.415344,"C","GCCTC",0,0.2,0.2,0.6
"chr18_33394543","rs145152090","G",0.0661376,"A","AAACA",0.8,0,0,0.2
"chr1_168873047","rs17572847","C",0.103175,"T","ATTAA",0.6,0.4,0,0
"chr6_155880958","rs4869862","T",0.367725,"A","GGTGG",0,0.2,0.8,0
"chr6_13321856","rs2458307","C",0.227513,"T","CATAT",0.4,0.4,0,0.2
"chr22_42351481","rs4822069","C",0.441799,"T","GTTGC",0,0.4,0.4,0.2
"chr5_135996602","rs4301231","T",0.310847,"C","TCCTT",0,0.6,0,0.4
"chr5_57901035","rs290570","G",0.473545,"T","GGGTC",0,0.2,0.6,0.2
"chr7_92087316","rs10257981","C",0.149471,"T","TATGG",0.2,0.4,0.4,0
"chr6_133032759","rs3798792","G",0.343915,"A","TCATG",0.2,0.4,0.2,0.2
"chr3_125634825","rs7644102","C",0.171958,"T","CCTAG",0.2,0.2,0.2,0.4
"chr14_38415168","rs1170024","A",0.43254,"G","CCGCC",0,0,0.2,0.8
"chr6_23777752","rs151049300","C",0.243386,"A","CCATA",0.4,0.2,0,0.4
"chr10_113473534","rs9633681","T",0.25,"A","GCAGC",0.2,0,0.4,0.4
"chr21_28230346","rs35414740","C",0.292328,"G","CAGAC",0.4,0,0.2,0.4
"chr7_137867639","rs1373675","A",0.251323,"G","CCGCC",0,0,0.2,0.8
"chr14_100651765","rs34622589","T",0.0582011,"C","TACTT",0.2,0.6,0,0.2
"chr11_18850854","rs12364365","T",0.25,"C","CCCTC",0,0.2,0,0.8
"chr16_83291378","rs112529445","G",0.0502646,"T","TGTGT",0,0.6,0.4,0
"chr10_82223767","rs10887933","G",0.457672,"A","TAAAA",0.8,0.2,0,0
"chr7_144118693","rs2189530","T",0.318783,"C","AACGG",0.4,0,0.4,0.2
"chr11_22521073","rs4625465","C",0.346561,"T","TCTGT",0,0.6,0.2,0.2
"chr18_64348916","rs75609196","A",0.0873016,"G","CCGAC",0.2,0,0.2,0.6
"chr1_32564251","rs11807628","G",0.0608466,"A","GCATG",0.2,0.2,0.4,0.2
"chr2_69551052","rs10198171","T",0.402116,"C","CCTGC",0,0.2,0.2,0.6
"chr17_73257986","rs8075276","C",0.183862,"T","GGCTG",0,0.2,0.6,0.2
"chr7_112118005","rs3095025","A",0.338624,"G","CTGTA",0.2,0.4,0.2,0.2
"chr10_5320943","rs9423400","C",0.42328,"G","GGCAG",0.2,0,0.6,0.2
"chr21_18655228","rs62239531","G",0.420635,"A","CCACC",0.2,0,0,0.8
"chr4_7447237","rs11729625","G",0.284392,"A","GCGGC",0,0,0.6,0.4
"chr3_98996148","rs993235","C",0.411376,"T","TCCGG",0,0.2,0.4,0.4
"chr1_145094584","rs56123200","C",0.108466,"T","CCTGT",0,0.4,0.2,0.4
"chr9_135068323","rs11243661","A",0.116402,"G","GCGGG",0,0,0.8,0.2
"chr9_108281208","rs7357782","G",0.490741,"A","AAAAA",1,0,0,0
"chr12_53752204","rs61928080","A",0.335979,"G","ACGCC",0.2,0,0.2,0.6
"chr2_90065702","rs117634458","A",0.00396825,"G","CCGTT",0,0.4,0.2,0.4
"chr6_45818738","rs6458471","A",0.345238,"C","GTCTC",0,0.4,0.2,0.4
"chr2_9782006","rs10929592","G",0.107143,"A","GGATA",0.4,0.2,0.4,0
"chr14_73348130","rs17182027","G",0.420635,"A","CAGTC",0.2,0.2,0.2,0.4
"chr9_115815398","rs10981621","G",0.420635,"A","CTGTA",0.2,0.4,0.2,0.2
"chr17_27917771","rs3110496","A",0.32672,"G","CAACG",0.4,0,0.2,0.4
"chr1_115120684","rs3789626","T",0.477513,"C","CGTGC",0,0.2,0.4,0.4
"chrX_115751442","rs66834529","C",0.390328,"T","TACGA",0.4,0.2,0.2,0.2
"chr18_74660728","rs470802","A",0.391534,"G","GAATG",0.4,0.2,0.4,0
"chr11_378241","rs11600675","C",0.0198413,"T","AATTC",0.4,0.4,0,0.2
"chr13_20774356","rs73431560","G",0.0634921,"C","AACAA",0.8,0,0,0.2
"chr5_1662590","rs59056250","A",0.14418,"C","GCCGG",0,0,0.6,0.4
"chr12_9939267","rs12423554","G",0.345238,"C","ACCTG",0.2,0.2,0.2,0.4
"chr15_28170394","rs1597200","T",0.402116,"C","AACAC",0.6,0,0,0.4
"chr8_78626591","rs9693046","G",0.042328,"T","GGTGT",0,0.4,0.6,0
"chr14_44706143","rs9323097","A",0.214286,"G","CGGGT",0,0.2,0.6,0.2
"chr11_5024427","rs2445295","C",0.0661376,"T","CCTTA",0.2,0.4,0,0.4
"chr11_19301860","rs12789977","G",0.390212,"C","TTCTA",0.2,0.6,0,0.2
"chr11_66176155","rs4930365","G",0.335979,"T","GAGCA",0.4,0,0.4,0.2
"chr2_132246306","rs13386312","T",0.0806878,"C","CTCCT",0,0.4,0,0.6
"chr1_53763851","rs2297824","A",0.0806878,"G","CCGGA",0.2,0,0.4,0.4
"chr16_87488898","rs35726809","A",0.338624,"C","CCCCG",0,0,0.2,0.8
"chr16_65278069","rs7203780","A",0.189153,"G","CCGTG",0,0.2,0.4,0.4
"chr1_170382247","rs4397704","T",0.134921,"C","AACCC",0.4,0,0,0.6
"chrX_102511915","rs5987713","T",0.0120898,"G","ATGAT",0.4,0.4,0.2,0
"chr13_38614591","rs9548164","A",0.498677,"C","GACAA",0.6,0,0.2,0.2
"chr1_120693210","rs61789907","A",0.117725,"G","GAAGA",0.6,0,0.4,0
"chr9_96392019","rs7865712","A",0.470899,"G","GCATA",0.4,0.2,0.2,0.2
"chr4_122358335","rs13125248","T",0.156085,"C","TCCTT",0,0.6,0,0.4
"chr11_67265444","rs78790481","G",0.010582,"A","GCAGA",0.4,0,0.4,0.2
"chr19_17426501","rs3826700","G",0.451058,"T","GTTGC",0,0.4,0.4,0.2
"chr7_30748323","rs24003","T",0.384921,"C","CATGG",0.2,0.2,0.4,0.2
"chr1_9549753","rs9700008","C",0.257937,"T","TTTTT",0,1,0,0
"chr1_201237112","rs6427896","A",0.398148,"C","ATCCA",0.4,0.2,0,0.4
"chr11_18800285","rs7129580","T",0.284392,"G","TGTGC",0,0.4,0.4,0.2
"chr17_77958419","rs9900976","G",0.415344,"T","AGTGA",0.4,0.2,0.4,0
"chr3_49392620","rs11720657","A",0.232804,"G","GCAGG",0.2,0,0.6,0.2
"chr6_134630812","rs9402588","T",0.203704,"C","AACTT",0.4,0.4,0,0.2
"chr1_208997091","rs4844444","T",0.433862,"C","AGCGG",0.2,0,0.6,0.2
"chr6_28465355","rs2859356","T",0.171958,"C","GACAA",0.6,0,0.2,0.2
"chr19_54551117","rs10416946","C",0.466931,"T","GTTGC",0,0.4,0.4,0.2
"chr4_104020422","rs6830624","C",0.275132,"T","TATGC",0.2,0.4,0.2,0.2
"chr6_153119212","rs7767039","A",0.154762,"G","TCGGT",0,0.4,0.4,0.2
"chrX_115320589","rs5905279","A",0.405872,"G","GCACC",0.2,0,0.2,0.6
"chr19_15764955","rs2683048","T",0.0701058,"C","CCCGT",0,0.2,0.2,0.6
"chr16_3085375","rs11077096","A",0.32672,"G","GGGCC",0,0,0.6,0.4
"chr1_182381835","rs17463552","A",0.253968,"G","ACGGA",0.4,0,0.4,0.2
"chr7_65489348","rs62467387","A",0.0529101,"G","TCGAA",0.4,0.2,0.2,0.2
"chr16_77697379","rs7204888","T",0.339947,"A","AGTTC",0.2,0.4,0.2,0.2
"chr10_45626375","rs34943832","A",0.324074,"C","ATCTT",0.2,0.6,0,0.2
"chr16_25037540","rs62033267","G",0.34127,"A","GCGGG",0,0,0.8,0.2
"chr9_26939464","rs7031984","T",0.0462963,"A","TAATG",0.4,0.4,0.2,0
"chr12_89930399","rs4842661","G",0.231481,"A","TCACA",0.4,0.2,0,0.4
"chr16_2350998","rs6600187","G",0.220899,"A","CCGAG",0.2,0,0.4,0.4
"chr12_131814819","rs11608261","T",0.195767,"C","TACGC",0.2,0.2,0.2,0.4
"chr12_53840385","rs8652","C",0.157407,"T","CTTGG",0,0.4,0.4,0.2
"chr2_163682013","rs1493004","C",0.365079,"G","TGCTG",0,0.4,0.4,0.2
"chr5_108232077","rs62360827","T",0.210317,"C","ACCAG",0.4,0,0.2,0.4
"chr7_24286717","rs6973464","A",0.0357143,"G","GCAGA",0.4,0,0.4,0.2
"chr12_76130516","rs1275571","T",0.478836,"C","GGTCA",0.2,0.2,0.4,0.2
"chr19_14179646","rs148951477","T",0.0198413,"C","TGCGA",0.2,0.2,0.4,0.2
"chr8_19605130","rs1021437","C",0.39418,"T","TTCGG",0,0.4,0.4,0.2
"chr19_19900984","rs12710110","G",0.391534,"A","AAAAT",0.8,0.2,0,0
"chr7_64554705","rs4507646","G",0.489418,"T","TGGCT",0,0.4,0.4,0.2
"chr6_28014025","rs156738","C",0.251323,"G","AAGCT",0.4,0.2,0.2,0.2
"chr21_39185760","rs8131210","G",0.477513,"A","TAGGC",0.2,0.2,0.4,0.2
"chr2_141235749","rs11896567","T",0.0515873,"C","CTCGC",0,0.2,0.2,0.6
"chr2_152154221","rs10207408","A",0.468254,"G","AGGCA",0.4,0,0.4,0.2
"chr10_57809031","rs11005196","T",0.037037,"G","CTGTT",0,0.6,0.2,0.2
"chr4_24066892","rs59744082","C",0.238095,"A","CTAGG",0.2,0.2,0.4,0.2
"chr17_66812495","rs4254382","C",0.431217,"T","ATTTT",0.2,0.8,0,0
"chrX_130262452","rs7055082","G",0.340242,"T","CCTTG",0,0.4,0.2,0.4
"chr7_104430056","rs4730049","G",0.498677,"A","ACACC",0.4,0,0,0.6
"chr2_162276981","rs10175058","C",0.468254,"T","CTTGT",0,0.6,0.2,0.2
"chr9_135168934","rs77990140","A",0.0939153,"G","CCGAG",0.2,0,0.4,0.4
"chr13_60923564","rs9570293","T",0.350529,"A","ATAAA",0.8,0.2,0,0
"chrX_56053039","rs12394916","G",0.029361,"A","CCAGA",0.4,0,0.2,0.4
"chr11_57385856","rs112764194","T",0.260582,"C","CTCGA",0.2,0.2,0.2,0.4
"chr3_189442017","rs77744581","T",0.12963,"C","TGCGA",0.2,0.2,0.4,0.2
"chr3_183758506","rs7621975","A",0.193122,"G","GAGTT",0.2,0.4,0.4,0
"chr1_218700528","rs7524827","T",0.116402,"A","ACATG",0.4,0.2,0.2,0.2
"chr1_204134881","rs6665480","A",0.12037,"G","CCGGC",0,0,0.4,0.6
"chr1_31846775","rs71646317","T",0.119048,"C","CCCCT",0,0.2,0,0.8
"chr8_60207280","rs79077477","C",0.0343915,"T","GATTG",0.2,0.4,0.4,0
"chr4_139854158","rs6837056","G",0.183862,"A","ACGCC",0.2,0,0.2,0.6
"chr9_23408543","rs4461978","C",0.39418,"T","GATAG",0.4,0.2,0.4,0
"chr8_127994279","rs10099074","G",0.207672,"A","GTAAA",0.6,0.2,0.2,0
"chr18_4745998","rs61355648","T",0.115079,"C","AGCTG",0.2,0.2,0.4,0.2
"chr5_14497249","rs62345876","T",0.0251323,"C","CCCGT",0,0.2,0.2,0.6
"chr16_15479507","rs141389344","T",0.0291005,"C","TGCCA",0.2,0.2,0.2,0.4
"chr17_42430244","rs5848","T",0.30291,"C","TCCCC",0,0.2,0,0.8
"chr22_17058616","rs16980739","T",0.141534,"C","AGCTT",0.2,0.4,0.2,0.2
"chr2_238224903","rs4371309","A",0.234127,"G","GTGGT",0,0.4,0.6,0
"chr14_76938527","rs11620729","A",0.271164,"C","AACGG",0.4,0,0.4,0.2
"chr6_30889260","rs2517467","G",0.42328,"A","GGGGG",0,0,1,0
"chr1_113549162","rs34565381","A",0.320106,"T","AGATT",0.4,0.4,0.2,0
"chr2_148939333","rs11676430","C",0.400794,"T","GCTTC",0,0.4,0.2,0.4
"chr13_34862807","rs9571335","T",0.0608466,"A","ATAAA",0.8,0.2,0,0
"chr11_94357772","rs7102628","T",0.26455,"G","GGGTG",0,0.2,0.8,0
"chr5_140110242","rs113598701","T",0.248677,"C","TGCCC",0,0.2,0.2,0.6
"chr9_13855018","rs9407556","T",0.251323,"C","CACGT",0.2,0.2,0.2,0.4
"chr4_79199111","rs7681247","G",0.334656,"A","GCACC",0.2,0,0.2,0.6
"chr2_174878126","rs13024463","A",0.437831,"G","CCGCC",0,0,0.2,0.8
"chr4_100557394","rs17029251","A",0.116402,"G","CAGAT",0.4,0.2,0.2,0.2
"chr3_95843993","rs188404136","A",0.031746,"G","CCGAG",0.2,0,0.4,0.4
"chr14_23780222","rs10149339","G",0.0185185,"A","ACACA",0.6,0,0,0.4
"chr19_22749374","rs111855721","A",0.0568783,"G","GAGCT",0.2,0.2,0.4,0.2
"chr5_156811674","rs10063539","A",0.124339,"G","GCGCG",0,0,0.6,0.4
"chr4_132527614","rs72673628","G",0.0992063,"A","GTACT",0.2,0.4,0.2,0.2
"chr7_153633796","rs12533500","C",0.34127,"T","GCTGA",0.2,0.2,0.4,0.2
"chr12_51745822","rs11341","T",0.128307,"C","TGTAG",0.2,0.4,0.4,0
"chr11_86295765","rs1945139","T",0.361111,"C","TACAT",0.4,0.4,0,0.2
"chr7_76209459","rs17718122","G",0.291005,"A","TAAGA",0.6,0.2,0.2,0
"chr19_15785318","rs62104453","C",0.0978836,"T","TTCGT",0,0.6,0.2,0.2
"chr19_22097253","rs182218389","T",0.0132275,"A","TAACT",0.4,0.4,0,0.2
"chr19_46507258","rs4280360","A",0.380952,"G","GCACC",0.2,0,0.2,0.6
"chr15_45425864","rs1648282","G",0.429894,"A","GAGCA",0.4,0,0.4,0.2
"chr14_72463783","rs4598834","T",0.103175,"C","TATTG",0.2,0.6,0.2,0
"chr1_21935705","rs3817041","G",0.231481,"T","AGTCT",0.2,0.4,0.2,0.2
"chr11_643915","rs936464","C",0.493386,"T","CTCGC",0,0.2,0.2,0.6
"chr11_71499193","rs1814921","C",0.469577,"T","CTCTC",0,0.4,0,0.6
"chr16_56677634","rs57778164","C",0.271164,"T","TCCGA",0.2,0.2,0.2,0.4
"chr7_26438728","rs1238010","G",0.410053,"T","CCTTC",0,0.4,0,0.6
"chr12_86458050","rs11117177","A",0.181217,"C","CTCGG",0,0.2,0.4,0.4
"chr19_8128591","rs3136657","C",0.39418,"T","GACAC",0.4,0,0.2,0.4
"chr22_38881454","rs86796","A",0.386243,"C","CAATC",0.4,0.2,0,0.4
"chr17_34967378","rs11654848","G",0.399471,"A","CCGAG",0.2,0,0.4,0.4
"chr4_170875772","rs2955266","C",0.402116,"T","TCCGA",0.2,0.2,0.2,0.4
"chr12_100900428","rs111372561","T",0.0330688,"C","CACGC",0.2,0,0.2,0.6
"chrX_72284270","rs35616317","C",0.314335,"A","CCCAA",0.4,0,0,0.6
"chr1_185259731","rs2378909","G",0.431217,"A","GTAAA",0.6,0.2,0.2,0
"chr17_40022168","rs71373462","T",0.154762,"C","GTCGC",0,0.2,0.4,0.4
"chr20_7634848","rs17403306","G",0.208995,"A","TAAAT",0.6,0.4,0,0
"chr6_13239614","rs12525681","T",0.0568783,"C","TGCAC",0.2,0.2,0.2,0.4
"chr14_23289056","rs17122779","G",0.191799,"A","CCAGG",0.2,0,0.4,0.4
"chr7_23741943","rs1051576","C",0.373016,"T","TGCCT",0,0.4,0.2,0.4
"chr11_63549018","rs61928242","C",0.272487,"A","TAAAA",0.8,0.2,0,0
"chr17_56431530","rs2877877","G",0.170635,"A","CCATC",0.2,0.2,0,0.6
"chr4_3510598","rs3182","G",0.441799,"A","GCGAG",0.2,0,0.6,0.2
"chr2_165559843","rs73013656","A",0.0410053,"G","ATGCA",0.4,0.2,0.2,0.2
"chr8_15953520","rs6981442","G",0.234127,"A","GGGAA",0.4,0,0.6,0
"chr7_28900091","rs16874697","T",0.154762,"C","ACCTT",0.2,0.4,0,0.4
"chr2_132137428","rs10208935","A",0.27381,"C","TCATG",0.2,0.4,0.2,0.2
"chr1_247393142","rs12145632","C",0.128307,"T","GATGA",0.4,0.2,0.4,0
"chr1_92881607","rs80215994","T",0.193122,"C","CACTG",0.2,0.2,0.2,0.4
"chr9_95857720","rs10821067","G",0.228836,"A","CGGGG",0,0,0.8,0.2
"chr20_62309839","rs6010620","A",0.227513,"G","GCACC",0.2,0,0.2,0.6
"chr7_44427149","rs9648536","A",0.157407,"G","AAGAA",0.8,0,0.2,0
"chr16_1004873",".","T",0.0886243,"C","CGCGG",0,0,0.6,0.4
"chr10_55372307","rs7896738","G",0.19709,"A","AGAGA",0.6,0,0.4,0
"chr10_132920504","rs56333118","C",0.243386,"G","AAGGA",0.6,0,0.4,0
"chr5_100167508","rs72778607","A",0.305556,"T","ATTTT",0.2,0.8,0,0
"chr9_131617167","rs2759013","G",0.275132,"A","GGGGA",0.2,0,0.8,0
"chr6_31762844","rs2753960","T",0.417989,"G","GGGAG",0.2,0,0.8,0
"chr9_116025982","rs41280229","C",0.234127,"A","TGACC",0.2,0.2,0.2,0.4
"chr7_133183459","rs17597732","T",0.0132275,"C","TACCA",0.4,0.2,0,0.4
"chr4_4597411","rs4689895","C",0.244709,"G","TGGTC",0,0.4,0.4,0.2
"chr11_75304999","rs581522","C",0.32672,"T","TACAA",0.6,0.2,0,0.2
"chr7_1540049","rs2304358","G",0.47619,"A","TCACC",0.2,0.2,0,0.6
"chr7_33735805","rs73692648","C",0.0132275,"T","CATTT",0.2,0.6,0,0.2
"chr8_125462350","rs4613980","G",0.0833333,"A","GCAAA",0.6,0,0.2,0.2
"chr2_159329385","rs62182679","G",0.0992063,"C","ATGGG",0.2,0.2,0.6,0
"chr20_59058168","rs348784","A",0.186508,"C","TTATG",0.2,0.6,0.2,0
"chr6_32632700",".","T",0.488095,"A","CCTGC",0,0.2,0.2,0.6
"chr17_4985233","rs111261071","G",0.0965608,"A","GCATG",0.2,0.2,0.4,0.2
"chr3_171061886","rs9824791","A",0.468254,"G","AAAAG",0.8,0,0.2,0
"chr12_91749836","rs74237878","C",0.0277778,"T","AGTTG",0.2,0.4,0.4,0
"chr11_47881487","rs76472587","A",0.149471,"G","TGGCA",0.2,0.2,0.4,0.2
"chr19_9111259","rs1609455","C",0.253968,"G","AGGGC",0.2,0,0.6,0.2
"chr14_57581664","rs61994927","G",0.424603,"A","GAACA",0.6,0,0.2,0.2
"chr9_102227266","rs7866560","A",0.359788,"C","ACAAA",0.8,0,0,0.2
"chr21_33178617","rs12397629","G",0.406085,"A","CTGCA",0.2,0.2,0.2,0.4
"chr7_155243008","rs3948592","T",0.132275,"C","GATGT",0.2,0.4,0.4,0
"chr7_64116396","rs6973333","G",0.421958,"C","CACGT",0.2,0.2,0.2,0.4
"chr7_149740837","rs7796699","T",0.156085,"C","ATTAG",0.4,0.4,0.2,0
"chr1_62483599","rs34726576","A",0.25,"G","AAGGT",0.4,0.2,0.4,0
"chrX_119360906","rs7879471","T",0.0172712,"A","AAATT",0.6,0.4,0,0
"chr19_39545785","rs113102549","G",0.113757,"A","AAAAA",1,0,0,0
"chr13_43269247","rs9525664","A",0.414021,"G","CCAGG",0.2,0,0.4,0.4
"chr1_162938179","rs17438400","T",0.378307,"C","TCCTC",0,0.4,0,0.6
"chr19_54021745","rs12984958","A",0.359788,"C","ATCCT",0.2,0.4,0,0.4
"chr3_188464924","rs9858941","G",0.0502646,"C","TCGCA",0.2,0.2,0.2,0.4
"chrX_119229036","rs12556825","C",0.0829016,"G","AGGCC",0.2,0,0.4,0.4
"chr6_109998285","rs829817","T",0.316138,"C","GGCCT",0,0.2,0.4,0.4
"chr2_132312325","rs11900136","C",0.474868,"T","TACGT",0.2,0.4,0.2,0.2
"chr11_71533368","rs10792952","A",0.357143,"G","CAACG",0.4,0,0.2,0.4
"chr2_128405642","rs62161993","T",0.0582011,"C","CCCTC",0,0.2,0,0.8
"chr7_132607171","rs7790787","T",0.30291,"C","CATCA",0.4,0.2,0,0.4
"chr5_13459728","rs1373993","T",0.232804,"C","GTCGG",0,0.2,0.6,0.2
"chr11_828916","rs7126805","G",0.30291,"A","CCGGG",0,0,0.6,0.4
"chr17_46043282","rs58848175","G",0.376984,"A","CCAGG",0.2,0,0.4,0.4
"chr15_64472180","rs78965170","A",0.0357143,"G","TCGAA",0.4,0.2,0.2,0.2
"chr4_41144983","rs10002235","T",0.411376,"G","CAGCC",0.2,0,0.2,0.6
"chr5_177023098","rs6634","T",0.444444,"A","ATAAA",0.8,0.2,0,0
"chr4_135058123","rs1390011","C",0.333333,"T","TGTGT",0,0.6,0.4,0
"chr13_109527047","rs28435863","C",0.37037,"T","ATTAT",0.4,0.6,0,0
"chr16_57481670","rs223861","T",0.265873,"C","TGTCT",0,0.6,0.2,0.2
"chr3_10169114","rs3894324","A",0.128307,"G","AAGAT",0.6,0.2,0.2,0
"chr12_132673707","rs11246977","G",0.481481,"C","GGCGT",0,0.2,0.6,0.2
"chr8_143782614","rs13272904","C",0.458995,"T","CATGT",0.2,0.4,0.2,0.2
"chr7_102776724","rs7796971","A",0.126984,"T","AATGC",0.4,0.2,0.2,0.2
"chr3_37218461","rs9854641","C",0.44709,"T","TCTGT",0,0.6,0.2,0.2
"chr18_11945622","rs72871648","T",0.349206,"C","TACTG",0.2,0.4,0.2,0.2
"chr3_128391789","rs6806687","T",0.346561,"C","GATAG",0.4,0.2,0.4,0
"chr3_150302010","rs14434","C",0.157407,"T","AACAA",0.8,0,0,0.2
"chr18_9677288","rs116953370","G",0.026455,"T","CCTCA",0.2,0.2,0,0.6
"chr4_174029798","rs934357","A",0.123016,"G","AAAGT",0.6,0.2,0.2,0
"chr18_21739725","rs1049684","C",0.396825,"T","CCTGG",0,0.2,0.4,0.4
"chr10_17270912","rs3758412","G",0.314815,"A","AGACC",0.4,0,0.2,0.4
"chr6_26930971","rs12175014","T",0.14418,"G","ATGGT",0.2,0.4,0.4,0
"chr19_21125401","rs11669193","C",0.140212,"T","GTTTG",0,0.6,0.4,0
"chr18_33767568","rs113873219","A",0.100529,"C","AGCGC",0.2,0,0.4,0.4
"chr4_48072607","rs74486918","T",0.115079,"A","TTATT",0.2,0.8,0,0
"chr6_30990173","rs75059862","C",0.123016,"A","TGATC",0.2,0.4,0.2,0.2
"chr2_114578331","rs6705329","A",0.403439,"G","CCATC",0.2,0.2,0,0.6
"chr1_65782658","rs4916041","T",0.466931,"A","TTTAA",0.4,0.6,0,0
"chr16_78430840","rs4609864","G",0.260582,"A","TTGGA",0.2,0.4,0.4,0
"chr12_72959806","rs12298959","G",0.15873,"A","CTAAA",0.6,0.2,0,0.2
"chr20_16996986","rs8120022","T",0.247354,"C","TCCGC",0,0.2,0.2,0.6
"chrX_56198165","rs4375141","G",0.388601,"A","CCGTG",0,0.2,0.4,0.4
"chr4_189342143","rs4395553","C",0.234127,"T","AGCAC",0.4,0,0.2,0.4
"chr2_222057787","rs1347037","G",0.407407,"T","ATTAA",0.6,0.4,0,0
"chr3_141687223","rs12330323","A",0.259259,"C","ATCTC",0.2,0.4,0,0.4
"chr10_17202865","rs725355","T",0.48545,"C","TATTG",0.2,0.6,0.2,0
"chr12_20929198","rs1588920","T",0.363757,"A","AGTTC",0.2,0.4,0.2,0.2
"chr7_53006945","rs1624657","T",0.153439,"C","CCTGC",0,0.2,0.2,0.6
"chr4_119506139","rs7689541","A",0.39418,"G","CCGGT",0,0.2,0.4,0.4
"chr7_101378854","rs55824898","A",0.23545,"G","GCGGG",0,0,0.8,0.2
"chr12_25380840","rs61762365","A",0.0304233,"G","TCGCA",0.2,0.2,0.2,0.4
"chr11_76117161","rs867248","T",0.230159,"C","GGCAT",0.2,0.2,0.4,0.2
"chr19_12709314","rs55856594","T",0.00925926,"G","CCGAG",0.2,0,0.4,0.4
"chr6_55949029","rs10948971","T",0.132275,"A","TAAAA",0.8,0.2,0,0
"chr8_126495818","rs10808546","T",0.444444,"C","CACGA",0.4,0,0.2,0.4
"chr7_9671640","rs6963141","T",0.165344,"G","CATAA",0.6,0.2,0,0.2
"chr6_38342073","rs59748571","A",0.343915,"G","ATGTA",0.4,0.4,0.2,0
"chr19_41257816","rs2604874","C",0.261905,"A","AACAT",0.6,0.2,0,0.2
"chr5_174439987","rs56098543","G",0.284392,"A","CCACC",0.2,0,0,0.8
"chr10_123021241","rs10788154","C",0.367725,"A","ACATG",0.4,0.2,0.2,0.2
"chr19_21027125","rs149842863","G",0.0621693,"A","CCAAT",0.4,0.2,0,0.4
"chr18_43266094","rs12454072","A",0.115079,"G","CAGGT",0.2,0.2,0.4,0.2
"chr21_37347699","rs8129690","G",0.337302,"A","ACATT",0.4,0.4,0,0.2
"chr2_239945538","rs68139783","G",0.322751,"C","AGCAG",0.4,0,0.4,0.2
"chr9_10829742","rs7042578","A",0.23545,"G","GTGGG",0,0.2,0.8,0
"chr2_239129500","rs11692288","T",0.333333,"G","CCGGT",0,0.2,0.4,0.4
"chr22_31252577","rs4820908","C",0.257937,"T","CGTTG",0,0.4,0.4,0.2
"chr14_94789192","rs1998057","C",0.384921,"A","CCAGG",0.2,0,0.4,0.4
"chr14_21118203","rs74242298","C",0.010582,"T","CATTT",0.2,0.6,0,0.2
"chr11_8709337","rs2036422","A",0.387566,"G","CCGGC",0,0,0.4,0.6
"chr12_132105736","rs6598215","C",0.275132,"T","GGCGG",0,0,0.8,0.2
"chr2_11121245","rs896753","T",0.425926,"C","CACTG",0.2,0.2,0.2,0.4
"chr11_124678371","rs73611500","A",0.015873,"G","AAGTA",0.6,0.2,0.2,0
"chr16_33040349","rs12149760","A",0.268519,"G","CGGGG",0,0,0.8,0.2
"chr3_191851051","rs9873046","T",0.0661376,"C","GATAG",0.4,0.2,0.4,0
"chr4_3974172","rs73078846","G",0.255291,"C","TTCCC",0,0.4,0,0.6
"chr17_74883796","rs150509328","T",0.0515873,"C","CCCGG",0,0,0.4,0.6
"chr16_5908224","rs1436382","C",0.398148,"T","GACAG",0.4,0,0.4,0.2
"chr12_57870648","rs512490","A",0.0410053,"G","AGATT",0.4,0.4,0.2,0
"chr7_100200674","rs2686815","T",0.441799,"C","CCCAC",0.2,0,0,0.8
"chr5_143761211","rs1594054","T",0.452381,"G","ACTCA",0.4,0.2,0,0.4
"chr6_160288351",".","C",0.300265,"T","CCCGA",0.2,0,0.2,0.6
"chr7_149764613","rs4410817","T",0.42328,"C","ACCTC",0.2,0.2,0,0.6
"chr4_122436261","rs6828751","T",0.452381,"C","CTCGC",0,0.2,0.2,0.6
"chr12_13108347","rs4763910","C",0.354497,"T","GTTCT",0,0.6,0.2,0.2
"chr18_21627015","rs4800536","T",0.18254,"C","TTTGC",0,0.6,0.2,0.2
"chr17_38980263","rs8082176","A",0.453704,"G","GGGCT",0,0.2,0.6,0.2
"chr9_15882675","rs2987045","C",0.152116,"T","CTCAA",0.4,0.2,0,0.4
"chr6_113406701","rs7749382","A",0.218254,"T","TATGA",0.4,0.4,0.2,0
"chr4_77414144","rs10008637","C",0.448413,"T","GGTGG",0,0.2,0.8,0
"chr5_49784648","rs6886802","A",0.431217,"G","TCAAG",0.4,0.2,0.2,0.2
"chr7_100817676","rs740107","A",0.246032,"G","CCAGA",0.4,0,0.2,0.4
"chr2_42129595","rs4952534","C",0.458995,"A","AAATG",0.6,0.2,0.2,0
"chr6_31947594","rs389512","C",0.133598,"G","AAGTG",0.4,0.2,0.4,0
"chr7_137041669","rs161340","G",0.477513,"T","TGTGT",0,0.6,0.4,0
"chr9_109642696","rs954585","G",0.343915,"A","GAAGT",0.4,0.2,0.4,0
"chr1_108091675","rs12566146","C",0.160053,"T","CTTTA",0.2,0.6,0,0.2
"chr6_30045998",".","C",0.185185,"A","CTACT",0.2,0.4,0,0.4
"chr5_29748051","rs58023341","C",0.109788,"T","GGTTC",0,0.4,0.4,0.2
"chr6_152629815","rs4112833","C",0.177249,"T","TACCA",0.4,0.2,0,0.4
"chr11_119301942","rs12418370","A",0.261905,"G","GGGGA",0.2,0,0.8,0
"chr8_110737591","rs3108870","A",0.378307,"G","GAGCT",0.2,0.2,0.4,0.2
"chr3_136492637","rs35198484","A",0.17328,"G","GAGAA",0.6,0,0.4,0
"chr12_70204804","rs7315712","T",0.333333,"G","ACGCT",0.2,0.2,0.2,0.4
"chr1_51761602","rs2297182","T",0.0277778,"G","ACGCA",0.4,0,0.2,0.4
"chr2_214980931","rs78187557","A",0.115079,"G","GAGAC",0.4,0,0.4,0.2
"chr3_50300117","rs4141060","C",0.166667,"T","AGTCC",0.2,0.2,0.2,0.4
"chr12_48134360","rs10875688","T",0.294974,"G","AGGGG",0.2,0,0.8,0
"chr4_3517483","rs3135165","C",0.232804,"G","AGGAA",0.6,0,0.4,0
"chr5_61007266","rs860648","C",0.325397,"T","ATTCT",0.2,0.6,0,0.2
"chr19_58951811","rs9304814","A",0.484127,"C","GGCAG",0.2,0,0.6,0.2
"chr2_240906759","rs4267538","A",0.154762,"G","CCGCT",0,0.2,0.2,0.6
"chr4_185830043","rs75069678","T",0.134921,"C","CACGG",0.2,0,0.4,0.4
"chr22_41689509","rs5996014","T",0.234127,"C","GGTGC",0,0.2,0.6,0.2
"chr7_100805460","rs10755866","G",0.256614,"A","TCGCC",0,0.2,0.2,0.6
"chr22_22048862","rs5999098","T",0.32672,"C","CACCT",0.2,0.2,0,0.6
"chr2_86641355","rs882990","G",0.30291,"C","AGGCA",0.4,0,0.4,0.2
"chr1_210160689","rs11119384","G",0.010582,"A","TTAAA",0.6,0.4,0,0
"chr20_35785597","rs6017393","T",0.228836,"C","TGTAC",0.2,0.4,0.2,0.2
"chr19_49378514","rs594600","G",0.280423,"A","GAAAG",0.6,0,0.4,0
"chr6_74234043","rs9446917","T",0.265873,"A","ACTTA",0.4,0.4,0,0.2
"chr5_154357542","rs141488736","T",0.0859788,"C","GACCA",0.4,0,0.2,0.4
"chr11_35257316","rs7119757","G",0.28836,"A","ACGTG",0.2,0.2,0.4,0.2
"chr5_54944976","rs11738633","G",0.351852,"C","TAGCA",0.4,0.2,0.2,0.2
"chr5_6527088","rs72720042","G",0.0224868,"T","AATAT",0.6,0.4,0,0
"chr11_78282878","rs4944210","C",0.230159,"T","CGCCC",0,0,0.2,0.8
"chr2_144513133","rs6739981","G",0.18254,"C","CCCCC",0,0,0,1
"chr10_65390634","rs12218613","T",0.400794,"C","TCTCC",0,0.4,0,0.6
"chr3_120793493","rs4676841","A",0.166667,"G","CCGCT",0,0.2,0.2,0.6
"chr11_77848855","rs676881","T",0.171958,"G","GTGAA",0.4,0.2,0.4,0
"chr15_30946160","rs2128872","T",0.124339,"C","GTCGC",0,0.2,0.4,0.4
"chr4_171127824","rs62346355","A",0.0899471,"C","GTCAA",0.4,0.2,0.2,0.2
"chr4_71951260","rs150144392","A",0.037037,"G","CTGAC",0.2,0.2,0.2,0.4
"chr18_24321813","rs659378","C",0.407407,"G","TTCAT",0.2,0.6,0,0.2
"chr16_55880874","rs11076122","A",0.257937,"G","AAGTC",0.4,0.2,0.2,0.2
"chr5_68767876","rs28698616","A",0.244709,"T","TTAAA",0.6,0.4,0,0
"chr12_131850586","rs12580124","G",0.169312,"C","GGCAG",0.2,0,0.6,0.2
"chr1_100297200","rs4908030","A",0.19709,"T","TTAAA",0.6,0.4,0,0
"chr1_237195441","rs12760852","G",0.224868,"A","CCATA",0.4,0.2,0,0.4
"chr1_8481016","rs301805","T",0.458995,"G","CATAG",0.4,0.2,0.2,0.2
"chr7_31176656","rs73686524","T",0.145503,"C","TCCAG",0.2,0.2,0.2,0.4
"chr20_33625144","rs7273382","T",0.275132,"C","TCTGT",0,0.6,0.2,0.2
"chr6_35503463","rs2103681","C",0.427249,"T","AGCGG",0.2,0,0.6,0.2
"chr3_130884169","rs959072","T",0.17328,"C","CCCCC",0,0,0,1
"chr12_65743647","rs192179653","T",0.0396825,"C","TTCAC",0.2,0.4,0,0.4
"chr2_242788256","rs62193132","T",0.47619,"C","GGCGT",0,0.2,0.6,0.2
"chr17_79611016","rs34441056","A",0.308201,"C","TGCCA",0.2,0.2,0.2,0.4
"chr20_43150309","rs6103759","A",0.042328,"G","CGGAG",0.2,0,0.6,0.2
"chr1_72500375","rs10493492","A",0.0886243,"G","CAGAG",0.4,0,0.4,0.2
"chr1_68069925","rs72682826","C",0.0727513,"T","CGTGG",0,0.2,0.6,0.2
"chr10_134151034","rs2259594","G",0.373016,"A","TTAAC",0.4,0.4,0,0.2
"chr4_152067460","rs7699495","A",0.0291005,"T","TTTTT",0,1,0,0
"chr6_55601949","rs28825080","A",0.140212,"G","CAGAT",0.4,0.2,0.2,0.2
"chr4_9015461","rs140551451","G",0.00925926,"A","CAATG",0.4,0.2,0.2,0.2
"chr3_46795340","rs151101330","A",0.152116,"G","ATGCC",0.2,0.2,0.2,0.4
"chr1_93007244","rs114309661","A",0.0277778,"G","ATGAT",0.4,0.4,0.2,0
"chr21_19236572","rs1489717","T",0.386243,"C","TGCGG",0,0.2,0.6,0.2
"chr12_14918756","rs11614746","C",0.43254,"G","GACGT",0.2,0.2,0.4,0.2
"chr16_26189239","rs8053163","A",0.201058,"G","TCGCA",0.2,0.2,0.2,0.4
"chr4_35926276","rs79952188","C",0.0502646,"A","AGAAG",0.6,0,0.4,0
"chr6_29941769","rs437941","A",0.470899,"G","ATGTA",0.4,0.4,0.2,0
"chr7_8300933","rs3807802","A",0.395503,"G","AAAGA",0.8,0,0.2,0
"chr14_97103580","rs56074271","T",0.165344,"C","CACGT",0.2,0.2,0.2,0.4
"chr9_25681415","rs34581803","C",0.492063,"T","GACTT",0.2,0.4,0.2,0.2
"chr1_2144107","rs2503715","A",0.170635,"G","AAAAG",0.8,0,0.2,0
"chr11_64012910","rs60031276","G",0.380952,"A","ACAGA",0.6,0,0.2,0.2
"chr6_161717288","rs9365268","A",0.0489418,"T","AGTTA",0.4,0.4,0.2,0
"chr15_64937215","rs193103998","T",0.0145503,"C","TTCCT",0,0.6,0,0.4
"chr1_91752475","rs9660037","T",0.0873016,"G","TTGGG",0,0.4,0.6,0
"chr5_84927773","rs66509656","A",0.324074,"T","GGTAT",0.2,0.4,0.4,0
"chr4_94819413","rs78405280","T",0.0886243,"C","GTCCA",0.2,0.2,0.2,0.4
"chr5_96112954","rs27038","A",0.166667,"G","CAAGA",0.6,0,0.2,0.2
"chr21_43803412","rs8129105","C",0.427249,"T","CCTGC",0,0.2,0.2,0.6
"chr12_58162085","rs10877012","T",0.330688,"G","AAGAA",0.8,0,0.2,0
"chr19_44008489","rs12981023","A",0.206349,"G","ACGGG",0.2,0,0.6,0.2
"chr1_150531380","rs11204664","T",0.398148,"C","ACTGT",0.2,0.4,0.2,0.2
"chr14_50408351","rs7493306","T",0.201058,"C","GTCCT",0,0.4,0.2,0.4
"chr18_33295808","rs11665155","T",0.107143,"A","AAAAA",1,0,0,0
"chr11_6785895","rs61875941","T",0.186508,"C","TGCAA",0.4,0.2,0.2,0.2
"chr20_53432590","rs402054","G",0.347884,"A","TCATT",0.2,0.6,0,0.2
"chr6_137033896","rs2014569","C",0.474868,"T","AACTG",0.4,0.2,0.2,0.2
"chr10_31155823","rs4747738","C",0.458995,"T","ATCGC",0.2,0.2,0.2,0.4
"chr18_52493622","rs1819886","G",0.228836,"A","CAAGC",0.4,0,0.2,0.4
"chr12_122205022","rs73411782","G",0.0489418,"A","GGAGC",0.2,0,0.6,0.2
"chr4_106784452","rs138454167","T",0.0634921,"C","ATCAA",0.6,0.2,0,0.2
"chr7_100074020","rs66958101","A",0.193122,"G","TCGCA",0.2,0.2,0.2,0.4
"chr1_55985148","rs4927247","G",0.469577,"T","CTGCA",0.2,0.2,0.2,0.4
"chr8_11423142","rs12541802","G",0.363757,"A","CGAAG",0.4,0,0.4,0.2
"chr1_17651637","rs13375202","G",0.376984,"A","TAAGA",0.6,0.2,0.2,0
"chr17_44355162",".","G",0.222222,"A","CCACC",0.2,0,0,0.8
"chr2_84191347","rs72840362","C",0.0820106,"T","TATAG",0.4,0.4,0.2,0
"chr5_31011505","rs60531129","C",0.194444,"G","AAGTA",0.6,0.2,0.2,0
"chrX_104882201","rs5916936","C",0.385147,"T","CATTG",0.2,0.4,0.2,0.2
"chr7_93459373","rs2519626","T",0.313492,"G","TCGCA",0.2,0.2,0.2,0.4
"chr2_36555126","rs79009333","A",0.0701058,"C","GACAG",0.4,0,0.4,0.2
"chr10_91879831","rs7090923","A",0.493386,"G","GCGGG",0,0,0.8,0.2
"chr17_15717546","rs6502474","T",0.285714,"C","ATCTG",0.2,0.4,0.2,0.2
"chr7_1972416","rs55786379","C",0.0304233,"G","CTGTT",0,0.6,0.2,0.2
"chr8_143868977","rs2585130","C",0.383598,"T","GCTGC",0,0.2,0.4,0.4
"chr18_11962002","rs2866439","A",0.214286,"G","ATGTA",0.4,0.4,0.2,0
"chr7_158121878","rs7800718","G",0.436508,"A","CCGGC",0,0,0.4,0.6
"chr19_53108267","rs73582254","G",0.0132275,"A","CTACC",0.2,0.2,0,0.6
"chr4_69972779","rs4257713","A",0.18254,"G","GAGTA",0.4,0.2,0.4,0
"chr14_99823216","rs906931","T",0.0489418,"C","TCCGG",0,0.2,0.4,0.4
"chr4_71225209","rs11731673","G",0.125661,"T","ACTCA",0.4,0.2,0,0.4
"chr12_21316059","rs4149029","A",0.473545,"G","CCAGA",0.4,0,0.2,0.4
"chr2_11462090","rs7557723","C",0.453704,"T","GGTCA",0.2,0.2,0.4,0.2
"chr4_12857135","rs116625147","A",0.0330688,"G","TTGTT",0,0.8,0.2,0
"chr3_12266404","rs12490159","T",0.0383598,"A","TTATG",0.2,0.6,0.2,0
"chr7_40103815","rs145342171","A",0.0132275,"G","GCGAA",0.4,0,0.4,0.2
"chr3_23746294","rs13097846","G",0.228836,"T","AGTGC",0.2,0.2,0.4,0.2
"chr7_6954766","rs147799718","G",0.0542328,"A","GCATG",0.2,0.2,0.4,0.2
"chr3_196780820","rs6768653","A",0.0727513,"G","CCAGG",0.2,0,0.4,0.4
"chr2_143598963","rs12052573","A",0.28836,"G","TCGTT",0,0.6,0.2,0.2
"chr2_73869907","rs4852952","T",0.404762,"C","CATGC",0.2,0.2,0.2,0.4
"chr8_26098158","rs12548903","G",0.486772,"C","CTGAC",0.2,0.2,0.2,0.4
"chr3_45456540","rs75734530","A",0.239418,"G","ATGGC",0.2,0.2,0.4,0.2
"chrX_142828219","rs5955112","C",0.452504,"G","AGGAG",0.4,0,0.6,0
"chr10_94274809","rs17875327","G",0.12037,"A","GGAAG",0.4,0,0.6,0
"chr1_201653689","rs55795872","A",0.346561,"G","CCGTC",0,0.2,0.2,0.6
"chr8_25398451","rs11998700","T",0.28836,"C","CCCTT",0,0.4,0,0.6
"chr13_76620708",".","A",0.240741,"G","GAGGA",0.4,0,0.6,0
"chr22_42982572","rs137091","G",0.108466,"C","ATCTG",0.2,0.4,0.2,0.2
"chr19_39991541","rs11574521","C",0.334656,"G","AGGCT",0.2,0.2,0.4,0.2
"chr11_107881088","rs12803043","C",0.231481,"T","AATAT",0.6,0.4,0,0
"chrX_125179908","rs5933191","C",0.310881,"T","TTTTC",0,0.8,0,0.2
"chr4_150684458","rs1505464","G",0.150794,"C","TCCCA",0.2,0.2,0,0.6
"chr3_116247826","rs1712997","A",0.128307,"G","ACATA",0.6,0.2,0,0.2
"chr10_18597598","rs61842677","A",0.160053,"G","GGGGT",0,0.2,0.8,0
"chr18_78013878","rs12954011","A",0.309524,"G","GAGGT",0.2,0.2,0.6,0
"chr6_136355703","rs12203398","T",0.279101,"C","ACCGG",0.2,0,0.4,0.4
"chr19_54943793","rs3745424","T",0.293651,"C","GCCGC",0,0,0.4,0.6
"chr15_56426852","rs181139921","T",0.0965608,"A","GTACA",0.4,0.2,0.2,0.2
"chr8_145529576","rs6986110","G",0.492063,"A","ACACC",0.4,0,0,0.6
"chr8_16730047","rs62504233","T",0.137566,"C","CACCA",0.4,0,0,0.6
"chr19_42001210","rs2191139","T",0.244709,"C","ACTTT",0.2,0.6,0,0.2
"chr4_136926243","rs13138938","G",0.124339,"A","GCATA",0.4,0.2,0.2,0.2
"chr3_183647081","rs7632824","C",0.185185,"T","GGTGT",0,0.4,0.6,0
"chr8_118631878","rs140241907","C",0.00661376,"A","AGACA",0.6,0,0.2,0.2
"chr22_34571858","rs1489874","G",0.177249,"A","TTATT",0.2,0.8,0,0
"chr16_11132633","rs720130","T",0.390212,"G","GTGTT",0,0.6,0.4,0
"chrX_74080036","rs5937308","A",0.107081,"G","AGGAT",0.4,0.2,0.4,0
"chr2_56056252","rs72807726","T",0.108466,"C","CCCAC",0.2,0,0,0.8
"chr3_35692634","rs13059552","A",0.0555556,"G","GAGGA",0.4,0,0.6,0
"chr4_74227408","rs190005381","T",0.0542328,"C","ATCAT",0.4,0.4,0,0.2
"chr12_93271189","rs7964613","G",0.37963,"A","GAGGG",0.2,0,0.8,0
"chr3_14247584","rs11128683","A",0.456349,"G","GCGCC",0,0,0.4,0.6
"chr22_37699168","rs5756603","G",0.420635,"A","AAGCC",0.4,0,0.2,0.4
"chr10_70285448","rs142458817","A",0.101852,"G","GAGAT",0.4,0.2,0.4,0
"chr16_31426065","rs62051540","A",0.0396825,"G","CTGGC",0,0.2,0.4,0.4
"chr2_34455800","rs5023566","T",0.494709,"G","ATGAA",0.6,0.2,0.2,0
"chr4_121996057","rs11938930","G",0.185185,"A","AAGGG",0.4,0,0.6,0
"chr12_32416346","rs2632364","T",0.482804,"C","GGTGG",0,0.2,0.8,0
"chr4_22510210","rs4697018","A",0.468254,"G","CAATG",0.4,0.2,0.2,0.2
"chr2_238552725","rs12692205","G",0.466931,"C","CTGCC",0,0.2,0.2,0.6
"chr16_82575253","rs59039310","A",0.169312,"C","CTCCC",0,0.2,0,0.8
"chr4_133793295","rs1579913","G",0.396825,"A","GGGCG",0,0,0.8,0.2
"chr12_100227108","rs11110065","C",0.0687831,"T","TCTTG",0,0.6,0.2,0.2
"chr19_17441488","rs1529482","C",0.374339,"T","CCCTG",0,0.2,0.2,0.6
"chr17_40023025","rs934647","T",0.283069,"C","CTTGA",0.2,0.4,0.2,0.2
"chr13_78671156","rs2585490","C",0.384921,"T","ACTGA",0.4,0.2,0.2,0.2
"chr5_76540496","rs11950697","A",0.392857,"T","TTTAA",0.4,0.6,0,0
"chr12_76130053","rs1275569","C",0.334656,"G","TTGAA",0.4,0.4,0.2,0
"chr16_50285648","rs78992650","T",0.0582011,"C","TCCCC",0,0.2,0,0.8
"chr1_107539252","rs113329442","G",0.32672,"A","CAATT",0.4,0.4,0,0.2
"chrX_55187421","rs5913791","A",0.134715,"G","GAGAG",0.4,0,0.6,0
"chr19_4055685","rs10402493","T",0.27381,"G","TGTTG",0,0.6,0.4,0
"chr11_35538430","rs7932452","C",0.220899,"G","CAGTG",0.2,0.2,0.4,0.2
"chr12_129253864","rs4760576","A",0.404762,"G","AGGGG",0.2,0,0.8,0
"chr5_4699217","rs4702912","C",0.162698,"T","AGTCA",0.4,0.2,0.2,0.2
"chr8_143110823","rs7820768","T",0.428571,"C","CTCGC",0,0.2,0.2,0.6
"chr3_118932869","rs4422292","A",0.0357143,"G","TTAAG",0.4,0.4,0.2,0
"chr15_45203953","rs28408421","T",0.0383598,"C","GCCGC",0,0,0.4,0.6
"chr20_42840019","rs6031456","G",0.15873,"A","CAATA",0.6,0.2,0,0.2
"chr12_56384804","rs705699","A",0.388889,"G","GAGGT",0.2,0.2,0.6,0
"chr6_153850291","rs7758677","T",0.387566,"C","TTTGT",0,0.8,0.2,0
"chr1_20880905","rs74058407","G",0.183862,"A","GGAGA",0.4,0,0.6,0
"chr1_48944488","rs11205491","G",0.400794,"T","TCTCG",0,0.4,0.2,0.4
"chr22_43225966","rs75865036","C",0.0992063,"T","CATTG",0.2,0.4,0.2,0.2
"chr4_35354898","rs6839264","A",0.238095,"G","TTACA",0.4,0.4,0,0.2
"chr9_36986784","rs10973156","A",0.324074,"T","GCACC",0.2,0,0.2,0.6
"chr1_28570233","rs535708","C",0.306878,"G","TGGCC",0,0.2,0.4,0.4
"chr15_45925870","rs11637892","C",0.185185,"A","GGAGA",0.4,0,0.6,0
"chr7_119493570","rs846427","T",0.433862,"C","GCTGC",0,0.2,0.4,0.4
"chr5_64022738","rs76802274","T",0.243386,"C","CACAT",0.4,0.2,0,0.4
"chr13_44705441","rs12869383","G",0.277778,"A","GGGAG",0.2,0,0.8,0
"chr17_6464159","rs111067475","T",0.00529101,"C","TCCTC",0,0.4,0,0.6
"chr12_124090802","rs3850952","T",0.284392,"G","AAGCC",0.4,0,0.2,0.4
"chr5_53621582","rs10053237","G",0.169312,"A","AGATA",0.6,0.2,0.2,0
"chr14_54434560","rs4901471","T",0.448413,"C","CCCTC",0,0.2,0,0.8
"chr18_51623832","rs2614363","G",0.380952,"A","TCAGA",0.4,0.2,0.2,0.2
"chr3_106230273","rs188347131","C",0.0343915,"T","TATGT",0.2,0.6,0.2,0
"chrX_66058176","rs1577323","T",0.0846287,"C","GCTAG",0.2,0.2,0.4,0.2
"chr8_33330688","rs2732318","A",0.386243,"G","GAAGA",0.6,0,0.4,0
"chr1_11714368","rs2272983","T",0.210317,"G","CGTCG",0,0.2,0.4,0.4
"chr8_14074769","rs2410165","C",0.437831,"G","TGCAC",0.2,0.2,0.2,0.4
"chr10_81816733","rs10887449","C",0.457672,"A","AAACC",0.6,0,0,0.4
"chr16_326040","rs3743881","A",0.496032,"T","AGACA",0.6,0,0.2,0.2
"chr19_4102920","rs350908","T",0.453704,"C","CGCGG",0,0,0.6,0.4
"chr12_49987929","rs7965658","A",0.199735,"G","AGGAT",0.4,0.2,0.4,0
"chr3_48515947","rs9815088","C",0.43254,"T","CATGT",0.2,0.4,0.2,0.2
"chr22_46334467","rs10429726","C",0.238095,"A","CCAAG",0.4,0,0.2,0.4
"chr6_8605301","rs73720558","T",0.00132275,"C","TTCCC",0,0.4,0,0.6
"chr5_101571690","rs7719298","C",0.169312,"T","GCTTT",0,0.6,0.2,0.2
"chr7_63928538","rs57182707","G",0.247354,"A","CCATC",0.2,0.2,0,0.6
"chr7_27362607","rs12700800","A",0.240741,"G","GTGGG",0,0.2,0.8,0
"chr11_70264690","rs12808511","G",0.259259,"A","TGAAG",0.4,0.2,0.4,0
"chrX_73317951","rs193207421","A",0.122625,"G","TCGCT",0,0.4,0.2,0.4
"chr9_82602724","rs10780347","C",0.35582,"T","TGTAC",0.2,0.4,0.2,0.2
"chr6_76117201","rs13206985","T",0.0753968,"C","CCCAT",0.2,0.2,0,0.6
"chr9_100745409","rs182172825","A",0.0171958,"G","TCGCT",0,0.4,0.2,0.4
"chr18_32964742","rs1895081","G",0.373016,"T","CATGA",0.4,0.2,0.2,0.2
"chr3_127386502","rs782430","A",0.208995,"G","TTATT",0.2,0.8,0,0
"chr1_83501217","rs2021688","A",0.130952,"G","GCGTC",0,0.2,0.4,0.4
"chr9_35657169","rs1538537","T",0.333333,"A","CTAAC",0.4,0.2,0,0.4
"chr2_120072503","rs77187246","C",0.0277778,"T","TCTTG",0,0.6,0.2,0.2
"chr15_29033909","rs56166703","G",0.464286,"A","CAGCC",0.2,0,0.2,0.6
"chr3_66295009","rs1678095","G",0.412698,"T","CATTG",0.2,0.4,0.2,0.2
"chr11_1906174","rs3817197","A",0.47619,"G","CAGTA",0.4,0.2,0.2,0.2
"chr10_135853","rs7906287","A",0.166667,"G","GAATA",0.6,0.2,0.2,0
"chr12_861105","rs72647360","A",0.0608466,"G","CCGTT",0,0.4,0.2,0.4
"chr5_10740624","rs267954","A",0.32672,"T","GAAAT",0.6,0.2,0.2,0
"chr8_73758487","rs7817468","T",0.0674603,"C","TTTGG",0,0.6,0.4,0
"chr6_38037369","rs75484621","T",0.0978836,"G","CTGTG",0,0.4,0.4,0.2
"chr3_52354847","rs114567323","T",0.0674603,"C","CTCGC",0,0.2,0.2,0.6
"chr15_59731864","rs56014137","T",0.256614,"A","TGAAT",0.4,0.4,0.2,0
"chr4_25214393","rs114673101","A",0.0145503,"G","GAGCT",0.2,0.2,0.4,0.2
"chr10_45907136","rs56071381","T",0.181217,"G","CCGTG",0,0.2,0.4,0.4
"chr20_50703142","rs11696506","A",0.121693,"G","CCGAG",0.2,0,0.4,0.4
"chr3_183874442","rs73185712","G",0.0119048,"A","AGAGG",0.4,0,0.6,0
"chr4_16142831","rs4159","A",0.37037,"G","GTGTC",0,0.4,0.4,0.2
"chr10_75455680","rs11591708","G",0.395503,"C","TAGAG",0.4,0.2,0.4,0
"chr8_120010833",".","G",0.412698,"T","TCGTT",0,0.6,0.2,0.2
"chr17_19146445","rs28550346","G",0.124339,"A","GCAGC",0.2,0,0.4,0.4
"chr12_73551552","rs10879571","A",0.431217,"G","CAAAA",0.8,0,0,0.2
"chr15_83219340","rs803686","A",0.333333,"G","AGGGG",0.2,0,0.8,0
"chr17_57662788","rs140264230","C",0.0198413,"A","TTAAG",0.4,0.4,0.2,0
"chr9_12642878","rs1325122","C",0.376984,"T","TGCAA",0.4,0.2,0.2,0.2
"chr8_27948535","rs34247390","G",0.32672,"T","CCTGC",0,0.2,0.2,0.6
"chr15_93345092","rs4381546","A",0.167989,"G","ACGTG",0.2,0.2,0.4,0.2
"chr1_248100548","rs61857507","C",0.392857,"G","GTGCT",0,0.4,0.4,0.2
"chr6_24634379","rs4712835","C",0.407407,"A","GACTG",0.2,0.2,0.4,0.2
"chr7_153700803","rs2628989","A",0.0978836,"C","GGAAG",0.4,0,0.6,0
"chr22_25004608","rs4822516","C",0.339947,"T","AATGT",0.4,0.4,0.2,0
"chr7_1171730","rs6957709","G",0.470899,"A","GTGTA",0.2,0.4,0.4,0
"chr19_45612774","rs10412988","G",0.154762,"C","CACCA",0.4,0,0,0.6
"chr22_17586631","rs4819959","A",0.477513,"G","TTGTC",0,0.6,0.2,0.2
"chr1_39647038","rs1537818","G",0.277778,"A","ACGTT",0.2,0.4,0.2,0.2
"chr9_15715215","rs4741534","A",0.473545,"G","ACGTA",0.4,0.2,0.2,0.2
"chr7_283697","rs148163716","A",0.113757,"G","CCGGG",0,0,0.6,0.4
"chr4_6536839","rs13142248","T",0.267196,"C","GTCGG",0,0.2,0.6,0.2
"chr7_66786384","rs887715","C",0.378307,"T","TATAA",0.6,0.4,0,0
"chr7_134853309","rs73153795","A",0.281746,"G","GGGCA",0.2,0,0.6,0.2
"chr12_123332834","rs2292132","T",0.132275,"C","ATTTC",0.2,0.6,0,0.2
"chr5_58691540","rs143719607","G",0.294974,"A","ACAGA",0.6,0,0.2,0.2
"chr15_100473154","rs1561050","T",0.150794,"C","GCTGA",0.2,0.2,0.4,0.2
"chr4_21923596","rs10938868","G",0.238095,"A","TGATC",0.2,0.4,0.2,0.2
"chr10_91429271","rs745215","T",0.47619,"C","TGCAA",0.4,0.2,0.2,0.2
"chr22_21334873","rs13057408","G",0.460317,"C","TGGGA",0.2,0.2,0.6,0
"chr16_28524723","rs153111","T",0.407407,"C","GGCGG",0,0,0.8,0.2
"chr12_89962420","rs12426089","G",0.281746,"A","TCATC",0.2,0.4,0,0.4
"chr9_2821908","rs78643262","A",0.0410053,"G","ACGAT",0.4,0.2,0.2,0.2
"chr5_17650816",".","T",0.199735,"G","AAGAC",0.6,0,0.2,0.2
"chr19_36756273","rs8113088","C",0.19709,"G","TTGGT",0,0.6,0.4,0
"chr20_2108419","rs6112937","T",0.244709,"C","GTCGT",0,0.4,0.4,0.2
"chr19_58286522","rs2360116","A",0.444444,"G","ACACC",0.4,0,0,0.6
"chr17_79527649","rs7501521","T",0.222222,"C","GGCGT",0,0.2,0.6,0.2
"chr12_22446994","rs2160536","C",0.448413,"T","TGCTG",0,0.4,0.4,0.2
"chr18_4069404","rs12455806","T",0.0634921,"C","GTCGT",0,0.4,0.4,0.2
"chr1_220319110","rs3738336","G",0.149471,"A","ACATC",0.4,0.2,0,0.4
"chr5_107706377","rs6594300","A",0.207672,"G","CGAAG",0.4,0,0.4,0.2
"chr2_104226203","rs10209710","T",0.456349,"A","AATAA",0.8,0.2,0,0
"chr5_116815187","rs1428066","A",0.133598,"T","CCTTT",0,0.6,0,0.4
"chr3_32938740","rs62253766","C",0.010582,"T","TATGT",0.2,0.6,0.2,0
"chr15_79719994","rs12595322","C",0.349206,"G","TAGGA",0.4,0.2,0.4,0
"chr4_9175991","rs3976570","A",0.366402,"G","GAGGC",0.2,0,0.6,0.2
"chr4_2797483","rs11722455","T",0.177249,"C","GACGG",0.2,0,0.6,0.2
"chr7_106684638","rs78715818","G",0.0978836,"C","GACGT",0.2,0.2,0.4,0.2
"chr16_3381669","rs250473","G",0.231481,"C","TTGTC",0,0.6,0.2,0.2
"chr19_52870052","rs1054612","G",0.403439,"C","ACCTA",0.4,0.2,0,0.4
"chr13_112833606","rs9324264","T",0.108466,"G","TTGTG",0,0.6,0.4,0
"chr1_59038549","rs232847","A",0.284392,"G","AAGCC",0.4,0,0.2,0.4
"chr18_5897091","rs7504934","C",0.371693,"G","TAGAA",0.6,0.2,0.2,0
"chr16_4505331","rs1861652","C",0.294974,"T","AGCGC",0.2,0,0.4,0.4
"chr3_58568714","rs150708235","C",0.0833333,"T","GATGG",0.2,0.2,0.6,0
"chr19_57481471","rs1007799","A",0.460317,"G","ACAAA",0.8,0,0,0.2
"chr7_66300652","rs13241598","G",0.283069,"A","TCAGG",0.2,0.2,0.4,0.2
"chr4_164752362","rs17577747","T",0.354497,"A","TGAAC",0.4,0.2,0.2,0.2
"chr9_130266399","rs2245445","G",0.455026,"A","ACGTG",0.2,0.2,0.4,0.2
"chr12_101891880","rs2373457","G",0.339947,"T","AGGGG",0.2,0,0.8,0
"chr2_242702013","rs4538241","T",0.382275,"C","TCCTC",0,0.4,0,0.6
"chr21_35827067","rs58861465","T",0.0727513,"C","GCCCC",0,0,0.2,0.8
"chr7_107524548","rs6977181","T",0.183862,"C","AACGT",0.4,0.2,0.2,0.2
"chr12_121218380","rs11065264","G",0.462963,"T","CCTGT",0,0.4,0.2,0.4
"chr12_93506297","rs116915101","T",0.0952381,"C","AGCGT",0.2,0.2,0.4,0.2
"chr6_116468315","rs12203127","T",0.260582,"A","ACAAA",0.8,0,0,0.2
"chr5_146161813","rs116765984","A",0.0568783,"G","ATGCA",0.4,0.2,0.2,0.2
"chr8_70001997","rs2472131","T",0.271164,"A","GCATA",0.4,0.2,0.2,0.2
"chr4_176620661","rs2333259","G",0.108466,"A","CTGTT",0,0.6,0.2,0.2
"chr19_7903680","rs73500060","T",0.0846561,"C","AGCGA",0.4,0,0.4,0.2
"chr16_86566115","rs34602875","C",0.0515873,"T","TTTCA",0.2,0.6,0,0.2
"chr3_66490125","rs3845895","C",0.308201,"A","TTCTG",0,0.6,0.2,0.2
"chr14_59083983","rs140660280","T",0.0291005,"C","GTCGC",0,0.2,0.4,0.4
"chr2_30704023","rs10202174","G",0.443122,"C","AAGAG",0.6,0,0.4,0
"chr3_140914251","rs2086182","T",0.305556,"C","CCTGA",0.2,0.2,0.2,0.4
"chr5_121086563","rs1367939","G",0.194444,"A","TGAAA",0.6,0.2,0.2,0
"chr20_53822779","rs12481252","C",0.40873,"T","GCCCA",0.2,0,0.2,0.6
"chr9_85448530","rs13287196","A",0.0912698,"G","ATGTG",0.2,0.4,0.4,0
"chr15_78619893","rs925987","C",0.386243,"T","TTCCC",0,0.4,0,0.6
"chr6_38621141","rs13202862","T",0.113757,"C","AGCGA",0.4,0,0.4,0.2
"chr4_37990581","rs6841167","T",0.378307,"C","TGCAG",0.2,0.2,0.4,0.2
"chr8_122031970","rs2008564","T",0.440476,"A","AAACT",0.6,0.2,0,0.2
"chr1_1205155","rs12073590","C",0.010582,"A","CGATT",0.2,0.4,0.2,0.2
"chr14_98377133","rs11623203","T",0.477513,"C","TTTCT",0,0.8,0,0.2
"chr15_68072527","rs3784711","C",0.412698,"T","GTTAC",0.2,0.4,0.2,0.2
"chr8_70899946","rs17745232","A",0.193122,"G","GAGTC",0.2,0.2,0.4,0.2
"chr17_62845452","rs28687419","C",0.0145503,"A","AGACT",0.4,0.2,0.2,0.2
"chr16_25971102","rs7196010","A",0.435185,"C","GGCTC",0,0.2,0.4,0.4
"chr5_24254621","rs9293121","G",0.260582,"A","AAGCA",0.6,0,0.2,0.2
"chr4_185654683","rs4862407","T",0.312169,"C","CCTGG",0,0.2,0.4,0.4
"chr19_38045937","rs1061753","A",0.369048,"G","GCGTT",0,0.4,0.4,0.2
"chr16_69959821","rs12149320","C",0.439153,"G","GAGAT",0.4,0.2,0.4,0
"chr2_1320143","rs4927635","C",0.465608,"T","GACGA",0.4,0,0.4,0.2
"chr9_96050615","rs4744215","G",0.343915,"C","TACAG",0.4,0.2,0.2,0.2
"chr7_123129020","rs7791660","T",0.195767,"C","AGTCC",0.2,0.2,0.2,0.4
"chr10_102758337","rs7903239","T",0.175926,"G","CGGGG",0,0,0.8,0.2
"chr7_22893795","rs11983782","G",0.474868,"C","CCCGG",0,0,0.4,0.6
"chr14_63582993","rs17100763","G",0.0304233,"A","CAATG",0.4,0.2,0.2,0.2
"chr15_35131932","rs874482","T",0.287037,"C","TGTTC",0,0.6,0.2,0.2
"chr1_106127129","rs2880219","C",0.460317,"G","AACCC",0.4,0,0,0.6
"chr21_43981658","rs12483424","A",0.212963,"G","AAGAA",0.8,0,0.2,0
"chr10_93378452","rs4933679","C",0.205026,"T","TTTAT",0.2,0.8,0,0
"chr5_175390","rs13154323","C",0.492063,"T","TCCCT",0,0.4,0,0.6
"chr3_45677572","rs142891193","G",0.0383598,"A","TCATT",0.2,0.6,0,0.2
"chr17_28996189","rs148234307","A",0.275132,"G","CCGGA",0.2,0,0.4,0.4
"chr20_58183859",".","T",0.0595238,"G","AGGGA",0.4,0,0.6,0
"chr14_95896345","rs185289629","A",0.103175,"G","GGGAG",0.2,0,0.8,0
"chr9_100666931","rs6586","T",0.386243,"C","CTCGA",0.2,0.2,0.2,0.4
"chr6_2427047","rs13198172","C",0.134921,"G","CAGGG",0.2,0,0.6,0.2
"chr1_10920472","rs549925","C",0.187831,"G","GCCCG",0,0,0.4,0.6
"chr5_94175811","rs718184","A",0.0529101,"G","CCGTC",0,0.2,0.2,0.6
"chr1_201376261","rs1256948","G",0.425926,"A","AGAGC",0.4,0,0.4,0.2
"chr19_50194399","rs1075453","C",0.412698,"G","GAGAG",0.4,0,0.6,0
"chr1_179053051","rs4652355","G",0.419312,"C","CCCAG",0.2,0,0.2,0.6
"chr2_118926955","rs13025020","G",0.494709,"A","CCGGG",0,0,0.6,0.4
"chr11_65825951","rs491618","A",0.275132,"T","AGTGT",0.2,0.4,0.4,0
"chr8_85485190","rs1252209","A",0.242063,"G","TCGGG",0,0.2,0.6,0.2
"chr8_128965212","rs6470594","G",0.464286,"A","CCATG",0.2,0.2,0.2,0.4
"chr1_221723524","rs11118750","T",0.219577,"C","CTCAT",0.2,0.4,0,0.4
"chr18_59032785","rs34441427","A",0.318783,"G","AAGGT",0.4,0.2,0.4,0
"chr17_80096169","rs113431713","C",0.451058,"T","GGTGC",0,0.2,0.6,0.2
"chr6_3419337","rs6936807","C",0.0357143,"T","AACTT",0.4,0.4,0,0.2
"chr7_6055380","rs6945922","A",0.244709,"G","CTGGT",0,0.4,0.4,0.2
"chr14_74026618","rs11624916","T",0.15873,"C","GTCGA",0.2,0.2,0.4,0.2
"chr15_68543128","rs8038170","C",0.451058,"T","GGCTT",0,0.4,0.4,0.2
"chrX_30901455","rs5972257","T",0.0138169,"C","CTCAT",0.2,0.4,0,0.4
"chr6_32517237","rs112300533","T",0.310847,"C","CACCA",0.4,0,0,0.6
"chr12_5014552","rs77860807","C",0.0304233,"T","TATAG",0.4,0.4,0.2,0
"chr1_204200486","rs6593997","G",0.435185,"A","TCAGT",0.2,0.4,0.2,0.2
"chr10_135234848","rs2297033","T",0.210317,"C","AACAT",0.6,0.2,0,0.2
"chr22_24580924","rs3752498","G",0.0820106,"T","GATGT",0.2,0.4,0.4,0
"chr15_40722426","rs17672041","T",0.0992063,"C","ACCTA",0.4,0.2,0,0.4
"chr10_28109350","rs79892424","C",0.198413,"G","GTGAG",0.2,0.2,0.6,0
"chr7_24673223","rs10270776","G",0.146825,"A","CCATC",0.2,0.2,0,0.6
"chr2_85933003","rs12151742","T",0.224868,"C","TCCAT",0.2,0.4,0,0.4
"chr5_76530349","rs6885099","G",0.425926,"A","GAACC",0.4,0,0.2,0.4
"chr10_98803997","rs4917754","G",0.0833333,"T","ATTTA",0.4,0.6,0,0
"chr22_25597331","rs2269672","T",0.486772,"C","TCTTT",0,0.8,0,0.2
"chr15_52754186","rs11852880","T",0.177249,"C","GGCGC",0,0,0.6,0.4
"chr3_57877780","rs76674295","G",0.0198413,"A","AAATA",0.8,0.2,0,0
"chr3_151719267","rs2078489","T",0.380952,"C","ATCCA",0.4,0.2,0,0.4
"chr1_120316863","rs930448","G",0.275132,"A","TTAGT",0.2,0.6,0.2,0
"chr9_99983210","rs7858579","T",0.391534,"C","CTTCG",0,0.4,0.2,0.4
"chr8_127817460","rs7843726","G",0.157407,"C","CCCAG",0.2,0,0.2,0.6
"chr7_65515276","rs7811214","A",0.349206,"G","TCGCT",0,0.4,0.2,0.4
"chr2_48954905","rs7561278","C",0.236772,"T","TGTCA",0.2,0.4,0.2,0.2
"chr9_44188472","rs28407960","A",0.162698,"G","AGATG",0.4,0.2,0.4,0
"chr1_195005631","rs10921735","A",0.420635,"G","TCATT",0.2,0.6,0,0.2
"chr18_49403274","rs4541166","G",0.037037,"A","ATGGC",0.2,0.2,0.4,0.2
"chr15_78185304","rs8026864","T",0.382275,"G","ACGGG",0.2,0,0.6,0.2
"chr12_104330382","rs1437502","G",0.497354,"A","ACGCC",0.2,0,0.2,0.6
"chr3_149804600","rs181653246","T",0.0277778,"C","AACAC",0.6,0,0,0.4
"chr3_120068581","rs115506398","T",0.0410053,"C","AGCAC",0.4,0,0.2,0.4
"chr12_9070366","rs4883198","T",0.276455,"A","CTTTA",0.2,0.6,0,0.2
"chr2_231958192","rs7581188","G",0.383598,"A","CCAGG",0.2,0,0.4,0.4
"chr19_49887176","rs35828275","C",0.0608466,"T","GCTGG",0,0.2,0.6,0.2
"chr10_94530769","rs61862828","A",0.021164,"T","GGTTG",0,0.4,0.6,0
"chr13_36965469","rs7489634","C",0.174603,"T","CCCAG",0.2,0,0.2,0.6
"chr2_213835457","rs10189842","G",0.271164,"A","CTGGC",0,0.2,0.4,0.4
"chr6_46086257","rs993632","C",0.324074,"T","CACTG",0.2,0.2,0.2,0.4
"chr3_53356208","rs62256968","A",0.257937,"G","ACGGT",0.2,0.2,0.4,0.2
"chr4_76480880","rs2061742","A",0.466931,"G","CCGGG",0,0,0.6,0.4
"chr8_50392001","rs1674258","G",0.108466,"A","GAAAT",0.6,0.2,0.2,0
"chr6_113558802","rs1687810","G",0.0978836,"T","AGGGC",0.2,0,0.6,0.2
"chr11_3466761","rs4758609","G",0.400794,"T","GAGCT",0.2,0.2,0.4,0.2
"chr15_72564359","rs12909590","A",0.0145503,"G","GAGGA",0.4,0,0.6,0
"chr7_107493457","rs73191678","G",0.17328,"A","TTAGC",0.2,0.4,0.2,0.2
"chr10_26443625","rs3818957","C",0.161376,"A","TAATA",0.6,0.4,0,0
"chr9_101361710","rs10819073","G",0.346561,"A","CTGGG",0,0.2,0.6,0.2
"chr20_55620902","rs331605","C",0.470899,"T","TGCGT",0,0.4,0.4,0.2
"chr9_113654298","rs28650945","A",0.0238095,"C","GACTC",0.2,0.2,0.2,0.4
"chr12_105567825","rs12228948","T",0.178571,"C","AGCGC",0.2,0,0.4,0.4
"chr12_496695","rs10774154","G",0.185185,"A","GCGTA",0.2,0.2,0.4,0.2
"chr9_98657162","rs62559057","A",0.101852,"G","GAGCC",0.2,0,0.4,0.4
"chr10_96453099","rs2901783","G",0.205026,"A","TGACT",0.2,0.4,0.2,0.2
"chr11_6621516","rs11040933","A",0.388889,"G","CAGTG",0.2,0.2,0.4,0.2
"chr13_101804788","rs9300652","T",0.350529,"C","CCTGA",0.2,0.2,0.2,0.4
"chr11_77282207","rs1986277","C",0.0833333,"T","CTTCT",0,0.6,0,0.4
"chr3_50589455","rs399484","T",0.123016,"C","TCTGA",0.2,0.4,0.2,0.2
"chr14_51320479","rs189136231","T",0.0145503,"A","TAAAT",0.6,0.4,0,0
"chr2_219187367","rs10203039","T",0.388889,"C","ACTTC",0.2,0.4,0,0.4
"chr7_23733072","rs1013879","A",0.494709,"G","CTATT",0.2,0.6,0,0.2
"chr14_33205674","rs4982002","T",0.175926,"C","TTCCT",0,0.6,0,0.4
"chr5_57678197","rs35917227","A",0.256614,"G","AAGAA",0.8,0,0.2,0
"chr22_50263641","rs5769761","G",0.215608,"T","TCGCA",0.2,0.2,0.2,0.4
"chr3_187901660","rs55820429","T",0.119048,"G","TGGAT",0.2,0.4,0.4,0
"chr8_17208790","rs6998069","C",0.238095,"G","CAGAC",0.4,0,0.2,0.4
"chr11_42511130","rs6485318","G",0.18254,"A","ATGGG",0.2,0.2,0.6,0
"chr2_21513766","rs12995036","T",0.117725,"C","GACGG",0.2,0,0.6,0.2
"chr5_96512871","rs2544772","T",0.318783,"A","CATGA",0.4,0.2,0.2,0.2
"chr2_109296930","rs58889267","C",0.469577,"T","GGTTA",0.2,0.4,0.4,0
"chr6_30154199","rs2074473","C",0.42328,"T","CCTAG",0.2,0.2,0.2,0.4
"chr9_5381870","rs2381277","A",0.378307,"G","TCACA",0.4,0.2,0,0.4
"chr4_43177209","rs12650461","T",0.272487,"C","GACGG",0.2,0,0.6,0.2
"chr14_78215880","rs2267767","T",0.149471,"C","GGTGG",0,0.2,0.8,0
"chr5_153296428","rs2560072","A",0.451058,"G","GTAAG",0.4,0.2,0.4,0
"chr8_71579362","rs1993862","A",0.490741,"G","AGATG",0.4,0.2,0.4,0
"chr1_30485741","rs404170","G",0.285714,"A","ACATC",0.4,0.2,0,0.4
"chrX_145764252","rs375478","C",0.210708,"T","ACTTT",0.2,0.6,0,0.2
"chr6_37000645","rs9366923","C",0.0502646,"T","ATTAC",0.4,0.4,0,0.2
"chr2_98163203","rs11690658","G",0.359788,"T","TCGAA",0.4,0.2,0.2,0.2
"chr6_18103028","rs73726531","G",0.0304233,"C","CACTG",0.2,0.2,0.2,0.4
"chr2_70929471","rs4852225","G",0.283069,"A","TTATA",0.4,0.6,0,0
"chr6_152373514","rs6557196","A",0.111111,"G","GTGAT",0.2,0.4,0.4,0
"chr11_60065105","rs2194962","A",0.00132275,"G","TTATC",0.2,0.6,0,0.2
"chr8_40828429","rs4736788","T",0.25,"C","TGCAC",0.2,0.2,0.2,0.4
"chr10_71204635","rs12412896","T",0.0912698,"G","GGGCG",0,0,0.8,0.2
"chr6_164815194","rs2322438","A",0.343915,"G","ATGTT",0.2,0.6,0.2,0
"chr5_176999451","rs435473","G",0.251323,"T","AAGAA",0.8,0,0.2,0
"chr12_78825541","rs10860402","T",0.460317,"C","CTCGT",0,0.4,0.2,0.4
"chr6_696997","rs9379034","A",0.161376,"G","TCACT",0.2,0.4,0,0.4
"chr4_7943944",".","C",0.346561,"G","CCCTC",0,0.2,0,0.8
"chr10_18222991","rs691220","G",0.387566,"T","CTTTG",0,0.6,0.2,0.2
"chr6_31594181","rs2844470","T",0.0780423,"A","AAATT",0.6,0.4,0,0
"chr1_61887227","rs9436645","A",0.161376,"G","TCGCT",0,0.4,0.2,0.4
"chr7_83429588","rs67291845","C",0.202381,"T","AATCA",0.6,0.2,0,0.2
"chr16_677020","rs34997977","T",0.263228,"G","ACGCT",0.2,0.2,0.2,0.4
"chr22_39098787","rs9611008","C",0.362434,"T","CGTGA",0.2,0.2,0.4,0.2
"chr8_5480960","rs2725735","A",0.309524,"G","TCAGA",0.4,0.2,0.2,0.2
"chr4_35425960","rs78312448","T",0.10582,"G","TTGGG",0,0.4,0.6,0
"chr14_73900436","rs17127426","T",0.00793651,"C","CCCCT",0,0.2,0,0.8
"chr2_15743718","rs6717251","A",0.44709,"C","GGACA",0.4,0,0.4,0.2
"chr6_22926116","rs59885141","C",0.0542328,"T","TATAC",0.4,0.4,0,0.2
"chr17_33751697","rs74854294","C",0.0846561,"T","GATAC",0.4,0.2,0.2,0.2
"chr1_50503218","rs11580313","C",0.306878,"G","TAGAA",0.6,0.2,0.2,0
"chr22_38523065","rs3827354","T",0.40873,"C","CCTGA",0.2,0.2,0.2,0.4
"chr16_28237453","rs59400994","A",0.00132275,"G","CCGAC",0.2,0,0.2,0.6
"chr16_89979052","rs72813442","T",0.335979,"C","GCCTG",0,0.2,0.4,0.4
"chr7_90454964","rs2188238","A",0.304233,"T","GCATG",0.2,0.2,0.4,0.2
"chr12_29544842","rs12813731","C",0.157407,"T","TATAA",0.6,0.4,0,0
"chr10_135078571","rs28712327","G",0.042328,"A","CCAGC",0.2,0,0.2,0.6
"chr8_144725437","rs7003244","A",0.353175,"G","AGATG",0.4,0.2,0.4,0
"chr10_68459562","rs2394297","A",0.472222,"T","GCTTG",0,0.4,0.4,0.2
"chr10_73619601","rs11000032","A",0.275132,"G","CCGTC",0,0.2,0.2,0.6
"chr4_26861656","rs9790789","A",0.484127,"C","GGAGA",0.4,0,0.6,0
"chr15_58999341","rs8039696","A",0.316138,"G","TGAGA",0.4,0.2,0.4,0
"chr14_30983528","rs141885319","T",0.0529101,"C","ATCTC",0.2,0.4,0,0.4
"chr3_139217951","rs2882080","A",0.0992063,"C","TTCAG",0.2,0.4,0.2,0.2
"chr6_44871062","rs9472401","A",0.0436508,"G","ACACA",0.6,0,0,0.4
"chr10_30678440","rs2244677","G",0.470899,"A","CAGCT",0.2,0.2,0.2,0.4
"chr8_16538849","rs17123451","C",0.00132275,"T","AATGG",0.4,0.2,0.4,0
"chr5_593308","rs111707179","A",0.195767,"T","GGTGG",0,0.2,0.8,0
"chr14_74172714","rs36126051","C",0.337302,"T","GATGC",0.2,0.2,0.4,0.2
"chr17_73535086","rs62088539","A",0.0701058,"G","CCGCC",0,0,0.2,0.8
"chr9_139289450","rs74809972","C",0.0171958,"T","ACTGT",0.2,0.4,0.2,0.2
"chr22_45549032","rs132828","T",0.17328,"C","TTCAA",0.4,0.4,0,0.2
"chr4_185571776","rs12507711","T",0.119048,"C","ACCGA",0.4,0,0.2,0.4
"chr19_37576389","rs56080874","T",0.337302,"C","CCCCG",0,0,0.2,0.8
"chr2_85584988","rs56352074","C",0.37963,"T","GATGC",0.2,0.2,0.4,0.2
"chr6_31380340","rs2844514","T",0.427249,"C","TCCAT",0.2,0.4,0,0.4
"chr1_108085872","rs663391","T",0.492063,"C","AGTAC",0.4,0.2,0.2,0.2
"chr19_6435603","rs111886400","T",0.0171958,"C","TGCAT",0.2,0.4,0.2,0.2
"chrX_152818890","rs2269411","G",0.0345423,"T","AGGCT",0.2,0.2,0.4,0.2
"chr19_1497547","rs78735375","A",0.047619,"C","CCCCT",0,0.2,0,0.8
"chr22_24269459","rs9612520","G",0.42328,"T","GAGTG",0.2,0.2,0.6,0
"chr13_111352354","rs6492302","T",0.316138,"C","CGCAG",0.2,0,0.4,0.4
"chr19_54464398","rs12150965","A",0.116402,"G","GAGAG",0.4,0,0.6,0
"chr2_54422312","rs17045588","A",0.252646,"G","TGGGA",0.2,0.2,0.6,0
"chr18_56135390","rs4940710","G",0.296296,"C","CTGTC",0,0.4,0.2,0.4
"chr2_237104198","rs10167618","G",0.140212,"A","TCACC",0.2,0.2,0,0.6
"chr22_18027007","rs193116228","A",0.00396825,"C","GCCTC",0,0.2,0.2,0.6
"chr1_175873370","rs12752542","A",0.22619,"G","CTGGG",0,0.2,0.6,0.2
"chr3_158452882","rs56235582","G",0.216931,"A","TAATG",0.4,0.4,0.2,0
"chr9_21521258","rs1576791","T",0.387566,"G","CTTTA",0.2,0.6,0,0.2
"chr16_2740267","rs12149789","G",0.458995,"A","CTGGC",0,0.2,0.4,0.4
"chr3_12289142","rs7611617","C",0.420635,"T","CTCAC",0.2,0.2,0,0.6
"chr18_6373975","rs168178","T",0.472222,"A","TTTTG",0,0.8,0.2,0
"chr2_6564652","rs28684511","A",0.0304233,"C","CCCCA",0.2,0,0,0.8
"chr3_55586400","rs73077468","C",0.267196,"T","CCTGC",0,0.2,0.2,0.6
"chrX_142478545","rs72606445","A",0.322971,"G","AAGAA",0.8,0,0.2,0
"chr7_96512240","rs13230782","A",0.480159,"G","GTGAA",0.4,0.2,0.4,0
"chr8_131339981","rs6415511","C",0.21164,"A","AGCTT",0.2,0.4,0.2,0.2
"chr14_62125638","rs710038","T",0.222222,"C","GCTCA",0.2,0.2,0.2,0.4
"chr1_71936910","rs2056206","T",0.470899,"C","AGTAA",0.6,0.2,0.2,0
"chr15_31705913","rs12438813","T",0.0489418,"C","GCCTG",0,0.2,0.4,0.4
"chr4_184428744","rs4862213","G",0.255291,"A","CAAAT",0.6,0.2,0,0.2
"chr15_24769168","rs74003248","A",0.152116,"T","ACTGG",0.2,0.2,0.4,0.2
"chr1_16555566","rs1985782","G",0.269841,"A","GTAGT",0.2,0.4,0.4,0
"chr10_53914116","rs1910537","G",0.218254,"C","GCGCT",0,0.2,0.4,0.4
"chr15_57706750","rs16977482","T",0.246032,"G","CTGCC",0,0.2,0.2,0.6
"chrX_85261183","rs62607865","T",0.234888,"G","AAGAG",0.6,0,0.4,0
"chr12_95940716","rs11108100","C",0.25,"T","TTTGG",0,0.6,0.4,0
"chr1_62650045","rs2366314","A",0.388889,"G","CCGGG",0,0,0.6,0.4
"chr2_157103338","rs835298","A",0.482804,"G","GAGGC",0.2,0,0.6,0.2
"chr6_87033296","rs72909179","C",0.12963,"T","GGTCA",0.2,0.2,0.4,0.2
"chr12_42712326","rs4768398","C",0.365079,"G","CTGAG",0.2,0.2,0.4,0.2
"chr1_224319825","rs12730611","G",0.436508,"C","CGGGT",0,0.2,0.6,0.2
"chr9_136940567","rs79570398","G",0.145503,"T","AGTCT",0.2,0.4,0.2,0.2
"chr12_120227420","rs804717","A",0.470899,"G","ATGTA",0.4,0.4,0.2,0
"chr6_26975690","rs12201393","C",0.425926,"A","GCCAG",0.2,0,0.4,0.4
"chr1_151171353","rs182830202","T",0.0224868,"C","GGCGG",0,0,0.8,0.2
"chr10_100099276","rs10786412","A",0.206349,"G","AGAGA",0.6,0,0.4,0
"chr18_61779106","rs72949513","T",0.100529,"G","ATGTA",0.4,0.4,0.2,0
"chr4_156438440","rs13133534","C",0.125661,"T","CCCAG",0.2,0,0.2,0.6
"chr11_94169708","rs530569","T",0.322751,"C","AACCC",0.4,0,0,0.6
"chr12_7519133","rs7976661","G",0.417989,"T","TTTAA",0.4,0.6,0,0
"chr6_41379315","rs7762544","G",0.198413,"A","ATGGG",0.2,0.2,0.6,0
"chr11_71972434","rs61889249","T",0.0396825,"C","GACGG",0.2,0,0.6,0.2
"chr16_85719929","rs35003522","T",0.287037,"C","CGCGG",0,0,0.6,0.4
"chr10_57116729","rs67959750","T",0.125661,"G","CTGCA",0.2,0.2,0.2,0.4
"chr1_205041952","rs6696846","T",0.466931,"C","GGCAG",0.2,0,0.6,0.2
"chr2_99812108","rs7572157","C",0.015873,"T","ACTGG",0.2,0.2,0.4,0.2
"chr3_149375289","rs6783790","A",0.396825,"G","TGGCC",0,0.2,0.4,0.4
"chr22_51192137","rs9616827","G",0.0714286,"A","TTATT",0.2,0.8,0,0
"chr1_63901428","rs3004316","T",0.305556,"A","TCTGT",0,0.6,0.2,0.2
"chr21_27638545","rs116143972","G",0.117725,"A","ACAAG",0.6,0,0.2,0.2
"chr9_19360891","rs67579311","C",0.0899471,"A","GCAAG",0.4,0,0.4,0.2
"chr8_31585298","rs4368935","C",0.248677,"T","AGTTT",0.2,0.6,0.2,0
"chr3_59761542","rs17061197","G",0.301587,"C","GCCTC",0,0.2,0.2,0.6
"chr8_74434046","rs6989139","C",0.482804,"T","AATAT",0.6,0.4,0,0
"chr3_194086489","rs903330","G",0.34127,"A","TCATG",0.2,0.4,0.2,0.2
"chr8_135575046","rs10283108","T",0.239418,"C","TCTTC",0,0.6,0,0.4
"chr11_62378801","rs11553576","C",0.321429,"T","CCTGG",0,0.2,0.4,0.4
"chr9_99478181","rs141542925","T",0.145503,"C","GGCGC",0,0,0.6,0.4
"chr8_51976617","rs7837361","G",0.265873,"T","TATAG",0.4,0.4,0.2,0
"chr1_11326400","rs12144004","G",0.0277778,"A","CTATA",0.4,0.4,0,0.2
"chr2_55459373","rs17046778","G",0.146825,"T","CCTGA",0.2,0.2,0.2,0.4
"chr17_18026566","rs854789","T",0.362434,"C","ACCGG",0.2,0,0.4,0.4
"chr6_107077502","rs2054365","A",0.398148,"G","GTGAC",0.2,0.2,0.4,0.2
"chr2_9951948","rs10803701","A",0.248677,"G","CCGGG",0,0,0.6,0.4
"chr1_144551966","rs61801208","C",0.0462963,"T","GACAG",0.4,0,0.4,0.2
"chr6_6110866","rs1586089","C",0.261905,"T","GATTT",0.2,0.6,0.2,0
"chrX_100265552","rs5921705","A",0.400691,"T","GCTGT",0,0.4,0.4,0.2
"chr20_31275581","rs28530618","A",0.492063,"G","GGAAA",0.6,0,0.4,0
"chr14_65719215","rs2086465","T",0.248677,"G","TTGGT",0,0.6,0.4,0
"chr6_46482579","rs183002783","G",0.037037,"T","TATAT",0.4,0.6,0,0
"chr7_157742517","rs4716826","A",0.452381,"C","TCCAT",0.2,0.4,0,0.4
"chr2_868834","rs4550698","G",0.449735,"A","GAACC",0.4,0,0.2,0.4
"chr1_110198727","rs1010167","G",0.414021,"C","TGCTT",0,0.6,0.2,0.2
"chr6_35264088","rs991145","C",0.148148,"T","AACGT",0.4,0.2,0.2,0.2
"chr14_107160341","rs11848972","A",0.0132275,"G","GCGGG",0,0,0.8,0.2
"chr8_23393402","rs7017185","G",0.0529101,"A","CAATT",0.4,0.4,0,0.2
"chr8_54291652","rs112944271","G",0.047619,"A","CCAGT",0.2,0.2,0.2,0.4
"chr10_3731656","rs11252033","C",0.345238,"T","TGTTT",0,0.8,0.2,0
"chr10_45556652","rs4948942","T",0.276455,"C","CATGC",0.2,0.2,0.2,0.4
"chr10_1394400","rs11250441","C",0.342593,"T","ATTGT",0.2,0.6,0.2,0
"chr11_5474380","rs2030091","C",0.167989,"G","ATCAT",0.4,0.4,0,0.2
"chr15_66525164","rs72746236","T",0.0886243,"C","CTCAC",0.2,0.2,0,0.6
"chr3_119329071","rs75522325","G",0.0925926,"A","CCATT",0.2,0.4,0,0.4
"chr10_115439394","rs7918733","T",0.42328,"C","GTCCC",0,0.2,0.2,0.6
"chr11_107140077","rs12224337","A",0.488095,"G","TGGGT",0,0.4,0.6,0
"chr18_12458438","rs12958049","A",0.431217,"G","CCGTC",0,0.2,0.2,0.6
"chr7_31492708","rs218105","A",0.257937,"C","TACTA",0.4,0.4,0,0.2
"chr11_27505351","rs11030023","A",0.291005,"C","AACAA",0.8,0,0,0.2
"chr20_57564695","rs17851253","T",0.12037,"C","GCCGT",0,0.2,0.4,0.4
"chr15_27585034","rs28653355","A",0.351852,"G","GCGTG",0,0.2,0.6,0.2
"chr6_133376141","rs4257872","T",0.166667,"C","ATCGT",0.2,0.4,0.2,0.2
"chr18_41284170","rs1819016","G",0.497354,"C","GACTG",0.2,0.2,0.4,0.2
"chr4_44671527","rs7663750","C",0.383598,"T","CCCCA",0.2,0,0,0.8
"chr1_227436140","rs111387189","T",0.128307,"C","TACAA",0.6,0.2,0,0.2
"chr14_97294720","rs2145636","T",0.448413,"C","AGTTG",0.2,0.4,0.4,0
"chr6_166203969","rs9355548","G",0.362434,"A","AAGCC",0.4,0,0.2,0.4
"chr8_18341202","rs35478745","A",0.40873,"G","ACAAG",0.6,0,0.2,0.2
"chr20_46198151","rs117499185","T",0.112434,"C","TGCGG",0,0.2,0.6,0.2
"chr1_3291207","rs2368593","T",0.367725,"G","AGGGG",0.2,0,0.8,0
"chr19_40719410","rs3746006","T",0.318783,"C","CCCTC",0,0.2,0,0.8
"chr7_65509290","rs444475","T",0.410053,"C","CGTCC",0,0.2,0.2,0.6
"chr5_114642710","rs12187775","G",0.425926,"T","AATTG",0.4,0.4,0.2,0
"chr6_3020444","rs6903839","C",0.178571,"T","CATGT",0.2,0.4,0.2,0.2
"chr2_231179955","rs12615773","A",0.104497,"G","AGGGC",0.2,0,0.6,0.2
"chr17_79367896","rs8067402","G",0.369048,"A","GGACT",0.2,0.2,0.4,0.2
"chr7_25135783","rs39454","A",0.289683,"G","ACGGG",0.2,0,0.6,0.2
"chr5_242453","rs148416613","G",0.142857,"C","ACCCA",0.4,0,0,0.6
"chr7_105167311","rs117986187","A",0.208995,"G","ACGGG",0.2,0,0.6,0.2
"chr12_122339620","rs12827452","T",0.451058,"C","GTCGC",0,0.2,0.4,0.4
"chrX_40595397","rs7066598","G",0.0138169,"T","GATTC",0.2,0.4,0.2,0.2
"chr16_67533298","rs3893749","G",0.0383598,"A","TCAGG",0.2,0.2,0.4,0.2
"chr8_6155715","rs12681204","A",0.456349,"G","CAATG",0.4,0.2,0.2,0.2
"chr1_16072493","rs113872231","A",0.0912698,"T","ATTAC",0.4,0.4,0,0.2
"chr15_81637872","rs28555408","T",0.0621693,"C","CCCTT",0,0.4,0,0.6
"chr9_80647562","rs72738444","A",0.0555556,"G","GGGAA",0.4,0,0.6,0
"chr4_118925179","rs4590118","T",0.306878,"G","GATGT",0.2,0.4,0.4,0
"chr22_34028976","rs240600","G",0.353175,"A","CAGGT",0.2,0.2,0.4,0.2
"chr14_74032122","rs58231493","T",0.460317,"C","TGCTC",0,0.4,0.2,0.4
"chr7_54808181","rs6961690","C",0.35582,"T","TGCAG",0.2,0.2,0.4,0.2
"chr13_24616264","rs9553149","G",0.445767,"T","GCGGT",0,0.2,0.6,0.2
"chr6_162842740","rs7766912","G",0.470899,"A","GCAAC",0.4,0,0.2,0.4
"chr6_116355188","rs12154016","T",0.392857,"C","TTCGG",0,0.4,0.4,0.2
"chr6_117782634","rs9374663","A",0.48545,"G","CAACA",0.6,0,0,0.4
"chr6_151032354","rs6557082","T",0.0780423,"C","CATAG",0.4,0.2,0.2,0.2
"chr5_10644806","rs56387146","A",0.439153,"C","TTCTT",0,0.8,0,0.2
"chr19_2802092","rs2741991","C",0.306878,"T","ACTGC",0.2,0.2,0.2,0.4
"chr7_74088118","rs148084628","A",0.0489418,"G","CCGCC",0,0,0.2,0.8
"chr1_11555862","rs55975941","T",0.134921,"C","GGCGC",0,0,0.6,0.4
"chr1_246210308","rs12145554","G",0.392857,"A","CCATA",0.4,0.2,0,0.4
"chr3_32107951","rs11129479","G",0.28836,"A","CCGTT",0,0.4,0.2,0.4
"chr11_102401633","rs11568819","A",0.0687831,"G","TCGTT",0,0.6,0.2,0.2
"chr16_58746906","rs40575","A",0.325397,"G","GAAGC",0.4,0,0.4,0.2
"chrX_48782383","rs113421033","A",0.0552677,"G","CCGTC",0,0.2,0.2,0.6
"chr2_66812814","rs72824835","A",0.0740741,"G","GCGAT",0.2,0.2,0.4,0.2
"chr8_75691137","rs6472875","T",0.369048,"C","GCTAA",0.4,0.2,0.2,0.2
"chr1_59124803","rs232776","C",0.417989,"T","AACAT",0.6,0.2,0,0.2
"chr17_38179667","rs2302778","A",0.256614,"G","AGAAC",0.6,0,0.2,0.2
"chr8_80215999","rs148133949","A",0.0859788,"G","ATGCC",0.2,0.2,0.2,0.4
"chr4_35604709","rs7667040","A",0.165344,"G","ATGTA",0.4,0.4,0.2,0
"chr4_18900688","rs4697195","T",0.359788,"C","ATCAG",0.4,0.2,0.2,0.2
"chr18_54279378","rs35096744","G",0.218254,"A","GTGTG",0,0.4,0.6,0
"chr7_83720921","rs74881656","T",0.0502646,"C","TCCTT",0,0.6,0,0.4
"chr19_7635590","rs7260154","C",0.322751,"T","AACGC",0.4,0,0.2,0.4
"chr12_54575800","rs2233921","A",0.48545,"C","GTCCA",0.2,0.2,0.2,0.4
"chr12_119733999","rs7305439","G",0.35582,"C","GGCAG",0.2,0,0.6,0.2
"chr12_83052756","rs75271751","G",0.115079,"A","ACAGT",0.4,0.2,0.2,0.2
"chr2_114003621","rs1491585","G",0.473545,"A","GCATC",0.2,0.2,0.2,0.4
"chr4_921020","rs80040373","G",0.0992063,"C","GCCCT",0,0.2,0.2,0.6
"chr9_114330971","rs4486270","C",0.280423,"T","ACTGA",0.4,0.2,0.2,0.2
"chrX_115254660","rs28821636","T",0.468048,"A","ACACA",0.6,0,0,0.4
"chr2_3473727","rs12993215","C",0.427249,"T","CATGG",0.2,0.2,0.4,0.2
"chr17_79505759","rs6565590","A",0.0595238,"G","TGGGC",0,0.2,0.6,0.2
"chr15_75792297","rs12916964","A",0.263228,"T","GATCA",0.4,0.2,0.2,0.2
"chr7_30554997","rs38434","G",0.201058,"A","GTGTT",0,0.6,0.4,0
"chr12_104983794","rs1704897","A",0.444444,"G","TAAAT",0.6,0.4,0,0
"chr2_150322246","rs888102","G",0.238095,"T","ACGAG",0.4,0,0.4,0.2
"chr7_2326816","rs34219261","T",0.335979,"C","CGCCA",0.2,0,0.2,0.6
"chr17_16318932","rs3813769","C",0.329365,"T","CGTTC",0,0.4,0.2,0.4
"chr19_16200730","rs56207516","A",0.185185,"G","GCGTG",0,0.2,0.6,0.2
"chr4_124285326","rs12506554","C",0.428571,"G","CTCCT",0,0.4,0,0.6
"chr7_150556992","rs10952294","T",0.287037,"C","GGCGC",0,0,0.6,0.4
"chr1_31679829","rs11805687","G",0.244709,"C","ACGCC",0.2,0,0.2,0.6
"chr4_22482039","rs80131296","A",0.0978836,"G","CCGTA",0.2,0.2,0.2,0.4
"chr1_119674087","rs9428295","G",0.404762,"T","TTTGT",0,0.8,0.2,0
"chr12_130534940","rs4760040","C",0.472222,"G","CAGAT",0.4,0.2,0.2,0.2
"chr3_136515145","rs11713817","A",0.43254,"G","TGGCG",0,0.2,0.6,0.2
"chr15_73859016","rs62004587","C",0.490741,"A","GCAGG",0.2,0,0.6,0.2
"chr8_26046241","rs56151795","A",0.119048,"G","CAGGA",0.4,0,0.4,0.2
"chr2_133262606","rs7575738","T",0.443122,"C","TCTGT",0,0.6,0.2,0.2
"chr4_182870363","rs6852460","C",0.452381,"T","ACCGT",0.2,0.2,0.2,0.4
"chr9_35982549","rs67280425","G",0.175926,"A","AGAGA",0.6,0,0.4,0
"chr16_69358023","rs78918829","T",0.0251323,"C","CCCAC",0.2,0,0,0.8
"chr16_83833126","rs17780828","T",0.277778,"G","ACGTG",0.2,0.2,0.4,0.2
"chr11_60074226","rs78926217","T",0.0343915,"C","CTCGA",0.2,0.2,0.2,0.4
"chr20_44190432","rs6032326","A",0.140212,"G","GTAAT",0.4,0.4,0.2,0
"chr19_10687757","rs7252007","T",0.133598,"C","CATCA",0.4,0.2,0,0.4
"chr2_60966970","rs6750409","A",0.465608,"C","CCAAC",0.4,0,0,0.6
"chr12_44098609","rs1824818","T",0.462963,"A","GAAAC",0.6,0,0.2,0.2
"chr15_33540578","rs2879375","T",0.386243,"C","TGCTT",0,0.6,0.2,0.2
"chr8_21725259","rs4872551","A",0.359788,"G","GCAAC",0.4,0,0.2,0.4
"chr1_180239535","rs1043744","T",0.416667,"C","TTTAT",0.2,0.8,0,0
"chr4_170485314","rs115520737","G",0.0912698,"A","GAAAA",0.8,0,0.2,0
"chr5_146666063","rs11167985","G",0.47619,"T","CAGTC",0.2,0.2,0.2,0.4
"chr11_90240167","rs489250","C",0.460317,"G","AAGAA",0.8,0,0.2,0
"chr1_26498881","rs61776627","T",0.190476,"C","GACGG",0.2,0,0.6,0.2
"chr11_66333598","rs545009","C",0.451058,"T","TTCCT",0,0.6,0,0.4
"chr1_8030300","rs178932","G",0.318783,"A","GGGAC",0.2,0,0.6,0.2
"chr5_56260363","rs10039338","A",0.345238,"G","TTAAC",0.4,0.4,0,0.2
"chr19_10227149","rs3826785","T",0.111111,"C","GACGG",0.2,0,0.6,0.2
"chr8_80233163","rs10504704","T",0.194444,"C","TACTG",0.2,0.4,0.2,0.2
"chr15_58702941","rs16940233","C",0.0793651,"T","AATGG",0.4,0.2,0.4,0
"chr3_108652750","rs2715684","T",0.35582,"C","TTCAC",0.2,0.4,0,0.4
"chr11_101433353","rs7936514","A",0.482804,"G","ATGTA",0.4,0.4,0.2,0
"chr19_47288150","rs8105903","C",0.468254,"A","TACCC",0.2,0.2,0,0.6
"chr16_69364443","rs8057004","G",0.279101,"A","CCAAA",0.6,0,0,0.4
"chr3_15821121","rs11712568","T",0.40873,"C","CCTTA",0.2,0.4,0,0.4
"chr10_53707749","rs7092969","T",0.283069,"A","GGTCT",0,0.4,0.4,0.2
"chr8_110365780","rs35093485","A",0.123016,"T","TTTAA",0.4,0.6,0,0
"chr12_85852827","rs35026855","G",0.0410053,"A","CAAAC",0.6,0,0,0.4
"chr19_30640423","rs10775570","A",0.125661,"C","GGCCA",0.2,0,0.4,0.4
"chr16_532279","rs12917958","C",0.466931,"G","AGCTC",0.2,0.2,0.2,0.4
"chr9_125027119","rs7035313","A",0.0701058,"C","TAAGC",0.4,0.2,0.2,0.2
"chr7_45582196","rs140280868","C",0.0357143,"T","TATGG",0.2,0.4,0.4,0
"chr12_112331317","rs12580246","A",0.0899471,"G","CAGAC",0.4,0,0.2,0.4
"chr7_97613375","rs62476921","C",0.298942,"T","GGTTT",0,0.6,0.4,0
"chr5_173687968","rs79107214","T",0.142857,"C","AGCAG",0.4,0,0.4,0.2
"chr17_42382404","rs11651393","T",0.378307,"C","GGCCT",0,0.2,0.4,0.4
"chr3_61049559","rs9855931","C",0.373016,"G","GACGA",0.4,0,0.4,0.2
"chr5_89261270","rs10514312","T",0.259259,"C","CACCT",0.2,0.2,0,0.6
"chr17_3203442","rs2855669","A",0.46164,"T","TTTAA",0.4,0.6,0,0
"chr3_109498367","rs143401529","G",0.0198413,"C","TTCCA",0.2,0.4,0,0.4
"chr19_15782542","rs10405873","G",0.0925926,"C","CAGTA",0.4,0.2,0.2,0.2
"chr19_44830892","rs1582","C",0.320106,"A","TTCAA",0.4,0.4,0,0.2
"chr4_20720532","rs4577580","C",0.486772,"A","ACAAG",0.6,0,0.2,0.2
"chr14_76049334","rs8181959","A",0.376984,"G","AAGTT",0.4,0.4,0.2,0
"chr1_113242122","rs1106287","G",0.234127,"T","CATGT",0.2,0.4,0.2,0.2
"chr15_91450441","rs2677744","A",0.35582,"G","TCGCG",0,0.2,0.4,0.4
"chr13_42056689","rs9525501","C",0.412698,"G","AGGCA",0.4,0,0.4,0.2
"chr22_23248839",".","A",0.493386,"T","CAACC",0.4,0,0,0.6
"chr11_34980314","rs7945524","A",0.0343915,"G","ATGTA",0.4,0.4,0.2,0
"chr8_38568936","rs6992505","T",0.130952,"C","AGCTG",0.2,0.2,0.4,0.2
"chr17_41627530","rs28659819","A",0.28836,"G","GCGGT",0,0.2,0.6,0.2
"chr1_53938542","rs12026676","T",0.150794,"A","TTAAA",0.6,0.4,0,0
"chr3_67408155","rs11127592","G",0.480159,"A","CTACT",0.2,0.4,0,0.4
"chr9_789499","rs12000567","C",0.0171958,"A","CTATT",0.2,0.6,0,0.2
"chr3_124289287","rs13077090","G",0.101852,"A","GTATA",0.4,0.4,0.2,0
"chr2_159707126","rs56056398","A",0.427249,"G","GTGAT",0.2,0.4,0.4,0
"chr12_96270646","rs7976294","A",0.186508,"G","CAAGC",0.4,0,0.2,0.4
"chr20_8764881","rs6086596","A",0.362434,"G","GTGTG",0,0.4,0.6,0
"chr10_108491194","rs17121307","C",0.00793651,"G","AAGTG",0.4,0.2,0.4,0
"chr8_87125102","rs7001674","G",0.427249,"T","TCGCC",0,0.2,0.2,0.6
"chr4_182747619","rs35361063","C",0.333333,"A","TTACA",0.4,0.4,0,0.2
"chr1_211959743","rs12129627","T",0.0846561,"C","CACGG",0.2,0,0.4,0.4
"chr5_178048633","rs4557432","G",0.123016,"T","ATGCT",0.2,0.4,0.2,0.2
"chr14_85805956","rs12882320","T",0.297619,"A","CCACA",0.4,0,0,0.6
"chr1_28918992","rs12123931","G",0.289683,"C","ACCGC",0.2,0,0.2,0.6
"chr1_241806051","rs614251","T",0.345238,"G","TGTGC",0,0.4,0.4,0.2
"chr6_31247270",".","A",0.272487,"G","CCGCC",0,0,0.2,0.8
"chr20_59773788","rs6071539","C",0.404762,"A","TTCTC",0,0.6,0,0.4
"chr2_32545880","rs2038537","T",0.453704,"C","TTCAC",0.2,0.4,0,0.4
"chr2_53341417","rs66716041","G",0.313492,"C","GTCAG",0.2,0.2,0.4,0.2
"chr20_54979171","rs7806","T",0.242063,"C","CCCTT",0,0.4,0,0.6
"chr12_49342050","rs2694840","A",0.428571,"G","ATAAT",0.6,0.4,0,0
"chr8_54349530","rs6991389","C",0.433862,"T","TTCAG",0.2,0.4,0.2,0.2
"chr5_71051861","rs10062414","T",0.15873,"C","AGCTT",0.2,0.4,0.2,0.2
"chr16_28267756","rs8048601","C",0.27381,"G","CTCTC",0,0.4,0,0.6
"chr6_19798649","rs9465531","T",0.26455,"A","ATAAA",0.8,0.2,0,0
"chr4_67474092","rs72644463","A",0.117725,"G","GCGCT",0,0.2,0.4,0.4
"chr22_31497879","rs1004243","T",0.420635,"C","CTCGG",0,0.2,0.4,0.4
"chr8_145701453","rs750472","A",0.488095,"C","TCAAA",0.6,0.2,0,0.2
"chr6_53596492","rs7755522","A",0.458995,"T","AAAAA",1,0,0,0
"chr6_29912594","rs17882753","T",0.132275,"C","TACGG",0.2,0.2,0.4,0.2
"chr2_212569241","rs10183337","T",0.427249,"C","TATGA",0.4,0.4,0.2,0
"chr14_85726866","rs12435282","T",0.428571,"G","AGGAG",0.4,0,0.6,0
"chr15_60004806","rs4102887","C",0.498677,"T","CTCTG",0,0.4,0.2,0.4
"chr2_219110721","rs13015410","G",0.474868,"A","ACGAG",0.4,0,0.4,0.2
"chr5_59956784","rs11956023","G",0.46164,"C","TAGGA",0.4,0.2,0.4,0
"chr5_24047459","rs60920330","C",0.484127,"T","CCCAC",0.2,0,0,0.8
"chr3_43064256","rs10510736","A",0.435185,"G","CTGTA",0.2,0.4,0.2,0.2
"chr11_124671618","rs3016272","C",0.275132,"T","CCTGA",0.2,0.2,0.2,0.4
"chr2_148704932","rs1030317","C",0.347884,"T","CATAT",0.4,0.4,0,0.2
"chr17_19807513","rs56153261","T",0.121693,"C","GACCT",0.2,0.2,0.2,0.4
"chr3_101442461","rs189905770","C",0.0291005,"T","AATAT",0.6,0.4,0,0
"chr3_31134879","rs172419","T",0.410053,"C","TACGC",0.2,0.2,0.2,0.4
"chr20_257032","rs3827153","A",0.35582,"G","ATACA",0.6,0.2,0,0.2
"chr17_38045084","rs146767035","A",0.015873,"G","TGGGG",0,0.2,0.8,0
"chr10_53113984","rs75444732","G",0.0436508,"A","GAATG",0.4,0.2,0.4,0
"chr1_45257201","rs12126557","T",0.103175,"C","TGCTT",0,0.6,0.2,0.2
"chr11_65547889","rs67995174","G",0.208995,"C","GGCGC",0,0,0.6,0.4
"chr10_82295398","rs11185932","A",0.324074,"G","ACGAA",0.6,0,0.2,0.2
"chr10_20943904","rs7089134","T",0.170635,"C","GATGT",0.2,0.4,0.4,0
"chr8_119455953","rs13256814","C",0.321429,"T","TCTTT",0,0.8,0,0.2
"chr10_58685096","rs72794076","T",0.111111,"C","TTCCT",0,0.6,0,0.4
"chr5_11256115","rs181889","C",0.362434,"T","TGTTC",0,0.6,0.2,0.2
"chr18_35670243","rs12456129","A",0.14418,"G","ATGAA",0.6,0.2,0.2,0
"chr11_4487851","rs11032359","C",0.34127,"G","ACGCC",0.2,0,0.2,0.6
"chr8_12841349",".","C",0.0846561,"G","GCGTG",0,0.2,0.6,0.2
"chr7_85489687","rs2662890","C",0.277778,"T","TATGG",0.2,0.4,0.4,0
"chr5_110908379","rs421083","C",0.239418,"A","GCATC",0.2,0.2,0.2,0.4
"chr1_46503217","rs1768808","C",0.365079,"T","CACTG",0.2,0.2,0.2,0.4
"chr3_195476501","rs2641723","C",0.436508,"A","AAATA",0.8,0.2,0,0
"chr9_111657386","rs950915","A",0.363757,"G","CCGGG",0,0,0.6,0.4
"chr5_3144069","rs6868859","G",0.351852,"A","TGGTA",0.2,0.4,0.4,0
"chr14_106950814","rs7143373","C",0.406085,"A","ACCGC",0.2,0,0.2,0.6
"chr17_28988926","rs9907388","A",0.0132275,"G","GCGGT",0,0.2,0.6,0.2
"chr15_28901696","rs57930897","A",0.0740741,"G","TTGTT",0,0.8,0.2,0
"chr13_92935347","rs9523591","A",0.0992063,"G","CTGGT",0,0.4,0.4,0.2
"chr5_94546997","rs190421654","G",0.201058,"C","CCCTG",0,0.2,0.2,0.6
"chr2_25145173","rs59086897","A",0.420635,"T","GCTCT",0,0.4,0.2,0.4
"chr6_106517778","rs9386507","A",0.0899471,"G","TGGCC",0,0.2,0.4,0.4
"chr4_57372243","rs6824893","G",0.223545,"A","TAAGG",0.4,0.2,0.4,0
"chr9_14989877","rs10810310","T",0.498677,"C","GATAC",0.4,0.2,0.2,0.2
"chr3_149695392","rs35233622","A",0.424603,"G","GGGTA",0.2,0.2,0.6,0
"chr12_53277623","rs61927887","T",0.376984,"G","ATTTT",0.2,0.8,0,0
"chr1_164541977","rs2792251","G",0.321429,"A","CTGAT",0.2,0.4,0.2,0.2
"chr12_74929925","rs2605381","C",0.222222,"G","CCCCT",0,0.2,0,0.8
"chr8_72973703","rs16937957","A",0.169312,"G","ACGCG",0.2,0,0.4,0.4
"chr12_58161898","rs3782130","C",0.330688,"G","GTGGA",0.2,0.2,0.6,0
"chr8_122683975","rs9792267","A",0.468254,"G","ACAGC",0.4,0,0.2,0.4
"chr11_49507573","rs7924311","G",0.439153,"A","GTGCA",0.2,0.2,0.4,0.2
"chr14_103266382","rs11624345","G",0.334656,"A","GCGGG",0,0,0.8,0.2
"chr2_102852802","rs10167431","T",0.488095,"C","GGTCT",0,0.4,0.4,0.2
"chr19_12551299","rs6511803","G",0.224868,"C","AAGGA",0.6,0,0.4,0
"chr17_74759126","rs73999404","G",0.00396825,"C","CCCCA",0.2,0,0,0.8
"chr8_9587740","rs11785927","G",0.23545,"A","AGGGA",0.4,0,0.6,0
"chr12_97489810","rs7314295","T",0.412698,"C","TATTT",0.2,0.8,0,0
"chr1_242116228","rs61826043","T",0.133598,"C","CCCAG",0.2,0,0.2,0.6
"chr13_95653323","rs35093863","G",0.308201,"A","TTATA",0.4,0.6,0,0
"chr5_121847341","rs12153066","G",0.152116,"A","CAACA",0.6,0,0,0.4
"chr10_45052047","rs11239130","G",0.318783,"A","CTAGG",0.2,0.2,0.4,0.2
"chr20_4953288","rs6053003","A",0.411376,"C","GCCGT",0,0.2,0.4,0.4
"chr5_15021971","rs7727180","T",0.183862,"C","GGCGG",0,0,0.8,0.2
"chr12_51587872","rs11169757","C",0.415344,"T","CATGA",0.4,0.2,0.2,0.2
"chr3_27304689","rs6551189","C",0.457672,"A","ACACG",0.4,0,0.2,0.4
"chr11_833327","rs28648546","A",0.279101,"G","TCAGC",0.2,0.2,0.2,0.4
"chr5_52416948","rs10471832","T",0.132275,"C","TCCTT",0,0.6,0,0.4
"chr16_2010181","rs397460","G",0.203704,"C","CAGCA",0.4,0,0.2,0.4
"chr11_2438448","rs10832004","A",0.216931,"G","CCGAG",0.2,0,0.4,0.4
"chr6_70926898","rs1200569","G",0.27381,"A","AAGCG",0.4,0,0.4,0.2
"chr3_195049539","rs4677826","A",0.203704,"C","GGCGG",0,0,0.8,0.2
"chr6_121751188","rs112649609","T",0.0912698,"G","AGGGC",0.2,0,0.6,0.2
"chr5_110427752","rs72776797","G",0.205026,"A","ACATT",0.4,0.4,0,0.2
"chr2_157051710","rs10167522","A",0.343915,"G","GCGTG",0,0.2,0.6,0.2
"chr3_73353237","rs13076436","C",0.457672,"T","TGCGT",0,0.4,0.4,0.2
"chr15_90776375","rs9744242","T",0.464286,"C","ACTCA",0.4,0.2,0,0.4
"chr3_52013883","rs13099450","G",0.339947,"A","GTATG",0.2,0.4,0.4,0
"chr11_93909540","rs3020013","A",0.477513,"G","CAACT",0.4,0.2,0,0.4
"chr14_71935156","rs61989373","T",0.230159,"C","GACGG",0.2,0,0.6,0.2
"chr10_23737256","rs188573619","T",0.00661376,"C","TGCGT",0,0.4,0.4,0.2
"chr10_49557768","rs11101298","C",0.411376,"T","GACGA",0.4,0,0.4,0.2
"chr7_98449842","rs7785963","C",0.141534,"A","TGCAA",0.4,0.2,0.2,0.2
"chr7_135204841","rs79718598","G",0.134921,"A","TTATA",0.4,0.6,0,0
"chr11_112906804","rs7935745","G",0.441799,"A","CTACT",0.2,0.4,0,0.4
"chr19_57054495","rs10414761","C",0.25,"T","TGTTT",0,0.8,0.2,0
"chr9_609829","rs10975395","T",0.216931,"C","AGTAA",0.6,0.2,0.2,0
"chr7_30828615","rs10272887","T",0.481481,"C","CATTG",0.2,0.4,0.2,0.2
"chr17_35869258","rs184934290","T",0.141534,"C","CACAC",0.4,0,0,0.6
"chr19_22399448","rs281189","T",0.353175,"G","CTGTT",0,0.6,0.2,0.2
"chr9_116362250","rs78352057","T",0.0529101,"C","GACCT",0.2,0.2,0.2,0.4
"chr20_42529403","rs765357","G",0.246032,"C","CACTC",0.2,0.2,0,0.6
"chr20_44058109","rs73124654","T",0.0727513,"A","TGATT",0.2,0.6,0.2,0
"chr5_58678768","rs244592","G",0.306878,"A","TCACA",0.4,0.2,0,0.4
"chr7_27662598","rs1115347","A",0.296296,"G","CTATA",0.4,0.4,0,0.2
"chr11_1704022","rs59454876","G",0.00132275,"A","ACAAC",0.6,0,0,0.4
"chr4_70061403",".","T",0.455026,"G","CGGTC",0,0.2,0.4,0.4
"chr17_45933165","rs16948835","G",0.396825,"A","TCAGA",0.4,0.2,0.2,0.2
"chr5_140332812","rs269546","A",0.167989,"G","TTGGT",0,0.6,0.4,0
"chr5_151734701","rs6870816","T",0.300265,"G","ACGGC",0.2,0,0.4,0.4
"chr12_70262688","rs1240228","A",0.316138,"G","GCGCA",0.2,0,0.4,0.4
"chr9_27878335","rs2778430","C",0.186508,"T","GATTG",0.2,0.4,0.4,0
"chr22_25855629","rs6004655","A",0.0767196,"G","ATGAA",0.6,0.2,0.2,0
"chr2_216884764","rs2372684","C",0.277778,"A","TACGC",0.2,0.2,0.2,0.4
"chr14_37127841","rs8011668","T",0.351852,"G","GGGTC",0,0.2,0.6,0.2
"chr1_25193927","rs3131516","G",0.47619,"A","GCAGG",0.2,0,0.6,0.2
"chr7_94234170","rs187812278","A",0.021164,"T","TATAA",0.6,0.4,0,0
"chr1_230327766","rs6678450","T",0.456349,"C","AGTGT",0.2,0.4,0.4,0
"chr10_100077970","rs2010262","T",0.320106,"C","TCTGT",0,0.6,0.2,0.2
"chr5_68611583","rs66514959","A",0.420635,"G","CCGTC",0,0.2,0.2,0.6
"chr16_53030924","rs142882796","T",0.10582,"C","GGCGC",0,0,0.6,0.4
"chr11_18180697","rs7125038","T",0.0132275,"C","TTTGA",0.2,0.6,0.2,0
"chr8_33433860","rs6468180","T",0.335979,"A","TCACT",0.2,0.4,0,0.4
"chr11_47887970","rs192520717","C",0.0291005,"T","TCTCG",0,0.4,0.2,0.4
"chr2_47126470","rs6727958","C",0.243386,"G","TGGTC",0,0.4,0.4,0.2
"chr15_84541598","rs62025827","A",0.297619,"G","AAGCT",0.4,0.2,0.2,0.2
"chr15_91407994","rs7497418","G",0.399471,"A","CTGTA",0.2,0.4,0.2,0.2
"chr1_202988006","rs782785","T",0.48545,"C","ACCCT",0.2,0.2,0,0.6
"chr16_87697767","rs143270891","A",0.00925926,"C","GTCTC",0,0.4,0.2,0.4
"chr9_133394671","rs562018","G",0.138889,"A","CCGTC",0,0.2,0.2,0.6
"chrX_154879115","rs9779788","A",0.227979,"G","AGACT",0.4,0.2,0.2,0.2
"chr12_4675218","rs2884670","A",0.314815,"G","CCATG",0.2,0.2,0.2,0.4
"chr4_42858742","rs12645568","T",0.357143,"G","TTGTC",0,0.6,0.2,0.2
"chr5_152015597","rs4958567","G",0.261905,"T","CATTT",0.2,0.6,0,0.2
"chr6_14138427","rs853362","G",0.219577,"A","GTATA",0.4,0.4,0.2,0
"chr11_81846931","rs11600037","T",0.419312,"C","TACGG",0.2,0.2,0.4,0.2
"chr17_43751308","rs62055660","C",0.156085,"T","AATTC",0.4,0.4,0,0.2
"chr10_83292555","rs11190312","A",0.243386,"G","CCGTG",0,0.2,0.4,0.4
"chr17_66708145","rs12325975","T",0.232804,"C","TCCGG",0,0.2,0.4,0.4
"chr3_97629199","rs62264219","A",0.287037,"C","GCCGC",0,0,0.4,0.6
"chr3_45197545","rs56266789","A",0.0608466,"G","GCGCC",0,0,0.4,0.6
"chr4_39504489","rs115993543","T",0.0634921,"C","CTCCC",0,0.2,0,0.8
"chr9_99446956","rs10978583","C",0.156085,"G","TGGTC",0,0.4,0.4,0.2
"chr12_110276712","rs12425368","C",0.452381,"A","TCCGG",0,0.2,0.4,0.4
"chr22_19972559","rs2238784","A",0.305556,"G","ACGTG",0.2,0.2,0.4,0.2
"chr17_44121579","rs557307834","C",0.205026,"T","ATTTT",0.2,0.8,0,0
"chr12_34822490","rs149321302","A",0.37963,"C","TGCCA",0.2,0.2,0.2,0.4
"chr14_94875182","rs11160175","T",0.490741,"C","GACAT",0.4,0.2,0.2,0.2
"chrX_68923718","rs2520372","C",0.433506,"A","ATATC",0.4,0.4,0,0.2
"chrX_57362968","rs6612778","C",0.236615,"T","TTCCC",0,0.4,0,0.6
"chr7_64278416","rs11974747","G",0.0449735,"T","AGGCT",0.2,0.2,0.4,0.2
"chr7_155185683","rs7797103","C",0.216931,"T","GGTGA",0.2,0.2,0.6,0
"chr22_38029723","rs12710562","G",0.189153,"A","AAAAG",0.8,0,0.2,0
"chr13_114300547","rs6577058","T",0.111111,"C","CACGG",0.2,0,0.4,0.4
"chr10_23281634","rs1987026","A",0.175926,"G","TGGAC",0.2,0.2,0.4,0.2
"chr17_73874138","rs4072479","C",0.157407,"G","AGGGC",0.2,0,0.6,0.2
"chr6_31276513",".","A",0.272487,"C","CCCGG",0,0,0.4,0.6
"chr6_29688973","rs9258167","A",0.119048,"G","CAGTG",0.2,0.2,0.4,0.2
"chr10_105793403","rs3781332","T",0.205026,"C","CTCGG",0,0.2,0.4,0.4
"chr5_4257463","rs11739066","T",0.183862,"G","ACGCT",0.2,0.2,0.2,0.4
"chr14_64282063","rs11849093","T",0.293651,"C","TCTGA",0.2,0.4,0.2,0.2
"chr2_157378199","rs76512401","G",0.015873,"A","ACATA",0.6,0.2,0,0.2
"chr19_49666261","rs12462397","T",0.0330688,"C","TCCGC",0,0.2,0.2,0.6
"chr4_86673888","rs12507272","C",0.195767,"T","AATTG",0.4,0.4,0.2,0
"chr20_18407117","rs16979106","C",0.0833333,"A","GAAGC",0.4,0,0.4,0.2
"chr22_23457098","rs2267003","A",0.443122,"G","AAAGG",0.6,0,0.4,0
"chr12_42836270","rs1452104","G",0.160053,"A","CAAAT",0.6,0.2,0,0.2
"chr11_63595371","rs118013809","G",0.0185185,"T","CTTGT",0,0.6,0.2,0.2
"chr19_53121569","rs62118480","A",0.342593,"G","CAGTG",0.2,0.2,0.4,0.2
"chr16_49949504","rs55701606","T",0.277778,"C","CACGT",0.2,0.2,0.2,0.4
"chr11_89045556","rs10830256","T",0.458995,"G","TGGAA",0.4,0.2,0.4,0
"chr4_7552712","rs4689779","G",0.136243,"A","CAGGC",0.2,0,0.4,0.4
"chr2_97078743","rs637532","T",0.366402,"C","AGTGC",0.2,0.2,0.4,0.2
"chr15_85354596","rs11073730","T",0.448413,"C","CCCCA",0.2,0,0,0.8
"chr20_33378752","rs4911445","C",0.473545,"T","GGTCT",0,0.4,0.4,0.2
"chr18_6736120","rs62082767","G",0.165344,"C","CACTA",0.4,0.2,0,0.4
"chr4_43452719","rs1912970","A",0.198413,"G","TAATC",0.4,0.4,0,0.2
"chr17_10198585","rs4791973","C",0.0873016,"T","TCTTG",0,0.6,0.2,0.2
"chr2_160530977","rs59687177","A",0.0291005,"G","CAGCA",0.4,0,0.2,0.4
"chr1_108563167","rs34817034","A",0.369048,"G","ATGGC",0.2,0.2,0.4,0.2
"chr17_66513958","rs56278628","G",0.301587,"C","TTCAA",0.4,0.4,0,0.2
"chr19_769064","rs62131323","A",0.23545,"G","CCGCC",0,0,0.2,0.8
"chr6_147972241","rs12199557","C",0.477513,"T","AACGC",0.4,0,0.2,0.4
"chr6_8370531","rs55743340","T",0.208995,"G","CTGTC",0,0.4,0.2,0.4
"chr3_61191066","rs12487887","A",0.047619,"G","TCGCC",0,0.2,0.2,0.6
"chr17_26310044","rs141811751","C",0.0198413,"A","GAATA",0.6,0.2,0.2,0
"chr1_165569064","rs11806754","T",0.0767196,"C","TACGT",0.2,0.4,0.2,0.2
"chr13_24634356","rs113546035","T",0.19709,"A","GTACT",0.2,0.4,0.2,0.2
"chr7_8876378","rs17335525","G",0.169312,"C","ATCAA",0.6,0.2,0,0.2
"chr15_30967896","rs12906190","T",0.112434,"C","ACCGA",0.4,0,0.2,0.4
"chr19_1085067","rs2079158","A",0.128307,"T","AGAGA",0.6,0,0.4,0
"chr6_153021999","rs7747794","A",0.021164,"G","ATGTG",0.2,0.4,0.4,0
"chr8_58863107","rs7834043","A",0.460317,"G","AGGGG",0.2,0,0.8,0
"chr11_113236492","rs10891539","G",0.477513,"C","GAGGC",0.2,0,0.6,0.2
"chr13_28672205","rs4575382","A",0.194444,"G","GCGCT",0,0.2,0.4,0.4
"chr19_16220893","rs12983653","C",0.167989,"T","ATTTG",0.2,0.6,0.2,0
"chr13_37814988","rs12871615","A",0.428571,"G","AGACA",0.6,0,0.2,0.2
"chr7_16997853","rs6966502","A",0.384921,"G","CCGGC",0,0,0.4,0.6
"chr2_108905290","rs17036045","T",0.015873,"C","GGCCA",0.2,0,0.4,0.4
"chr3_44452337","rs7626171","T",0.108466,"A","ACACC",0.4,0,0,0.6
"chr19_55552446","rs62122049","G",0.154762,"A","AGATT",0.4,0.4,0.2,0
"chr8_118887896","rs7830840","A",0.244709,"G","CGGTA",0.2,0.2,0.4,0.2
"chr6_53196143","rs7745313","A",0.256614,"T","AATTT",0.4,0.6,0,0
"chr1_231442222","rs517328","C",0.419312,"T","CTCAC",0.2,0.2,0,0.6
"chr1_156215562","rs2075166","A",0.268519,"G","CTGTC",0,0.4,0.2,0.4
"chr12_22743837","rs12301576","T",0.0687831,"G","CAGCT",0.2,0.2,0.2,0.4
"chr7_41969521","rs6951077","C",0.202381,"T","GGTCT",0,0.4,0.4,0.2
"chr2_86794333","rs7584882","T",0.388889,"G","GGTCT",0,0.4,0.4,0.2
"chr16_19445407","rs61525901","C",0.0542328,"A","ATATA",0.6,0.4,0,0
"chr1_34981177","rs12566683","T",0.0582011,"C","TACAC",0.4,0.2,0,0.4
"chr3_84534549","rs7618255","G",0.292328,"A","TGGCA",0.2,0.2,0.4,0.2
"chr11_113180509","rs11603187","G",0.207672,"T","TCTTC",0,0.6,0,0.4
"chr12_127799840","rs2656821","G",0.419312,"T","TTGGT",0,0.6,0.4,0
"chr21_22792073","rs2776102","C",0.198413,"T","AGTCT",0.2,0.4,0.2,0.2
"chr17_5287946","rs11558","C",0.0925926,"G","CTCTC",0,0.4,0,0.6
"chr6_42454554","rs3005124","C",0.115079,"G","AAGTA",0.6,0.2,0.2,0
"chr19_9177523","rs138012058","A",0.178571,"G","ACGCC",0.2,0,0.2,0.6
"chr2_99124817","rs3769717","A",0.261905,"G","CCGCC",0,0,0.2,0.8
"chr11_3579199","rs11028090","C",0.421958,"T","TTTGC",0,0.6,0.2,0.2
"chr17_64726827","rs3890137","G",0.32672,"A","TTGCC",0,0.4,0.2,0.4
"chr9_132533215","rs7870613","G",0.343915,"A","CAAGG",0.4,0,0.4,0.2
"chr10_75586174","rs2664284","C",0.243386,"G","CAGAG",0.4,0,0.4,0.2
"chr8_138504593","rs925647","A",0.0912698,"T","ACTAC",0.4,0.2,0,0.4
"chr4_164451641","rs958855","A",0.403439,"G","GAACC",0.4,0,0.2,0.4
"chr1_236732145","rs2794779","C",0.297619,"G","TTCAG",0.2,0.4,0.2,0.2
"chr5_149433939","rs41287094","A",0.010582,"G","TGGAA",0.4,0.2,0.4,0
"chr20_47707944","rs6063351","T",0.440476,"C","GACAG",0.4,0,0.4,0.2
"chr19_15021783","rs73020858","C",0.0780423,"T","TTTTT",0,1,0,0
"chr4_149788173","rs116288287","C",0.0224868,"T","CATGT",0.2,0.4,0.2,0.2
"chr17_17878612","rs4321247","G",0.421958,"A","CCAAC",0.4,0,0,0.6
"chr15_26472618","rs7172514","C",0.0899471,"T","GATGC",0.2,0.2,0.4,0.2
"chr12_64070424","rs7315012","C",0.345238,"T","TGTGT",0,0.6,0.4,0
"chr9_19440521","rs13285153","C",0.171958,"G","CAGCT",0.2,0.2,0.2,0.4
"chr8_58053339","rs17192845","T",0.18254,"C","TTCCT",0,0.6,0,0.4
"chr6_122186283","rs9401462","C",0.0555556,"T","GATAC",0.4,0.2,0.2,0.2
"chr14_106274587","rs57355261","T",0.0026455,"C","GGCCT",0,0.2,0.4,0.4
"chr7_93956536","rs76679679","T",0.0198413,"C","CTCGA",0.2,0.2,0.2,0.4
"chr6_67612460","rs4513772","T",0.281746,"A","TTTAA",0.4,0.6,0,0
"chr2_51736608","rs1406426","A",0.136243,"G","GGACA",0.4,0,0.4,0.2
"chr4_156010527","rs2061226","G",0.382275,"A","CTGTT",0,0.6,0.2,0.2
"chr3_84958995","rs441367","G",0.424603,"A","ACGAC",0.4,0,0.2,0.4
"chr1_95199048","rs1873876","C",0.309524,"G","GAGCC",0.2,0,0.4,0.4
"chr15_35059679","rs515132","C",0.399471,"T","TCTGC",0,0.4,0.2,0.4
"chr12_248202","rs56204927","C",0.417989,"G","TGCGG",0,0.2,0.6,0.2
"chr4_152691470","rs867800","C",0.361111,"T","AATGA",0.6,0.2,0.2,0
"chr1_22309690","rs6426732","T",0.0608466,"A","ATTAA",0.6,0.4,0,0
"chr21_15258392","rs55724812","G",0.339947,"A","ACACA",0.6,0,0,0.4
"chrX_143165715","rs138223912","G",0.0846287,"T","ACTGT",0.2,0.4,0.2,0.2
"chr10_9959939","rs4747839","G",0.486772,"T","ACGTA",0.4,0.2,0.2,0.2
"chr8_9564437","rs7006985","A",0.346561,"G","ACATT",0.4,0.4,0,0.2
"chr19_48627935","rs153021","C",0.383598,"T","TATCT",0.2,0.6,0,0.2
"chr22_24200670","rs73158768","G",0.0714286,"A","CTAGG",0.2,0.2,0.4,0.2
"chr4_108017272","rs81299","A",0.10582,"C","CTCCT",0,0.4,0,0.6
"chr12_56256262","rs2371284","T",0.210317,"C","AATCA",0.6,0.2,0,0.2
"chr15_84392514","rs1426161","C",0.373016,"T","GGTTA",0.2,0.4,0.4,0
"chr2_17894348","rs73921053","T",0.116402,"C","CTCGT",0,0.4,0.2,0.4
"chr20_44420280","rs6032541","G",0.324074,"A","CCGCT",0,0.2,0.2,0.6
"chr4_121824913","rs11098591","G",0.0436508,"A","AGGTC",0.2,0.2,0.4,0.2
"chr2_26844","rs7560258","T",0.0357143,"C","AACAC",0.6,0,0,0.4
"chr1_156159909","rs55910626","G",0.297619,"C","GGCCT",0,0.2,0.4,0.4
"chr7_88306231","rs113857382","A",0.0291005,"G","GAGGA",0.4,0,0.6,0
"chr22_22666255","rs9623258","A",0.12037,"G","GCGTG",0,0.2,0.6,0.2
"chr1_150262333","rs7544900","C",0.390212,"A","CAAGA",0.6,0,0.2,0.2
"chr16_79311102","rs1355169","C",0.18254,"T","CACGT",0.2,0.2,0.2,0.4
"chr15_96172324","rs4561414","A",0.0714286,"G","AAGTC",0.4,0.2,0.2,0.2
"chr2_27609212","rs62130724","C",0.0277778,"T","ATTTA",0.4,0.6,0,0
"chr16_78472436","rs9923680","A",0.010582,"G","TGGAC",0.2,0.2,0.4,0.2
"chr17_17339517",".","C",0.415344,"G","AGCGG",0.2,0,0.6,0.2
"chr3_192773221","rs7617934","T",0.224868,"G","ACGCG",0.2,0,0.4,0.4
"chr9_88144830","rs10868318","T",0.247354,"C","ATCGG",0.2,0.2,0.4,0.2
"chr12_6493351","rs10849448","A",0.281746,"G","CCATG",0.2,0.2,0.2,0.4
"chr9_132198135","rs1147331","T",0.296296,"C","TTCTG",0,0.6,0.2,0.2
"chr14_97566927","rs11628669","G",0.271164,"T","TTTGG",0,0.6,0.4,0
"chr1_181865925","rs115037089","T",0.015873,"C","CCCTT",0,0.4,0,0.6
"chr13_69191607","rs59291482","T",0.0026455,"G","TTGTT",0,0.8,0.2,0
"chr4_72995829","rs28582601","A",0.00793651,"C","ACCTA",0.4,0.2,0,0.4
"chrX_101015073","rs12389137","G",0.286701,"C","GTCAA",0.4,0.2,0.2,0.2
"chr6_112218110","rs62414867","T",0.0132275,"C","TTCGC",0,0.4,0.2,0.4
"chr6_32198981",".","T",0.0767196,"C","CCCCC",0,0,0,1
"chr1_189260332","rs7552740","T",0.42328,"C","AATGG",0.4,0.2,0.4,0
"chr22_24295957","rs7284963","C",0.101852,"G","TAGTT",0.2,0.6,0.2,0
"chr8_18752275","rs117024329","T",0.0529101,"C","AACGT",0.4,0.2,0.2,0.2
"chr2_71618599","rs12478953","T",0.375661,"C","ATTTC",0.2,0.6,0,0.2
"chr16_77264217","rs9788825","T",0.320106,"G","CAGGC",0.2,0,0.4,0.4
"chr5_81716569","rs369550","A",0.0859788,"G","CCAGC",0.2,0,0.2,0.6
"chr6_1925639","rs9392345","C",0.444444,"T","TGTGA",0.2,0.4,0.4,0
"chr22_50700723","rs9617126","T",0.313492,"C","CACTG",0.2,0.2,0.2,0.4
"chr20_61859365","rs6062851","G",0.371693,"A","TGGTC",0,0.4,0.4,0.2
"chr10_73845421","rs1245549","A",0.350529,"G","GGGGC",0,0,0.8,0.2
"chr21_36118272","rs2246640","T",0.242063,"C","AGCGT",0.2,0.2,0.4,0.2
"chr8_27097329","rs79575108","A",0.0119048,"C","ATCAT",0.4,0.4,0,0.2
"chr16_89754444","rs12924138","T",0.384921,"G","CCGGG",0,0,0.6,0.4
"chr14_65209215","rs184707450","A",0.0119048,"G","GGGAC",0.2,0,0.6,0.2
"chr10_134145166","rs13882","C",0.371693,"T","AATTC",0.4,0.4,0,0.2
"chr1_64650628","rs12080955","T",0.366402,"C","GCCGA",0.2,0,0.4,0.4
"chrX_146981632","rs1270101","G",0.392055,"A","TTAAA",0.6,0.4,0,0
"chr5_63824468","rs272640","G",0.39418,"A","CCGTC",0,0.2,0.2,0.6
"chr2_120657887","rs3106240","A",0.279101,"C","TTCCT",0,0.6,0,0.4
"chr19_7002994","rs10418534","C",0.195767,"T","GGTTG",0,0.4,0.6,0
"chr18_42222364","rs34253458","T",0.186508,"C","CACAA",0.6,0,0,0.4
"chr10_49740610","rs12261751","C",0.113757,"T","TGTCA",0.2,0.4,0.2,0.2
"chr8_18822249","rs1896198","A",0.37963,"G","TCGCT",0,0.4,0.2,0.4
"chr2_225341304","rs7588380","A",0.324074,"T","TGTAC",0.2,0.4,0.2,0.2
"chr1_211662088","rs12134448","A",0.281746,"G","CCGGG",0,0,0.6,0.4
"chr4_144047542","rs75690505","T",0.0687831,"A","AGACA",0.6,0,0.2,0.2
"chr11_64977424","rs2271448","T",0.329365,"C","TGCGG",0,0.2,0.6,0.2
"chr3_98493766","rs9866570","G",0.42328,"A","CCATC",0.2,0.2,0,0.6
"chr1_199356103","rs657255","A",0.32672,"C","ACCTT",0.2,0.4,0,0.4
"chr16_27805247","rs118087764","C",0.0145503,"G","AGGCA",0.4,0,0.4,0.2
"chr11_124542948","rs79069310","C",0.0185185,"T","TATGC",0.2,0.4,0.2,0.2
"chr7_82099175","rs10085481","T",0.429894,"C","CTTCT",0,0.6,0,0.4
"chr3_31314943","rs77276602","A",0.112434,"T","AATGG",0.4,0.2,0.4,0
"chr18_55179142","rs8089950","T",0.380952,"G","TGTAG",0.2,0.4,0.4,0
"chr12_103056529","rs1845678","G",0.342593,"C","CTCGG",0,0.2,0.4,0.4
"chr1_65588420","rs12037302","A",0.292328,"G","TCACC",0.2,0.2,0,0.6
"chr1_191161723","rs7517730","A",0.170635,"G","CCGAG",0.2,0,0.4,0.4
"chr11_113186776","rs2236709","G",0.269841,"A","ACGTA",0.4,0.2,0.2,0.2
"chr3_89442305","rs6551410","A",0.402116,"T","TATTA",0.4,0.6,0,0
"chr19_31879568","rs2645153","C",0.455026,"T","TACAA",0.6,0.2,0,0.2
"chr7_2673288","rs10254690","C",0.431217,"T","TGCCA",0.2,0.2,0.2,0.4
"chr18_25730671","rs11083253","T",0.400794,"C","TATTA",0.4,0.6,0,0
"chr14_89259842","rs8016561","A",0.35582,"G","CCGGA",0.2,0,0.4,0.4
"chr22_18572106","rs456551","T",0.332011,"A","GCTGG",0,0.2,0.6,0.2
"chr10_115579680","rs11196514","G",0.387566,"A","TCGGA",0.2,0.2,0.4,0.2
"chr9_75002965","rs2758458","G",0.473545,"A","GTGGC",0,0.2,0.6,0.2
"chr5_110491097","rs10515421","T",0.0925926,"C","CGCTT",0,0.4,0.2,0.4
"chr17_1651165","rs10438725","T",0.238095,"C","GGCTT",0,0.4,0.4,0.2
"chr5_25738307","rs255035","A",0.23545,"G","CCGGA",0.2,0,0.4,0.4
"chr9_140557256","rs192676268","T",0.141534,"A","TTATT",0.2,0.8,0,0
"chr11_41656166","rs10219257","C",0.132275,"A","CCCTC",0,0.2,0,0.8
"chr9_38672523","rs7854134","T",0.420635,"C","GCCCT",0,0.2,0.2,0.6
"chr1_231415485","rs502840","C",0.453704,"A","AAAAA",1,0,0,0
"chr11_130777244","rs73028852","C",0.199735,"T","CATGC",0.2,0.2,0.2,0.4
"chr11_1979118","rs217213","G",0.415344,"C","TCCCG",0,0.2,0.2,0.6
"chr7_92938116","rs73219909","G",0.0529101,"A","TAATA",0.6,0.4,0,0
"chrX_77206392","rs113204931","G",0.25734,"A","ATACA",0.6,0.2,0,0.2
"chr3_156109311","rs11706548","T",0.18254,"C","TTCAG",0.2,0.4,0.2,0.2
"chr1_54620197","rs140708162","A",0.0449735,"G","GGGTT",0,0.4,0.6,0
"chr3_46511168","rs885485","A",0.421958,"C","CCCCA",0.2,0,0,0.8
"chr20_5978141","rs236126","T",0.174603,"C","TTCAA",0.4,0.4,0,0.2
"chr7_97764629","rs55722207","C",0.015873,"T","TTTAT",0.2,0.8,0,0
"chr18_2942084","rs1784743","C",0.388889,"A","TTCTT",0,0.8,0,0.2
"chr18_32170367","rs16965578","C",0.0780423,"T","ATTAG",0.4,0.4,0.2,0
"chr7_140488156","rs1267633","G",0.0780423,"T","ATTTC",0.2,0.6,0,0.2
"chr1_89873134","rs4517333","T",0.112434,"C","AATGA",0.6,0.2,0.2,0
"chr18_50681110","rs4359514","T",0.0330688,"C","TTCGG",0,0.4,0.4,0.2
"chr1_221034009","rs4295884","A",0.277778,"G","TGGAA",0.4,0.2,0.4,0
"chr5_118883824","rs56309111","A",0.0978836,"G","ACGTG",0.2,0.2,0.4,0.2
"chr1_222725850","rs17011636","C",0.243386,"T","TGTGA",0.2,0.4,0.4,0
"chr11_18484786","rs76597638","G",0.117725,"A","CTATG",0.2,0.4,0.2,0.2
"chr12_45990442","rs10880824","C",0.414021,"T","CATGG",0.2,0.2,0.4,0.2
"chr22_50159948","rs138810","T",0.0873016,"C","AACGG",0.4,0,0.4,0.2
"chrX_38400560","rs6610117","T",0.0725389,"C","ACCCA",0.4,0,0,0.6
"chr1_57002317","rs3927761","A",0.137566,"C","AGCCT",0.2,0.2,0.2,0.4
"chr14_104643421","rs2487302","C",0.396825,"T","CTTGC",0,0.4,0.2,0.4
"chr3_5449880","rs76321229","A",0.177249,"G","CCGTA",0.2,0.2,0.2,0.4
"chr11_6900345","rs4757979","A",0.162698,"G","ACGAG",0.4,0,0.4,0.2
"chr12_23233200","rs142376233","C",0.0714286,"T","TTTAT",0.2,0.8,0,0
"chrX_30354879","rs5929090","C",0.120898,"T","CCCAT",0.2,0.2,0,0.6
"chr21_37468223","rs7280982","A",0.232804,"G","ACGGT",0.2,0.2,0.4,0.2
"chr16_8493633","rs12933626","T",0.15873,"A","CCAGC",0.2,0,0.2,0.6
"chr2_38670529","rs10205121","G",0.440476,"A","CAATC",0.4,0.2,0,0.4
"chr12_71433804","rs11178549","C",0.215608,"A","CCACT",0.2,0.2,0,0.6
"chr1_20550392","rs72663043","T",0.0621693,"C","TGCGT",0,0.4,0.4,0.2
"chr2_31406770","rs10203856","G",0.230159,"A","TTAGA",0.4,0.4,0.2,0
"chr10_27170456","rs1853876","T",0.395503,"A","TTAGA",0.4,0.4,0.2,0
"chrX_48814990","rs182033453","A",0.0103627,"C","GGCGG",0,0,0.8,0.2
"chr13_27596278","rs34768814","C",0.207672,"A","TCAAA",0.6,0.2,0,0.2
"chr19_18117140","rs150431168","A",0.0396825,"G","TGGGC",0,0.2,0.6,0.2
"chr1_239429042","rs2820030","C",0.309524,"T","CTTCT",0,0.6,0,0.4
"chr6_117239086","rs13213246","C",0.0992063,"A","GGAGT",0.2,0.2,0.6,0
"chr19_21935851","rs12459852","A",0.0396825,"C","GTCAC",0.2,0.2,0.2,0.4
"chr3_156262232","rs6792998","G",0.275132,"C","TACAG",0.4,0.2,0.2,0.2
"chr3_189870695","rs28698785","G",0.103175,"A","GCACG",0.2,0,0.4,0.4
"chr2_242081793","rs2074830","C",0.339947,"G","CTGGA",0.2,0.2,0.4,0.2
"chr3_111992511","rs11919745","C",0.358466,"T","TATAC",0.4,0.4,0,0.2
"chr7_85299014","rs4406334","T",0.121693,"A","TTTAA",0.4,0.6,0,0
"chr6_53385084","rs13212365","T",0.424603,"C","ATCGG",0.2,0.2,0.4,0.2
"chr3_5945991","rs67402363","G",0.228836,"A","ATAAA",0.8,0.2,0,0
"chr2_101124859","rs6542965","A",0.252646,"G","GCGAT",0.2,0.2,0.4,0.2
"chr13_27258096","rs7328406","C",0.015873,"G","GGGAG",0.2,0,0.8,0
"chr7_84951164","rs6972304","C",0.39418,"T","AATAA",0.8,0.2,0,0
"chr4_63768180","rs13129097","T",0.351852,"A","TAAGA",0.6,0.2,0.2,0
"chr22_29703409","rs9613859","C",0.382275,"G","CCGGC",0,0,0.4,0.6
"chr9_14693270","rs71476227","G",0.439153,"A","CCGCC",0,0,0.2,0.8
"chr16_53214091","rs8059879","A",0.301587,"G","TCGTA",0.2,0.4,0.2,0.2
"chr21_15602984","rs9982191","A",0.248677,"G","AGGAG",0.4,0,0.6,0
"chr12_124055605","rs116716383","G",0.117725,"A","CCAGA",0.4,0,0.2,0.4
"chr1_2558308","rs6668149","A",0.308201,"C","CGAAT",0.4,0.2,0.2,0.2
"chr9_137205188","rs12339163","G",0.124339,"A","CCATT",0.2,0.4,0,0.4
"chr11_13818861","rs310059","A",0.391534,"G","GGAGT",0.2,0.2,0.6,0
"chr10_12443259","rs192721493","A",0.0740741,"T","TATTA",0.4,0.6,0,0
"chr10_129625450","rs487253","T",0.0343915,"C","CCTGG",0,0.2,0.4,0.4
"chr17_45771037","rs8075566","G",0.428571,"A","CAGAT",0.4,0.2,0.2,0.2
"chr10_14925520","rs73596431","G",0.0555556,"A","ACATA",0.6,0.2,0,0.2
"chr17_58169289","rs74620303","T",0.0740741,"G","CTGTC",0,0.4,0.2,0.4
"chr7_103081125","rs4729915","G",0.220899,"A","AGAAT",0.6,0.2,0.2,0
"chr12_50318450","rs297943","T",0.199735,"C","TATCA",0.4,0.4,0,0.2
"chr14_70972863","rs10146471","T",0.0740741,"C","AGCTT",0.2,0.4,0.2,0.2
"chr3_58315263","rs62258069","T",0.345238,"A","CCAGT",0.2,0.2,0.2,0.4
"chr22_30608975","rs75558925","A",0.0224868,"G","ATGTA",0.4,0.4,0.2,0
"chr4_7425261","rs4358403","T",0.222222,"C","AGCCT",0.2,0.2,0.2,0.4
"chr9_107387764","rs2098864","T",0.428571,"C","CACCC",0.2,0,0,0.8
"chr12_8523683","rs9300140","C",0.445767,"A","TAAAT",0.6,0.4,0,0
"chr6_147211933","rs12190795","T",0.171958,"C","CTCGG",0,0.2,0.4,0.4
"chr11_69938917","rs34309799","A",0.0674603,"G","AGGTC",0.2,0.2,0.4,0.2
"chr14_62752340","rs76047684","A",0.256614,"T","TATGG",0.2,0.4,0.4,0
"chr18_2946833","rs641287","T",0.297619,"A","AGTCA",0.4,0.2,0.2,0.2
"chr17_61920497","rs8076760","T",0.400794,"C","CCTTT",0,0.6,0,0.4
"chr13_114852730","rs71449081","C",0.497354,"T","TATTC",0.2,0.6,0,0.2
"chr1_24779855","rs2272934","C",0.281746,"T","ACTTC",0.2,0.4,0,0.4
"chr1_204144934","rs6699047","C",0.0396825,"T","GGTAT",0.2,0.4,0.4,0
"chr6_163117620","rs145546648","C",0.112434,"A","ATAGG",0.4,0.2,0.4,0
"chr3_29173909","rs11919286","T",0.357143,"C","TACTG",0.2,0.4,0.2,0.2
"chr18_33849043","rs2252668","G",0.175926,"A","CCGTT",0,0.4,0.2,0.4
"chr5_141019830","rs11742646","G",0.171958,"C","GGCAG",0.2,0,0.6,0.2
"chr2_36908602","rs10194991","C",0.0251323,"T","AGCGT",0.2,0.2,0.4,0.2
"chr21_47780223","rs9808759","T",0.100529,"C","TCTGC",0,0.4,0.2,0.4
"chr8_145651888","rs7842602","G",0.452381,"A","CCGGG",0,0,0.6,0.4
"chr9_114434070","rs7045665","A",0.39418,"G","AGATT",0.4,0.4,0.2,0
"chr4_10219202","rs28454591","T",0.342593,"G","GATCT",0.2,0.4,0.2,0.2
"chr4_86815663","rs17410455","G",0.164021,"A","TCAGA",0.4,0.2,0.2,0.2
"chr2_172107860","rs888273","A",0.178571,"C","GAAAA",0.8,0,0.2,0
"chr9_114279912","rs10980921","C",0.0793651,"T","TATGC",0.2,0.4,0.2,0.2
"chr5_30237502","rs6860184","A",0.157407,"C","TCCTA",0.2,0.4,0,0.4
"chr19_50038220","rs7256116","C",0.0965608,"A","ACACC",0.4,0,0,0.6
"chr3_57707532","rs1452376","A",0.210317,"G","TGGGA",0.2,0.2,0.6,0
"chr10_23553152","rs114365695","T",0.026455,"C","ACCAC",0.4,0,0,0.6
"chr16_55844740","rs73553805","A",0.00132275,"G","AGGCC",0.2,0,0.4,0.4
"chr7_102368966","rs7779844","A",0.354497,"G","GGAAC",0.4,0,0.4,0.2
"chr16_86221053","rs186151464","T",0.0621693,"G","TTGTT",0,0.8,0.2,0
"chr16_51173559","rs1965024","G",0.35582,"A","TCGAG",0.2,0.2,0.4,0.2
"chr14_104061284","rs60249782","A",0.309524,"G","TCGCT",0,0.4,0.2,0.4
"chr5_9029842","rs11134347","C",0.243386,"T","TTTCT",0,0.8,0,0.2
"chr11_17096211","rs1541533","G",0.0780423,"A","ACATC",0.4,0.2,0,0.4
"chr4_103726773","rs223422","C",0.47619,"A","AGAAG",0.6,0,0.4,0
"chr16_82807684","rs1903617","A",0.239418,"G","CCGGC",0,0,0.4,0.6
"chr4_58165802","rs2159627","A",0.478836,"G","GCGTT",0,0.4,0.4,0.2
"chr22_19144095","rs7285552","A",0.17328,"G","GCGCT",0,0.2,0.4,0.4
"chr1_41623728","rs2284801","C",0.243386,"G","GAGAG",0.4,0,0.6,0
"chr10_105247817","rs2986036","C",0.445767,"T","CATAC",0.4,0.2,0,0.4
"chr6_47662255","rs7764003","G",0.380952,"C","TCGAG",0.2,0.2,0.4,0.2
"chr3_71060640","rs11720703","C",0.497354,"T","AACAG",0.6,0,0.2,0.2
"chrX_72201181","rs5981576","T",0.174439,"C","AGTGT",0.2,0.4,0.4,0
"chr4_190074823","rs12647523","G",0.297619,"A","TGACA",0.4,0.2,0.2,0.2
"chr2_7285427","rs10929467","C",0.296296,"T","AATCA",0.6,0.2,0,0.2
"chr15_42190692","rs3088159","T",0.279101,"C","TTCCC",0,0.4,0,0.6
"chr2_27743215","rs814295","G",0.17328,"A","ATAGG",0.4,0.2,0.4,0
"chr1_110045880","rs4370783","C",0.119048,"A","TGATC",0.2,0.4,0.2,0.2
"chr3_133603906","rs62269109","A",0.042328,"G","GGGAA",0.4,0,0.6,0
"chr8_144817369","rs73718152","T",0.0119048,"C","TGCTG",0,0.4,0.4,0.2
"chr1_162146460","rs6427662","G",0.365079,"A","CCAGC",0.2,0,0.2,0.6
"chr4_82891819","rs56185224","A",0.174603,"G","TTGCA",0.2,0.4,0.2,0.2
"chr12_12430710","rs10845505","G",0.203704,"A","TCGTG",0,0.4,0.4,0.2
"chr16_66059336","rs62036846","C",0.133598,"T","ACTTG",0.2,0.4,0.2,0.2
"chr21_43855067","rs1893592","C",0.279101,"A","GTATG",0.2,0.4,0.4,0
"chr10_20301725","rs34986110","C",0.212963,"A","TTAGT",0.2,0.6,0.2,0
"chr10_17415057","rs12412250","C",0.14418,"G","ACGGC",0.2,0,0.4,0.4
"chr1_217664030","rs2818974","A",0.134921,"T","TGTTT",0,0.8,0.2,0
"chr1_151623079","rs28551691","A",0.00132275,"T","TTTAA",0.4,0.6,0,0
"chr14_50094913","rs2985696","C",0.244709,"A","TCCCA",0.2,0.2,0,0.6
"chr7_135265341","rs56290319","G",0.042328,"C","TACCT",0.2,0.4,0,0.4
"chr22_29090768","rs12165489","C",0.116402,"A","GCATT",0.2,0.4,0.2,0.2
"chr8_120884065","rs7000669","C",0.322751,"T","ATTAC",0.4,0.4,0,0.2
"chr16_12704395","rs9806831","G",0.285714,"A","TTATT",0.2,0.8,0,0
"chr17_14320453","rs73979364","C",0.207672,"T","ATTCC",0.2,0.4,0,0.4
"chr19_9648409","rs8104159","G",0.400794,"C","ACGTC",0.2,0.2,0.2,0.4
"chr7_75255058","rs74602945","C",0.0251323,"T","AATGA",0.6,0.2,0.2,0
"chr20_14726581","rs75516792","T",0.0198413,"C","CTCAG",0.2,0.2,0.2,0.4
"chr3_145853516","rs1707471","T",0.493386,"C","CACGT",0.2,0.2,0.2,0.4
"chr9_132719460","rs10125004","T",0.160053,"G","AGGTG",0.2,0.2,0.6,0
"chr9_104717311","rs7870768","G",0.12963,"A","CTAAG",0.4,0.2,0.2,0.2
"chr5_79153087","rs114298347","A",0.0489418,"G","GTGGT",0,0.4,0.6,0
"chr14_92290681","rs4900088","A",0.445767,"G","AGATT",0.4,0.4,0.2,0
"chr14_40817044","rs10131202","A",0.267196,"T","CTTAA",0.4,0.4,0,0.2
"chr21_35931146","rs78984165","T",0.0965608,"C","TCCAA",0.4,0.2,0,0.4
"chr7_126286601","rs1419484","A",0.383598,"G","CAGGA",0.4,0,0.4,0.2
"chr11_308314","rs14408","C",0.316138,"T","GATGT",0.2,0.4,0.4,0
"chr5_6668842","rs3297","T",0.435185,"C","CACAG",0.4,0,0.2,0.4
"chr5_33440306","rs3756663","A",0.259259,"C","CACGT",0.2,0.2,0.2,0.4
"chr19_54796630","rs416867","A",0.185185,"G","TAGCT",0.2,0.4,0.2,0.2
"chr14_73425681","rs7144738","C",0.238095,"A","GAAAG",0.6,0,0.4,0
"chr9_95160477","rs2147060","T",0.482804,"C","GCTGT",0,0.4,0.4,0.2
"chr20_3143048","rs6115805","A",0.0171958,"G","GAGCT",0.2,0.2,0.4,0.2
"chr8_146027435","rs2958525","G",0.347884,"A","AAATA",0.8,0.2,0,0
"chr6_158566845","rs9347092","A",0.314815,"G","CCATG",0.2,0.2,0.2,0.4
"chr1_107678268","rs115668827","C",0.0383598,"G","CAGCA",0.4,0,0.2,0.4
"chr6_124730979","rs148879008","T",0.488095,"C","TTTTG",0,0.8,0.2,0
"chr6_29714965","rs1623122","C",0.477513,"T","TTCGG",0,0.4,0.4,0.2
"chr1_29457478","rs472843","T",0.0767196,"G","TGGTG",0,0.4,0.6,0
"chr1_19261896","rs72645642","G",0.109788,"A","CCAAC",0.4,0,0,0.6
"chr2_127936315","rs4413109","A",0.390212,"G","ACATT",0.4,0.4,0,0.2
"chr14_53698631","rs11851912","A",0.243386,"G","CAGGG",0.2,0,0.6,0.2
"chr8_32405517","rs36213229","T",0.473545,"G","CCGCC",0,0,0.2,0.8
"chr5_7192590","rs7704652","C",0.388889,"T","TCTGT",0,0.6,0.2,0.2
"chr16_74720960","rs7197388","A",0.420635,"G","CTGCC",0,0.2,0.2,0.6
"chr1_85007739","rs11164004","G",0.218254,"A","CCATC",0.2,0.2,0,0.6
"chr1_212893344","rs73079880","G",0.0343915,"A","TGAGT",0.2,0.4,0.4,0
"chr16_77183634","rs4888602","C",0.0965608,"G","GACCA",0.4,0,0.2,0.4
"chr12_120552692","rs7956221","C",0.0185185,"G","AGGCT",0.2,0.2,0.4,0.2
"chrX_139921584","rs10521802","C",0.217617,"T","GTTGC",0,0.4,0.4,0.2
"chrX_67132384","rs4598399","T",0.108808,"G","CTGGT",0,0.4,0.4,0.2
"chr9_133758838","rs10124251","T",0.212963,"C","ATCGT",0.2,0.4,0.2,0.2
"chr1_55529828","rs662145","C",0.244709,"T","TGCGC",0,0.2,0.4,0.4
"chr8_52443227","rs77630482","A",0.0383598,"G","CCGAC",0.2,0,0.2,0.6
"chr8_2027633","rs1440291","G",0.25,"C","CTCTC",0,0.4,0,0.6
"chrX_141439914","rs5954631","G",0.160622,"A","CCATG",0.2,0.2,0.2,0.4
"chr17_3141315","rs142819539","A",0.232804,"T","CCTAA",0.4,0.2,0,0.4
"chr16_66126833","rs7190851","G",0.480159,"A","GTAGT",0.2,0.4,0.4,0
"chr2_103275832","rs12465482","A",0.383598,"G","GCGGA",0.2,0,0.6,0.2
"chr9_90133726","rs1554","C",0.416667,"T","CGCGC",0,0,0.4,0.6
"chr5_117931487","rs35867266","C",0.234127,"T","AATTG",0.4,0.4,0.2,0
"chr8_40715796","rs72641596","A",0.0701058,"G","GCGGT",0,0.2,0.6,0.2
"chr3_72550880","rs56325277","T",0.441799,"C","TGTTG",0,0.6,0.4,0
"chr6_120521639","rs6934226","G",0.0119048,"A","ACAGC",0.4,0,0.2,0.4
"chr18_75522646","rs1506269","G",0.449735,"A","ACATC",0.4,0.2,0,0.4
"chr5_123819714","rs62374285","A",0.284392,"G","AGGGG",0.2,0,0.8,0
"chr3_95229880","rs7649005","C",0.451058,"T","GCTTT",0,0.6,0.2,0.2
"chr1_203694573","rs115838241","G",0.177249,"A","CCAGC",0.2,0,0.2,0.6
"chr1_76481688","rs12116904","C",0.34127,"T","GATTA",0.4,0.4,0.2,0
"chr22_45705383","rs226504","T",0.384921,"A","GGTTG",0,0.4,0.6,0
"chr16_28504181","rs27741","A",0.361111,"G","ATGTA",0.4,0.4,0.2,0
"chr3_154372310","rs75942453","G",0.0529101,"A","TAACA",0.6,0.2,0,0.2
"chr14_73910635","rs79162693","C",0.00132275,"G","GAGAC",0.4,0,0.4,0.2
"chr14_21921129","rs61973194","A",0.0198413,"G","GCGAG",0.2,0,0.6,0.2
"chr6_159732797","rs9456390","G",0.309524,"C","AGGAT",0.4,0.2,0.4,0
"chr11_101799773","rs7122772","T",0.417989,"C","TGCGT",0,0.4,0.4,0.2
"chr3_183515314","rs263045","G",0.457672,"A","GCAAC",0.4,0,0.2,0.4
"chr1_199819402","rs17663579","A",0.0224868,"G","TCGCC",0,0.2,0.2,0.6
"chr15_76558143","rs11072583","C",0.268519,"T","ATTGC",0.2,0.4,0.2,0.2
"chr1_20301927","rs876018","T",0.169312,"A","ACATG",0.4,0.2,0.2,0.2
"chr11_86941469","rs301580","T",0.493386,"C","AGTTA",0.4,0.4,0.2,0
"chr8_128340124","rs16902101","G",0.162698,"C","GCCTA",0.2,0.2,0.2,0.4
"chr8_81432604","rs144432315","C",0.021164,"G","TGGTT",0,0.6,0.4,0
"chr5_68828803","rs71576926","T",0.277778,"A","AATAT",0.6,0.4,0,0
"chr15_48628201","rs7175137","C",0.0026455,"T","CCTTC",0,0.4,0,0.6
"chr2_114838362","rs6740019","A",0.246032,"T","TGACC",0.2,0.2,0.2,0.4
"chr19_58572356","rs1808397","C",0.279101,"G","GGGGG",0,0,1,0
"chr4_182772632","rs79068440","G",0.0119048,"A","TGATG",0.2,0.4,0.4,0
"chr19_14855353","rs2524381","T",0.316138,"C","TCTGC",0,0.4,0.2,0.4
"chr19_9543029","rs62103915","C",0.0912698,"T","AATTG",0.4,0.4,0.2,0
"chr19_58923866","rs10417104","G",0.492063,"A","CCACG",0.2,0,0.2,0.6
"chr15_42837498","rs1060293","A",0.0859788,"T","CATAA",0.6,0.2,0,0.2
"chr17_42949451","rs17628255","A",0.10582,"G","ACGGC",0.2,0,0.4,0.4
"chr8_125175448","rs6984987","G",0.231481,"A","AGGAA",0.6,0,0.4,0
"chr21_42461610","rs944416","G",0.380952,"A","GGATA",0.4,0.2,0.4,0
"chr10_99255012","rs7093946","G",0.482804,"A","TGGCA",0.2,0.2,0.4,0.2
"chr4_40163133","rs143023608","A",0.0449735,"C","CACAC",0.4,0,0,0.6
"chr8_64023258","rs28562748","A",0.100529,"G","ACGGA",0.4,0,0.4,0.2
"chr22_19819721","rs9306228","T",0.234127,"C","AGCGT",0.2,0.2,0.4,0.2
"chr5_123805152","rs12522190","T",0.455026,"C","CCCGA",0.2,0,0.2,0.6
"chr7_147833297","rs62471727","A",0.0952381,"G","TGGGC",0,0.2,0.6,0.2
"chr5_42043103","rs276300","T",0.287037,"C","TGCTT",0,0.6,0.2,0.2
"chr7_11563381","rs10278662","A",0.222222,"G","ACGTA",0.4,0.2,0.2,0.2
"chr1_110282972","rs1332018","G",0.416667,"T","CCGAC",0.2,0,0.2,0.6
"chr4_145561876","rs113190033","T",0.0357143,"C","CCCGG",0,0,0.4,0.6
"chr6_36156518","rs9366900","A",0.165344,"G","CCACC",0.2,0,0,0.8
"chr2_226529024","rs16866695","T",0.275132,"G","TTTGC",0,0.6,0.2,0.2
"chr17_17134528","rs1736213","T",0.404762,"G","ATTAA",0.6,0.4,0,0
"chr8_10776860","rs34741518","A",0.474868,"C","CAACC",0.4,0,0,0.6
"chr1_115795975","rs7513192","G",0.419312,"A","TGGAG",0.2,0.2,0.6,0
"chr6_31324154",".","A",0.301587,"G","ATGCC",0.2,0.2,0.2,0.4
"chr2_242185654","rs75590598","A",0.108466,"G","AAGCA",0.6,0,0.2,0.2
"chr6_139498628","rs3777670","G",0.0343915,"A","AGATC",0.4,0.2,0.2,0.2
"chr8_78116067","rs10094574","A",0.269841,"G","GTGGG",0,0.2,0.8,0
"chr11_79213537","rs10793383","A",0.34127,"G","TCGCT",0,0.4,0.2,0.4
"chr5_67209875","rs10515058","A",0.489418,"T","ACTCC",0.2,0.2,0,0.6
"chr20_36611647","rs2036","C",0.18254,"A","GACAA",0.6,0,0.2,0.2
"chr10_99076321","rs7089634","T",0.321429,"C","CACGC",0.2,0,0.2,0.6
"chr14_24231346","rs71405811","T",0.17328,"C","TCCAG",0.2,0.2,0.2,0.4
"chrX_56443491","rs73206595","A",0.0379965,"G","ATGGT",0.2,0.4,0.4,0
"chr17_35144247","rs295871","G",0.26455,"A","GCGAG",0.2,0,0.6,0.2
"chr2_228197701","rs62279170","G",0.375661,"C","CGCTA",0.2,0.2,0.2,0.4
"chr11_50362044","rs507930","T",0.343915,"C","CATTG",0.2,0.4,0.2,0.2
"chr3_146261504","rs1997604","C",0.187831,"T","TTTCT",0,0.8,0,0.2
"chr3_127673638","rs72983909","A",0.0515873,"G","GGGGT",0,0.2,0.8,0
"chr7_63696493","rs62461227","G",0.32672,"A","AAATT",0.6,0.4,0,0
"chr10_18355360","rs116918852","G",0.026455,"A","ATATG",0.4,0.4,0.2,0
"chr17_74790420","rs12937595","G",0.0714286,"A","GCGTG",0,0.2,0.6,0.2
"chr1_186831728","rs6685652","C",0.167989,"A","ATCTA",0.4,0.4,0,0.2
"chr9_130362345","rs58194173","A",0.0251323,"G","ACGTG",0.2,0.2,0.4,0.2
"chr5_79155579","rs149767","A",0.31746,"G","GCACT",0.2,0.2,0.2,0.4
"chr13_69805731","rs7328973","A",0.111111,"G","GAATT",0.4,0.4,0.2,0
"chr14_88927799","rs845769","A",0.324074,"G","TCAGA",0.4,0.2,0.2,0.2
"chr16_79052055","rs59107319","T",0.0238095,"C","CACGG",0.2,0,0.4,0.4
"chr6_31287551",".","G",0.37963,"T","TTTCC",0,0.6,0,0.4
"chr1_85460922","rs11799517","C",0.457672,"T","CATAG",0.4,0.2,0.2,0.2
"chr16_23544061","rs77939239","T",0.0198413,"C","TCCGG",0,0.2,0.4,0.4
"chr8_60910596","rs612152","G",0.339947,"A","GTAGA",0.4,0.2,0.4,0
"chr4_90092393","rs1431557","T",0.477513,"C","TGTCT",0,0.6,0.2,0.2
"chr22_47053165","rs17834253","A",0.201058,"G","TCGGT",0,0.4,0.4,0.2
"chr7_17790716","rs7794823","G",0.111111,"T","TTTGG",0,0.6,0.4,0
"chr12_86465655","rs61931140","G",0.12037,"A","AAAGA",0.8,0,0.2,0
"chr21_35729280","rs2834467","A",0.243386,"G","CCATT",0.2,0.4,0,0.4
"chr7_120865038","rs113089512","A",0.366402,"C","TAATG",0.4,0.4,0.2,0
"chr4_133059240","rs1505407","T",0.481481,"C","CACCT",0.2,0.2,0,0.6
"chr11_98352409","rs11215594","G",0.489418,"A","GAGCA",0.4,0,0.4,0.2
"chr3_4328013","rs13086302","C",0.436508,"T","TATAG",0.4,0.4,0.2,0
"chr5_71006707",".","G",0.439153,"A","GTACT",0.2,0.4,0.2,0.2
"chr11_60158649","rs6591578","G",0.349206,"A","AAGGA",0.6,0,0.4,0
"chr8_50619555","rs7464002","T",0.0396825,"C","GCTTT",0,0.6,0.2,0.2
"chr8_82545766","rs890600","C",0.156085,"T","TTTCA",0.2,0.6,0,0.2
"chr7_152424120","rs10215511","T",0.160053,"C","TATTA",0.4,0.6,0,0
"chr13_89167345","rs7139670","G",0.376984,"A","ACGAT",0.4,0.2,0.2,0.2
"chr15_91551714","rs12439788","G",0.0661376,"C","CTCAA",0.4,0.2,0,0.4
"chr10_134974570","rs11814264","C",0.325397,"G","AAGAC",0.6,0,0.2,0.2
"chr11_683443","rs9666056","T",0.443122,"C","AGTCT",0.2,0.4,0.2,0.2
"chr5_131416061","rs25887","C",0.427249,"A","GACCT",0.2,0.2,0.2,0.4
"chr10_62298233","rs1938538","T",0.287037,"C","CATGT",0.2,0.4,0.2,0.2
"chr17_78021529","rs7212117","G",0.216931,"A","ACAGC",0.4,0,0.2,0.4
"chr6_127490310","rs2326565","C",0.480159,"T","CATGT",0.2,0.4,0.2,0.2
"chr3_14409019","rs73133428","T",0.195767,"C","AACGG",0.4,0,0.4,0.2
"chr1_17315425","rs4920605","G",0.452381,"A","CCGGC",0,0,0.4,0.6
"chr3_61464280","rs7634314","A",0.332011,"C","TGCCT",0,0.4,0.2,0.4
"chr12_6570539","rs2244083","T",0.294974,"A","GGATA",0.4,0.2,0.4,0
"chr16_4519548","rs62039231","A",0.309524,"G","CCACC",0.2,0,0,0.8
"chr13_71970817","rs4280126","A",0.123016,"G","GAGTA",0.4,0.2,0.4,0
"chr10_5712366","rs4469789","A",0.337302,"G","TCACA",0.4,0.2,0,0.4
"chr6_3988102","rs9503872","C",0.0026455,"T","CCTCT",0,0.4,0,0.6
"chr16_25072117","rs9926736","T",0.466931,"C","TCCAG",0.2,0.2,0.2,0.4
"chr10_72210997","rs10740348","C",0.308201,"T","CACAG",0.4,0,0.2,0.4
"chr8_30224328","rs4397363","G",0.189153,"A","GCATT",0.2,0.4,0.2,0.2
"chr20_52186837","rs61744628","A",0.031746,"G","AGGCT",0.2,0.2,0.4,0.2
"chr4_77370038","rs17001970","T",0.047619,"C","AGCGG",0.2,0,0.6,0.2
"chr18_59992547","rs7238731","A",0.265873,"G","AGGCC",0.2,0,0.4,0.4
"chr11_119110272","rs7482443","T",0.316138,"C","TTCCT",0,0.6,0,0.4
"chr10_121154283","rs113037871","G",0.496032,"C","GTGTG",0,0.4,0.6,0
"chr15_102366849","rs2203348","G",0.236772,"A","ATGAA",0.6,0.2,0.2,0
"chr14_74030964","rs8020801","T",0.283069,"C","ACTGC",0.2,0.2,0.2,0.4
"chr15_100641224","rs12441528","T",0.205026,"C","TCCAT",0.2,0.4,0,0.4
"chr10_99393234","rs11189303","A",0.201058,"G","ACGCC",0.2,0,0.2,0.6
"chrX_55118189","rs2498451","T",0.0276339,"A","GAAAT",0.6,0.2,0.2,0
"chr10_102156571","rs34093408","C",0.0555556,"T","AATGG",0.4,0.2,0.4,0
"chr2_130355440","rs2704533","G",0.263228,"T","CTTGA",0.2,0.4,0.2,0.2
"chr12_5452938","rs917669","A",0.113757,"G","CAAGT",0.4,0.2,0.2,0.2
"chr21_28251329","rs229084","G",0.46164,"A","CCATG",0.2,0.2,0.2,0.4
"chr15_34441273","rs79340900","G",0.104497,"C","ACCAA",0.6,0,0,0.4
"chr3_98245164","rs73144157","T",0.117725,"C","TTCCC",0,0.4,0,0.6
"chr4_142297011","rs6848135","A",0.0555556,"G","TTGTT",0,0.8,0.2,0
"chr12_6990548","rs10849531","G",0.304233,"A","ACATA",0.6,0.2,0,0.2
"chr12_17018640","rs117895982","A",0.0343915,"C","TTCCT",0,0.6,0,0.4
"chr11_9751089","rs12360647","G",0.416667,"A","CCGGG",0,0,0.6,0.4
"chr10_595473","rs11253134","T",0.0449735,"C","GGCGC",0,0,0.6,0.4
"chr4_14441245","rs59921657","T",0.0343915,"C","AACGA",0.6,0,0.2,0.2
"chr20_4025196","rs6076589","G",0.367725,"A","GGGAG",0.2,0,0.8,0
"chr22_46778323","rs7291457","T",0.0992063,"C","CCCGC",0,0,0.2,0.8
"chr14_62795828","rs9323400","A",0.280423,"C","TCACT",0.2,0.4,0,0.4
"chrX_84125301","rs5968413","C",0.0725389,"T","AATTC",0.4,0.4,0,0.2
"chr7_113400809","rs35895191","T",0.486772,"C","CATGT",0.2,0.4,0.2,0.2
"chr16_77880942","rs2447782","C",0.398148,"T","ACTTT",0.2,0.6,0,0.2
"chr1_2322726","rs71630976","A",0.0859788,"G","GCGCA",0.2,0,0.4,0.4
"chr17_79958142","rs4075239","G",0.411376,"C","TCGCA",0.2,0.2,0.2,0.4
"chr13_94807028","rs523303","A",0.0899471,"G","AGACC",0.4,0,0.2,0.4
"chr6_76996541","rs73757230","C",0.244709,"A","GAAGG",0.4,0,0.6,0
"chr20_23419265","rs6114084","C",0.0992063,"A","ACATG",0.4,0.2,0.2,0.2
"chr19_40069571","rs7247408","C",0.137566,"T","AGTTT",0.2,0.6,0.2,0
"chr20_49267352","rs2426194","G",0.351852,"T","TCTCT",0,0.6,0,0.4
"chr16_70285901","rs4985407","A",0.468254,"G","CGAGA",0.4,0,0.4,0.2
"chr22_21348914","rs4822790","T",0.150794,"C","CGCCT",0,0.2,0.2,0.6
"chr1_146793091","rs143443633","C",0.0277778,"T","GTTAA",0.4,0.4,0.2,0
"chr1_237358967","rs588920","G",0.440476,"A","AAGTA",0.6,0.2,0.2,0
"chr10_123710199","rs112176780","A",0.0780423,"T","CATCT",0.2,0.4,0,0.4
"chr22_46643984","rs73177049","C",0.0568783,"A","AGACA",0.6,0,0.2,0.2
"chr9_107760517","rs7047442","T",0.0952381,"C","ACCCT",0.2,0.2,0,0.6
"chr6_10744717",".","T",0.398148,"C","TTCTT",0,0.8,0,0.2
"chrX_57838426","rs142329879","T",0.0345423,"C","CCCTG",0,0.2,0.2,0.6
"chr12_38764559","rs34354917","A",0.287037,"C","CTCAG",0.2,0.2,0.2,0.4
"chr20_5081049","rs2715","T",0.439153,"C","AATTA",0.6,0.4,0,0
"chr3_48829636","rs185104380","A",0.0224868,"G","GCGCA",0.2,0,0.4,0.4
"chr15_93797849","rs7164825","G",0.474868,"A","CCGGG",0,0,0.6,0.4
"chrX_53157798","rs5978165","T",0.200345,"C","GTTAT",0.2,0.6,0.2,0
"chr19_20808414","rs8110802","T",0.0145503,"C","TGCTC",0,0.4,0.2,0.4
"chr2_228448008","rs59663063","A",0.0277778,"G","CAGCC",0.2,0,0.2,0.6
"chrX_84887281","rs137924884","T",0.0725389,"C","TCCGG",0,0.2,0.4,0.4
"chr9_136316367","rs28680325","A",0.335979,"C","TCCTG",0,0.4,0.2,0.4
"chr7_118457013","rs67055625","T",0.015873,"C","CTCCT",0,0.4,0,0.6
"chr7_144434790","rs73162790","T",0.0595238,"C","ACCAT",0.4,0.2,0,0.4
"chr11_77811196","rs10793285","T",0.449735,"G","TTGGC",0,0.4,0.4,0.2
"chr7_57356298","rs2140521","T",0.496032,"C","TATGT",0.2,0.6,0.2,0
"chr14_55930684","rs144664363","T",0.0767196,"C","CACGA",0.4,0,0.2,0.4
"chr4_156271269","rs17377470","G",0.208995,"A","CTAAA",0.6,0.2,0,0.2
"chr11_17498057","rs77889556","A",0.145503,"G","GGGAA",0.4,0,0.6,0
"chr8_1754049","rs191773883","C",0.111111,"T","TATAC",0.4,0.4,0,0.2
"chr3_40625437","rs66486089","T",0.015873,"C","TGCGG",0,0.2,0.6,0.2
"chr1_180894946","rs11581837","T",0.280423,"A","TGAGC",0.2,0.2,0.4,0.2
"chr6_100691403","rs112312384","T",0.0357143,"C","CCCAT",0.2,0.2,0,0.6
"chr3_112077457","rs12635872","C",0.165344,"T","TGTAA",0.4,0.4,0.2,0
"chr4_121871678","rs111583995","G",0.0846561,"T","TATAA",0.6,0.4,0,0
"chr7_66491737","rs62466619","A",0.329365,"C","AACCA",0.6,0,0,0.4
"chr19_7733575","rs34861192","A",0.0132275,"G","TCGAA",0.4,0.2,0.2,0.2
"chr20_18435800","rs6045413","A",0.108466,"G","GAGGT",0.2,0.2,0.6,0
"chr14_55044905","rs17127632","A",0.100529,"G","TCGGA",0.2,0.2,0.4,0.2
"chr3_3988356","rs2648475","T",0.32672,"C","CTTTT",0,0.8,0,0.2
"chr7_87849579","rs43100","T",0.18254,"C","GGCGG",0,0,0.8,0.2
"chr6_99653077","rs188862030","C",0.212963,"T","CCTGC",0,0.2,0.2,0.6
"chr15_24771390","rs7402833","A",0.279101,"G","GAGGA",0.4,0,0.6,0
"chr5_43597100","rs7708072","T",0.425926,"C","GGTGC",0,0.2,0.6,0.2
"chr5_175549011","rs10042649","G",0.453704,"A","AAATT",0.6,0.4,0,0
"chr18_39418557","rs66586962","G",0.0952381,"A","AAAAG",0.8,0,0.2,0
"chr15_20157541","rs141055778","C",0.234127,"T","GGTAC",0.2,0.2,0.4,0.2
"chr22_44929560","rs8142494","G",0.488095,"C","GCGGC",0,0,0.6,0.4
"chr4_42735553","rs1563850","A",0.19709,"G","CCGTC",0,0.2,0.2,0.6
"chr12_80722241","rs76018282","C",0.0621693,"A","TTAAT",0.4,0.6,0,0
"chr19_36252494","rs807478","A",0.488095,"G","GCAGA",0.4,0,0.4,0.2
"chr19_990645","rs4337411","A",0.12963,"G","CAGGG",0.2,0,0.6,0.2
"chr8_9770215","rs78970862","T",0.0489418,"C","CACCT",0.2,0.2,0,0.6
"chr8_94600580","rs17781759","A",0.314815,"C","TGCAT",0.2,0.4,0.2,0.2
"chr7_66517811","rs56405861","T",0.119048,"C","CCCGG",0,0,0.4,0.6
"chr16_84173116","rs7189109","G",0.207672,"A","ACACA",0.6,0,0,0.4
"chr12_109957002","rs77985171","T",0.0238095,"A","CAAGG",0.4,0,0.4,0.2
"chr11_412610","rs9736265","T",0.382275,"G","GGGGT",0,0.2,0.8,0
"chr1_110978427","rs12563285","A",0.0992063,"G","TGGCA",0.2,0.2,0.4,0.2
"chr11_104166232","rs4465339","C",0.126984,"T","TCTCC",0,0.4,0,0.6
"chr5_10275870","rs3843011","G",0.296296,"C","TGGTC",0,0.4,0.4,0.2
"chr13_47223102","rs1747224","G",0.388889,"A","TCGTG",0,0.4,0.4,0.2
"chr4_9022177","rs150127994","T",0.219577,"C","CACGA",0.4,0,0.2,0.4
"chrX_46948951","rs185797449","C",0.392055,"T","TACAC",0.4,0.2,0,0.4
"chr4_29959957","rs73211242","C",0.0542328,"T","TGTAA",0.4,0.4,0.2,0
"chr11_62245456","rs687666","A",0.0198413,"G","GCGAA",0.4,0,0.4,0.2
"chr16_11633767","rs35782593","G",0.433862,"C","TTCGA",0.2,0.4,0.2,0.2
"chr6_41113920","rs72856298","C",0.126984,"T","CATTT",0.2,0.6,0,0.2
"chr20_35744731","rs6017312","C",0.243386,"T","GGTGT",0,0.4,0.6,0
"chr18_56891160","rs57997438","A",0.0291005,"G","ATGTC",0.2,0.4,0.2,0.2
"chr8_78967781","rs12550263","T",0.191799,"C","AACAT",0.6,0.2,0,0.2
"chr1_55785154","rs34090564","A",0.047619,"G","GCGCT",0,0.2,0.4,0.4
"chr6_150839010","rs9371459","T",0.322751,"C","CCCCT",0,0.2,0,0.8
"chr10_100638122","rs11189849","C",0.042328,"T","TGTTG",0,0.6,0.4,0
"chr4_117650988","rs7656077","C",0.46164,"A","TTCTC",0,0.6,0,0.4
"chr11_842775","rs9704922","A",0.22619,"G","CCGCC",0,0,0.2,0.8
"chr21_42796480","rs464783","T",0.400794,"C","AGCGG",0.2,0,0.6,0.2
"chr16_58013332","rs4784874","A",0.141534,"G","CCACA",0.4,0,0,0.6
"chr5_99126821","rs1161251","C",0.440476,"A","AGCTC",0.2,0.2,0.2,0.4
"chr17_71664560","rs8076999","G",0.0912698,"A","CAACT",0.4,0.2,0,0.4
"chr1_33458803","rs760594","G",0.30291,"A","GGACT",0.2,0.2,0.4,0.2
"chr21_47708195","rs59691409","G",0.010582,"A","ACATT",0.4,0.4,0,0.2
"chr16_26004646","rs11644086","C",0.175926,"G","TAGTG",0.2,0.4,0.4,0
"chr12_20567381","rs11045227","T",0.305556,"C","CATGC",0.2,0.2,0.2,0.4
"chr2_209742167","rs4356606","T",0.308201,"C","CCTAT",0.2,0.4,0,0.4
"chr13_113828412","rs2476326","C",0.202381,"T","AGCGT",0.2,0.2,0.4,0.2
"chr1_62698797","rs2481689","T",0.325397,"C","CCCGC",0,0,0.2,0.8
"chr20_25277244","rs9927","G",0.478836,"A","CCACT",0.2,0.2,0,0.6
"chr2_240966245","rs4149538","G",0.154762,"A","CAACC",0.4,0,0,0.6
"chr21_43776274","rs225345","T",0.21164,"G","GGTTG",0,0.4,0.6,0
"chr2_84442484","rs7595995","C",0.210317,"G","GACAC",0.4,0,0.2,0.4
"chr20_54884710","rs149090829","C",0.0277778,"G","TGGGG",0,0.2,0.8,0
"chr8_94013498","rs10217034","A",0.12963,"G","CTGCA",0.2,0.2,0.2,0.4
"chr6_3023956","rs1040861","C",0.429894,"A","AGCCT",0.2,0.2,0.2,0.4
"chr4_169669361","rs11132458","A",0.496032,"C","AACTG",0.4,0.2,0.2,0.2
"chr15_93776193","rs12902789","G",0.174603,"T","TTTTT",0,1,0,0
"chr22_51222100","rs114553188","T",0.0529101,"G","CCGCA",0.2,0,0.2,0.6
"chr16_69391714","rs9925619","G",0.236772,"C","TGCGT",0,0.4,0.4,0.2
"chr1_114242122","rs3752954","C",0.318783,"T","TGTCC",0,0.4,0.2,0.4
"chr7_136004525","rs11974635","C",0.421958,"T","TATTT",0.2,0.8,0,0
"chr17_48625928","rs8076632","G",0.343915,"C","GACAG",0.4,0,0.4,0.2
"chr6_441245","rs13210344","T",0.133598,"C","GGCGC",0,0,0.6,0.4
"chr14_95035060","rs10139277","T",0.253968,"C","GGCGG",0,0,0.8,0.2
"chr11_71443076","rs139157330","C",0.116402,"A","GGATG",0.2,0.2,0.6,0
"chr22_21091115","rs2010573","G",0.373016,"A","ACACT",0.4,0.2,0,0.4
"chr12_130118981","rs2102530","G",0.330688,"T","AATGT",0.4,0.4,0.2,0
"chr2_75045923","rs13004102","T",0.462963,"C","AGCAC",0.4,0,0.2,0.4
"chr3_194097585","rs13085026","T",0.174603,"C","GGCGG",0,0,0.8,0.2
"chr16_47934237","rs9939924","T",0.0449735,"C","TGCGT",0,0.4,0.4,0.2
"chr3_75503701","rs2976086","A",0.210317,"T","GTTCT",0,0.6,0.2,0.2
"chr6_145824278","rs1912023","A",0.400794,"C","TACAA",0.6,0.2,0,0.2
"chr16_80586720","rs4352063","C",0.251323,"G","GCCAC",0.2,0,0.2,0.6
"chr16_55261414","rs62026380","A",0.0410053,"C","TGCCC",0,0.2,0.2,0.6
"chr8_11648726","rs2645448","C",0.216931,"G","TAGGT",0.2,0.4,0.4,0
"chr12_124823766","rs56374933","A",0.261905,"C","CACCC",0.2,0,0,0.8
"chr12_105603472","rs1196756","C",0.150794,"G","CACAA",0.6,0,0,0.4
"chr17_63769559","rs9901885","C",0.37037,"T","TCTGA",0.2,0.4,0.2,0.2
"chr5_34066080","rs159880","T",0.391534,"C","TATAC",0.4,0.4,0,0.2
"chr14_65445271","rs67733303","G",0.228836,"A","CTAGA",0.4,0.2,0.2,0.2
"chr16_9102982","rs12449065","T",0.357143,"A","TTTAT",0.2,0.8,0,0
"chr8_20950485","rs7839300","C",0.300265,"A","ATAGA",0.6,0.2,0.2,0
"chr1_183025795","rs10797826","T",0.113757,"C","CACGC",0.2,0,0.2,0.6
"chr12_133496141","rs74916896","G",0.260582,"A","CTAAT",0.4,0.4,0,0.2
"chr14_24854692","rs10131172","A",0.301587,"G","AAGCC",0.4,0,0.2,0.4
"chr18_67431518","rs17792135","G",0.117725,"A","CAATG",0.4,0.2,0.2,0.2
"chr7_76044969","rs62476846","A",0.456349,"C","CAACC",0.4,0,0,0.6
"chr11_57302568","rs722823","T",0.436508,"C","AGCAA",0.6,0,0.2,0.2
"chr1_197325045","rs4915231","C",0.320106,"T","AGCGA",0.4,0,0.4,0.2
"chr12_116252400","rs61928436","G",0.0701058,"T","ACTAT",0.4,0.4,0,0.2
"chr17_76994369","rs2377301","T",0.111111,"C","TCCTG",0,0.4,0.2,0.4
"chr11_116329685","rs145248455","G",0.0119048,"T","AATCT",0.4,0.4,0,0.2
"chr13_30780397","rs57329263","A",0.166667,"G","GCGAC",0.2,0,0.4,0.4
"chr9_114393397","rs10817198","C",0.281746,"G","CAGCC",0.2,0,0.2,0.6
"chr6_54587151","rs9474973","C",0.492063,"G","CTGAC",0.2,0.2,0.2,0.4
"chr4_165796146","rs7684645","A",0.449735,"G","GGATA",0.4,0.2,0.4,0
"chr11_117672561","rs10892173","T",0.428571,"C","TGCGG",0,0.2,0.6,0.2
"chr8_135515957","rs894357","A",0.189153,"C","CCCAA",0.4,0,0,0.6
"chr2_201116111","rs12997220","C",0.149471,"G","TCGAA",0.4,0.2,0.2,0.2
"chr9_127620141","rs876663","G",0.436508,"A","GGAAG",0.4,0,0.6,0
"chr13_27092269","rs9512236","C",0.289683,"G","CAGAT",0.4,0.2,0.2,0.2
"chr7_80776742","rs12111861","C",0.275132,"A","CGAAG",0.4,0,0.4,0.2
"chr10_66562673","rs1227266","T",0.25,"A","GGTCT",0,0.4,0.4,0.2
"chr1_182373981","rs7522149","T",0.314815,"G","AAGTT",0.4,0.4,0.2,0
"chr10_12201002","rs11257571","A",0.498677,"G","GGAGT",0.2,0.2,0.6,0
"chr16_71660115","rs4788820","G",0.177249,"C","CGGGG",0,0,0.8,0.2
"chr6_160148741","rs2475566","C",0.210317,"T","GGCGC",0,0,0.6,0.4
"chr9_96441555","rs1132027","T",0.0634921,"C","CCCGA",0.2,0,0.2,0.6
"chr22_19867771","rs1139795","T",0.153439,"C","AGCGG",0.2,0,0.6,0.2
"chr13_19938121","rs61956109","T",0.0555556,"C","CCCGG",0,0,0.4,0.6
"chr4_115229473","rs35700784","A",0.384921,"G","CTGCT",0,0.4,0.2,0.4
"chr19_36598239","rs62111376","C",0.132275,"T","CATAA",0.6,0.2,0,0.2
"chr6_155351158","rs57461837","C",0.207672,"G","GGGTC",0,0.2,0.6,0.2
"chr3_194060475","rs6809081","C",0.468254,"T","GATGA",0.4,0.2,0.4,0
"chr6_30002881","rs166327","C",0.40873,"T","TCTGT",0,0.6,0.2,0.2
"chr6_155564302","rs11755465","G",0.399471,"T","ATTAG",0.4,0.4,0.2,0
"chr7_131983341","rs6951966","T",0.419312,"C","AGCGT",0.2,0.2,0.4,0.2
"chr4_102275264","rs2850329","G",0.297619,"A","GTATA",0.4,0.4,0.2,0
"chr16_89785107","rs62068372","C",0.239418,"T","CATGC",0.2,0.2,0.2,0.4
"chr9_123470592","rs56032630","A",0.0529101,"G","CCGAG",0.2,0,0.4,0.4
"chr15_75845097","rs7163907","C",0.261905,"T","GCTGT",0,0.4,0.4,0.2
"chr3_141925566","rs11706603","C",0.325397,"G","GACTT",0.2,0.4,0.2,0.2
"chr13_34203802","rs56059827","C",0.137566,"T","CCTTG",0,0.4,0.2,0.4
"chr1_26497340","rs8768","A",0.240741,"C","CCAAA",0.6,0,0,0.4
"chr8_143732433",".","C",0.37963,"A","CCAGT",0.2,0.2,0.2,0.4
"chr1_15253670","rs10927579","A",0.0859788,"G","ACGGA",0.4,0,0.4,0.2
"chr19_36554478","rs74903234","A",0.0873016,"G","ACGAG",0.4,0,0.4,0.2
"chr15_73029627","rs78297633","G",0.031746,"T","ATTTT",0.2,0.8,0,0
"chr17_37056144","rs117814228","A",0.0396825,"G","CCGGC",0,0,0.4,0.6
"chr16_2256326","rs27699","T",0.469577,"C","GGCTA",0.2,0.2,0.4,0.2
"chr8_13645160",".","A",0.0727513,"G","TCGTA",0.2,0.4,0.2,0.2
"chr19_46157860","rs7507893","A",0.414021,"G","CCGGA",0.2,0,0.4,0.4
"chr8_27506069","rs536291","T",0.251323,"C","GCCGA",0.2,0,0.4,0.4
"chr8_11421321","rs13248757","C",0.247354,"T","CCTGG",0,0.2,0.4,0.4
"chr9_23188152","rs7391070","T",0.306878,"A","CCTTT",0,0.6,0,0.4
"chr6_18458761","rs9477749","G",0.428571,"C","CACTG",0.2,0.2,0.2,0.4
"chr3_37168314","rs11713122","C",0.451058,"A","TGAAC",0.4,0.2,0.2,0.2
"chr4_44694719","rs61549581","T",0.162698,"A","GAATC",0.4,0.2,0.2,0.2
"chr2_231844823","rs75692486","A",0.0674603,"C","TGCCT",0,0.4,0.2,0.4
"chr1_150546086","rs6672667","C",0.0661376,"T","GGTAT",0.2,0.4,0.4,0
"chr14_77069985","rs78403879","T",0.026455,"G","AGGTG",0.2,0.2,0.6,0
"chr21_43162200","rs3746895","T",0.484127,"C","CATCC",0.2,0.2,0,0.6
"chr10_98841137","rs12572597","A",0.124339,"G","AGGAG",0.4,0,0.6,0
"chr2_51338401","rs2195478","T",0.231481,"A","TTAAA",0.6,0.4,0,0
"chr2_196719555","rs1462293","T",0.318783,"A","CATAA",0.6,0.2,0,0.2
"chr6_109244694","rs150654166","A",0.010582,"T","TTTCT",0,0.8,0,0.2
"chr1_102239205","rs1470438","A",0.374339,"G","CTGTG",0,0.4,0.4,0.2
"chr15_32924649","rs28506002","A",0.304233,"G","GAGTC",0.2,0.2,0.4,0.2
"chr15_75664570","rs4886696","A",0.403439,"T","AAAAT",0.8,0.2,0,0
"chr8_22338071","rs56864195","C",0.466931,"A","GCATC",0.2,0.2,0.2,0.4
"chr12_54944156","rs4759090","G",0.228836,"C","GTGTG",0,0.4,0.6,0
"chr20_35780519","rs1780686","A",0.400794,"G","GGGAA",0.4,0,0.6,0
"chr1_95285752","rs3827752","C",0.136243,"A","ACAGC",0.4,0,0.2,0.4
"chr5_64923406","rs37251","G",0.357143,"A","CCGAG",0.2,0,0.4,0.4
"chr4_130866617","rs112468042","A",0.00132275,"G","TTGGG",0,0.4,0.6,0
"chr6_29446689","rs6925744","T",0.0119048,"C","TGCGC",0,0.2,0.4,0.4
"chr5_98092379","rs2547970","T",0.469577,"C","CATCT",0.2,0.4,0,0.4
"chr1_1167796","rs190796582","T",0.130952,"C","AGCCC",0.2,0,0.2,0.6
"chr4_115482917","rs10013259","T",0.297619,"G","GAGCC",0.2,0,0.4,0.4
"chr3_183402804","rs181811011","T",0.0224868,"C","ACCGT",0.2,0.2,0.2,0.4
"chr14_100088980","rs7161519","C",0.451058,"T","GGCCG",0,0,0.6,0.4
"chr11_126185404","rs655913","A",0.384921,"G","CTATG",0.2,0.4,0.2,0.2
"chr5_43107547","rs514567","G",0.194444,"A","CTATT",0.2,0.6,0,0.2
"chr19_58154825","rs10408464","G",0.160053,"A","AGAAC",0.6,0,0.2,0.2
"chr2_219369851","rs590771","C",0.399471,"T","CACCT",0.2,0.2,0,0.6
"chr11_64469524","rs71579889","A",0.194444,"G","GGGGT",0,0.2,0.8,0
"chr4_5327821","rs1393861","A",0.10582,"C","CCCTC",0,0.2,0,0.8
"chr8_17884606","rs383091","T",0.395503,"C","ATTGC",0.2,0.4,0.2,0.2
"chr20_18389802","rs6111943","T",0.411376,"C","AATTT",0.4,0.6,0,0
"chr6_7308982","rs2764093","C",0.183862,"A","CCAAA",0.6,0,0,0.4
"chr1_165944832","rs12137657","G",0.456349,"T","CTTGG",0,0.4,0.4,0.2
"chr15_79030876","rs77786718","C",0.498677,"G","CACCA",0.4,0,0,0.6
"chr3_192588986","rs145843239","T",0.0132275,"C","CCCGC",0,0,0.2,0.8
"chr5_43413444","rs1593971","A",0.482804,"G","CTGTT",0,0.6,0.2,0.2
"chr3_125739695","rs7647098","G",0.324074,"A","CCGAT",0.2,0.2,0.2,0.4
"chr22_27215958",".","T",0.322751,"G","GCTCA",0.2,0.2,0.2,0.4
"chr8_79728046","rs3885022","A",0.12963,"G","CCGTA",0.2,0.2,0.2,0.4
"chr7_91779242","rs1978061","A",0.39418,"G","CTGGC",0,0.2,0.4,0.4
"chr2_195714124","rs1901900","G",0.0304233,"A","GCGTG",0,0.2,0.6,0.2
"chr2_56806378","rs77019884","T",0.228836,"C","GTCAA",0.4,0.2,0.2,0.2
"chr8_146070554","rs1735405","T",0.279101,"C","TTCAT",0.2,0.6,0,0.2
"chr7_89047330","rs139256093","A",0.0383598,"G","CCGCC",0,0,0.2,0.8
"chr16_70341369","rs34270587","A",0.396825,"G","GCGAT",0.2,0.2,0.4,0.2
"chr1_116394494","rs10802053","C",0.101852,"G","TTGAT",0.2,0.6,0.2,0
"chr16_88786245","rs2290900","T",0.00529101,"C","TTCTT",0,0.8,0,0.2
"chr13_45405071","rs9533982","C",0.48545,"T","TGCAT",0.2,0.4,0.2,0.2
"chr15_74658267","rs117592939","T",0.0357143,"C","CGCAC",0.2,0,0.2,0.6
"chr21_46712804","rs11088985","T",0.320106,"C","CCCGC",0,0,0.2,0.8
"chr11_3663201","rs7128137","A",0.415344,"G","GCACG",0.2,0,0.4,0.4
"chr5_162557127","rs28573310","A",0.117725,"G","ACGGA",0.4,0,0.4,0.2
"chr9_101294391","rs10115107","G",0.0859788,"T","AGTGT",0.2,0.4,0.4,0
"chr3_13694629","rs7620806","G",0.387566,"A","GCGGG",0,0,0.8,0.2
"chr8_128664319","rs76596255","T",0.0925926,"C","TACCC",0.2,0.2,0,0.6
"chr16_11103725","rs12934193","C",0.18254,"T","TATGG",0.2,0.4,0.4,0
"chr1_245436628","rs10924143","A",0.424603,"G","CAGAG",0.4,0,0.4,0.2
"chr11_82381957","rs11233244","G",0.388889,"A","CAAAA",0.8,0,0,0.2
"chr2_50901077","rs62142357","T",0.116402,"C","CCCGC",0,0,0.2,0.8
"chr11_66183923","rs7935572","A",0.0687831,"G","CTGCA",0.2,0.2,0.2,0.4
"chr3_96363167","rs113582367","T",0.0185185,"A","CTACT",0.2,0.4,0,0.4
"chr3_98321472","rs9836315","T",0.279101,"C","ATTTA",0.4,0.6,0,0
"chr3_113080851","rs1979554","C",0.451058,"T","ACTGA",0.4,0.2,0.2,0.2
"chr10_111497879","rs7069632","G",0.458995,"A","CTATC",0.2,0.4,0,0.4
"chr10_42820002","rs2505831","A",0.451058,"G","AGGTT",0.2,0.4,0.4,0
"chr13_109690617","rs9559467","A",0.365079,"G","TTGGG",0,0.4,0.6,0
"chr19_58361328","rs28374851","C",0.292328,"G","TCGTC",0,0.4,0.2,0.4
"chr6_164448156","rs205991","G",0.247354,"T","TTGCT",0,0.6,0.2,0.2
"chr7_95225981","rs10085778","G",0.349206,"A","CCAGC",0.2,0,0.2,0.6
"chr1_83830757","rs10782809","A",0.366402,"T","TAACA",0.6,0.2,0,0.2
"chr5_2452204","rs80323252","A",0.132275,"G","TTGAC",0.2,0.4,0.2,0.2
"chr14_103269755","rs12436513","C",0.353175,"A","TACCT",0.2,0.4,0,0.4
"chr17_41533830","rs9910994","T",0.236772,"A","GAATA",0.6,0.2,0.2,0
"chr13_32890026","rs9562605","T",0.193122,"C","TCCGG",0,0.2,0.4,0.4
"chr12_96183078","rs7979484","T",0.358466,"C","TTCTG",0,0.6,0.2,0.2
"chr5_40277325","rs4957262","G",0.26455,"C","CCCCT",0,0.2,0,0.8
"chr20_43266919","rs3787360","T",0.206349,"A","CAACT",0.4,0.2,0,0.4
"chr12_100942483","rs73155614","T",0.0396825,"C","GGCGG",0,0,0.8,0.2
"chrX_128419846","rs1986264","T",0.407599,"C","GCCGA",0.2,0,0.4,0.4
"chr3_53781737","rs2016271","A",0.162698,"G","CCATG",0.2,0.2,0.2,0.4
"chr3_123365660","rs820474","T",0.037037,"C","GGCCC",0,0,0.4,0.6
"chr9_93720376","rs296684","C",0.462963,"T","AACGG",0.4,0,0.4,0.2
"chr2_218958820","rs12694428","A",0.417989,"G","GAGTG",0.2,0.2,0.6,0
"chr20_38361382","rs62210095","A",0.305556,"C","TACAG",0.4,0.2,0.2,0.2
"chr4_57692773","rs113233441","T",0.0502646,"C","GCCGG",0,0,0.6,0.4
"chr1_117476822","rs2491108","G",0.0767196,"C","TACAG",0.4,0.2,0.2,0.2
"chr10_81577849","rs2475661","T",0.162698,"C","TATAT",0.4,0.6,0,0
"chr7_16735586","rs706041","T",0.349206,"C","CTTGT",0,0.6,0.2,0.2
"chr17_4463699","rs7216284","A",0.27381,"G","CCGGG",0,0,0.6,0.4
"chr1_45262489","rs34639510","G",0.146825,"C","GCCGG",0,0,0.6,0.4
"chr2_69821008","rs11693363","C",0.128307,"A","CCAGA",0.4,0,0.2,0.4
"chr1_218275229","rs72734595","T",0.0648148,"G","CTGCT",0,0.4,0.2,0.4
"chr15_41871908","rs10438299","G",0.37037,"T","TAGAG",0.4,0.2,0.4,0
"chr15_50860149","rs3101856","A",0.402116,"G","GCGCC",0,0,0.4,0.6
"chr2_31405958","rs11124245","C",0.440476,"T","ATTTC",0.2,0.6,0,0.2
"chr12_22553195","rs11046420","G",0.010582,"A","GTAAG",0.4,0.2,0.4,0
"chr8_56789126","rs35756022","C",0.482804,"G","TAGGT",0.2,0.4,0.4,0
"chr10_48722794","rs9422339","C",0.0238095,"T","TCTCC",0,0.4,0,0.6
"chr1_160378739","rs4656257","C",0.470899,"T","CATAG",0.4,0.2,0.2,0.2
"chr13_100518634","rs41281112","T",0.031746,"C","CACGA",0.4,0,0.2,0.4
"chr11_119317208","rs2082049","G",0.371693,"A","GTGCA",0.2,0.2,0.4,0.2
"chr6_33280309","rs2282851","T",0.301587,"C","TCCCA",0.2,0.2,0,0.6
"chr16_518138","rs148189541","G",0.392857,"C","GCCTC",0,0.2,0.2,0.6
"chrX_100609547","rs2071223","G",0.352332,"A","CTGTA",0.2,0.4,0.2,0.2
"chr20_36787429","rs4811528","G",0.256614,"A","CCGGG",0,0,0.6,0.4
"chr8_137044873","rs11986474","A",0.464286,"G","GAGTA",0.4,0.2,0.4,0
"chr3_36825962","rs67527113","T",0.335979,"C","AACGT",0.4,0.2,0.2,0.2
"chr9_139952916","rs55921052","A",0.0277778,"G","CTGCC",0,0.2,0.2,0.6
"chr1_240677389","rs56769232","C",0.195767,"A","AAATA",0.8,0.2,0,0
"chr2_233213969","rs2853371","T",0.489418,"C","GCCGG",0,0,0.6,0.4
"chr13_43326483","rs1407983","A",0.268519,"G","ATGAG",0.4,0.2,0.4,0
"chr7_767487","rs4724904","G",0.437831,"C","GCCAG",0.2,0,0.4,0.4
"chr8_137718224","rs79333688","G",0.154762,"T","AATTA",0.6,0.4,0,0
"chr2_183939724","rs72890345","A",0.0462963,"G","GTGTA",0.2,0.4,0.4,0
"chr17_27955761","rs3809789","A",0.462963,"G","GAGAC",0.4,0,0.4,0.2
"chr3_11533295","rs6442257","A",0.160053,"G","TCGTT",0,0.6,0.2,0.2
"chr20_3355384","rs6051810","G",0.185185,"A","ACATC",0.4,0.2,0,0.4
"chr14_107087225","rs117170782","T",0.304233,"C","GCCAT",0.2,0.2,0.2,0.4
"chr8_135839462","rs10105876","T",0.350529,"C","AACTG",0.4,0.2,0.2,0.2
"chr18_43335922","rs16978485","A",0.0674603,"G","TCGGA",0.2,0.2,0.4,0.2
"chr18_12551183","rs12709540","C",0.35582,"T","GGCCC",0,0,0.4,0.6
"chr3_135624570","rs9819988","C",0.276455,"T","AATGT",0.4,0.4,0.2,0
"chr15_26417616","rs1282811","G",0.00925926,"A","GCATC",0.2,0.2,0.2,0.4
"chr2_174363574","rs7581219","A",0.386243,"G","CGGGA",0.2,0,0.6,0.2
"chr1_185556572","rs545105","G",0.466931,"A","TAAAA",0.8,0.2,0,0
"chr12_103977266","rs1582880","G",0.472222,"A","CTGTT",0,0.6,0.2,0.2
"chr12_43453968","rs78938767","A",0.0238095,"C","TACAG",0.4,0.2,0.2,0.2
"chr3_51242364","rs185199659","A",0.0634921,"G","CCGCA",0.2,0,0.2,0.6
"chr8_82829537","rs13268158","G",0.402116,"A","GCATG",0.2,0.2,0.4,0.2
"chr16_89824072","rs55862934","T",0.208995,"C","AACAA",0.8,0,0,0.2
"chr9_35255026","rs189329645","C",0.0753968,"T","AATAT",0.6,0.4,0,0
"chr2_75936935","rs10186298","A",0.395503,"T","CATTT",0.2,0.6,0,0.2
"chr5_11135615","rs6892380","C",0.366402,"T","CACAC",0.4,0,0,0.6
"chr16_16548262","rs10852382","T",0.279101,"C","CCCGG",0,0,0.4,0.6
"chr16_23804887","rs194810","A",0.399471,"G","CCGTG",0,0.2,0.4,0.4
"chr6_3023384","rs13193229","T",0.429894,"A","CTTCC",0,0.4,0,0.6
"chr15_81355551","rs28476514","A",0.113757,"C","ATCCC",0.2,0.2,0,0.6
"chr8_50103742","rs2955181","A",0.244709,"G","GCAAT",0.4,0.2,0.2,0.2
"chr2_177908482","rs112015956","A",0.108466,"G","ACGGA",0.4,0,0.4,0.2
"chr7_64289484","rs4717217","C",0.398148,"A","TTCTT",0,0.8,0,0.2
"chr15_75666655","rs139023751","C",0.175926,"T","GGTGA",0.2,0.2,0.6,0
"chr6_45352011","rs73441910","G",0.0634921,"T","TTTTT",0,1,0,0
"chr2_53501620","rs28674596","A",0.179894,"G","CAGAT",0.4,0.2,0.2,0.2
"chr1_242399364","rs397507","T",0.218254,"A","TCTTG",0,0.6,0.2,0.2
"chr5_3473917","rs2561436","C",0.179894,"T","AACAG",0.6,0,0.2,0.2
"chr7_146257540","rs117729885","A",0.026455,"G","ATGTG",0.2,0.4,0.4,0
"chr4_167901033","rs17702475","G",0.0634921,"A","CCACA",0.4,0,0,0.6
"chr1_6443538","rs113409653","T",0.0846561,"C","CGCGC",0,0,0.4,0.6
"chr3_42747548","rs9836162","A",0.27381,"G","ATGGC",0.2,0.2,0.4,0.2
"chr14_44103840","rs72675039","G",0.160053,"A","TTATA",0.4,0.6,0,0
"chr1_70877779","rs487773","G",0.414021,"A","CCGAA",0.4,0,0.2,0.4
"chr11_3552258","rs11027851","G",0.0449735,"C","AGCCT",0.2,0.2,0.2,0.4
"chr7_119341500","rs11976044","C",0.0171958,"T","CATGT",0.2,0.4,0.2,0.2
"chr3_48508585","rs11797","T",0.435185,"C","TACAG",0.4,0.2,0.2,0.2
"chr12_68555327",".","T",0.0648148,"C","CCCGA",0.2,0,0.2,0.6
"chr1_227982936","rs112364957","T",0.0436508,"C","CCCGC",0,0,0.2,0.8
"chr4_10019390","rs13107466","G",0.452381,"A","GAGCT",0.2,0.2,0.4,0.2
"chr3_37858496","rs13062108","T",0.0238095,"A","AAACC",0.6,0,0,0.4
"chr3_15295364","rs1318937","G",0.124339,"A","CTATT",0.2,0.6,0,0.2
"chr16_48081988","rs62058508","G",0.0489418,"C","CACCC",0.2,0,0,0.8
"chr4_109969337","rs3108954","T",0.410053,"G","TGGGG",0,0.2,0.8,0
"chr9_138806465",".","C",0.289683,"G","CAGTT",0.2,0.4,0.2,0.2
"chr15_41713444","rs28576457","G",0.259259,"T","GTTGG",0,0.4,0.6,0
"chr7_149988504","rs6953201","A",0.0925926,"G","GAGTG",0.2,0.2,0.6,0
"chr10_116571281","rs55671354","C",0.478836,"T","AATGG",0.4,0.2,0.4,0
"chr7_73255647","rs4717823","G",0.269841,"C","CTGGG",0,0.2,0.6,0.2
"chr7_40189623","rs10267954","T",0.466931,"C","GGCGG",0,0,0.8,0.2
"chr1_226006700","rs12723313","C",0.354497,"T","GGCGG",0,0,0.8,0.2
"chr15_23077857","rs12900552","A",0.293651,"G","ACGCC",0.2,0,0.2,0.6
"chr7_19890181","rs10260797","G",0.119048,"A","ATATT",0.4,0.6,0,0
"chr15_22558198","rs7170440","A",0.218254,"G","GCGTG",0,0.2,0.6,0.2
"chr2_97267293","rs6749159","C",0.280423,"T","CATGG",0.2,0.2,0.4,0.2
"chr2_97045629","rs55908912","A",0.0132275,"C","TGCAG",0.2,0.2,0.4,0.2
"chr5_112099496","rs7703438","A",0.0119048,"G","GAGAA",0.6,0,0.4,0
"chr3_196974454","rs403274","T",0.255291,"C","TTTGA",0.2,0.6,0.2,0
"chr5_71924005","rs34083712","G",0.186508,"C","ATCAG",0.4,0.2,0.2,0.2
"chr12_113363284","rs7958379","A",0.359788,"G","ACATC",0.4,0.2,0,0.4
"chr15_31012945","rs3883069","T",0.223545,"C","ACCGG",0.2,0,0.4,0.4
"chrX_17545372","rs66835664","C",0.400691,"T","CATTG",0.2,0.4,0.2,0.2
"chr7_130987007","rs966013","G",0.236772,"A","ACGCC",0.2,0,0.2,0.6
"chr12_67786584","rs7136124","G",0.478836,"A","GAAAA",0.8,0,0.2,0
"chr8_101600966","rs2507780","A",0.382275,"G","CCGAA",0.4,0,0.2,0.4
"chr14_71103671","rs4902832","G",0.440476,"A","CCGGG",0,0,0.6,0.4
"chr4_139855238","rs28563883","A",0.346561,"G","TCGCA",0.2,0.2,0.2,0.4
"chr11_29407396","rs10767805","T",0.0925926,"C","TTTGT",0,0.8,0.2,0
"chr16_70051043","rs12930433","C",0.35582,"T","TTTTT",0,1,0,0
"chr8_142202884","rs7014062","T",0.378307,"C","GGTTC",0,0.4,0.4,0.2
"chr1_14754760","rs6429660","G",0.424603,"A","CCGTG",0,0.2,0.4,0.4
"chr9_34553667","rs4363285","T",0.157407,"C","TTTCC",0,0.6,0,0.4
"chr18_34361762","rs948636","C",0.261905,"G","ACGGA",0.4,0,0.4,0.2
"chr1_240831717","rs6429217","T",0.376984,"C","AGCGC",0.2,0,0.4,0.4
"chrX_152824387","rs58223927","C",0.0259067,"A","TCAAC",0.4,0.2,0,0.4
"chr14_52286594","rs4587884","G",0.419312,"T","ACGTT",0.2,0.4,0.2,0.2
"chr7_49951335","rs7788609","T",0.203704,"A","AATTA",0.6,0.4,0,0
"chr1_104789253","rs4571975","G",0.439153,"A","CCGCC",0,0,0.2,0.8
"chr9_126365568","rs17286927","C",0.0727513,"T","AATCC",0.4,0.2,0,0.4
"chr2_101248617","rs4500970","A",0.334656,"G","ACGCC",0.2,0,0.2,0.6
"chr11_20422730","rs7480236","T",0.0529101,"G","GGGAA",0.4,0,0.6,0
"chr5_56237155","rs2591962","A",0.170635,"G","ATGAC",0.4,0.2,0.2,0.2
"chr3_48731961","rs72929172","G",0.0687831,"A","CTATA",0.4,0.4,0,0.2
"chr16_20420807","rs7198481","T",0.0542328,"G","CTGGA",0.2,0.2,0.4,0.2
"chr6_34282123","rs56309550","A",0.130952,"T","GCTGT",0,0.4,0.4,0.2
"chr12_49726326","rs59990555","G",0.109788,"A","ACAGG",0.4,0,0.4,0.2
"chr3_197060035","rs4916470","C",0.109788,"T","AGTAG",0.4,0.2,0.4,0
"chr17_42651088","rs4793126","T",0.325397,"C","ATTCC",0.2,0.4,0,0.4
"chr8_55675778","rs78140512","C",0.010582,"T","ATTAA",0.6,0.4,0,0
"chr20_62695931","rs6062343","A",0.456349,"G","GCGGT",0,0.2,0.6,0.2
"chr15_78199057","rs59058079","T",0.0925926,"C","GGCTT",0,0.4,0.4,0.2
"chr2_50938959","rs2113404","C",0.239418,"T","AGTGG",0.2,0.2,0.6,0
"chr10_13103690","rs1133848","G",0.412698,"A","CAGAT",0.4,0.2,0.2,0.2
"chr4_122778337","rs57779372","A",0.00661376,"G","GTGGT",0,0.4,0.6,0
"chr2_55944293","rs12616629","C",0.497354,"G","TTGTG",0,0.6,0.4,0
"chr14_23335433","rs8007078","A",0.365079,"G","TAGAA",0.6,0.2,0.2,0
"chr9_44249662","rs28410185","G",0.152116,"T","GGTTT",0,0.6,0.4,0
"chr17_59519048","rs12452836","A",0.0648148,"G","ACGCC",0.2,0,0.2,0.6
"chr2_181804718","rs35560584","T",0.215608,"A","CGATT",0.2,0.4,0.2,0.2
"chr1_54041799","rs72675196","A",0.214286,"G","CCGGG",0,0,0.6,0.4
"chr2_227235024","rs2894594","A",0.256614,"G","TGGGG",0,0.2,0.8,0
"chr6_170758426","rs73026476","A",0.141534,"G","ACGCT",0.2,0.2,0.2,0.4
"chr7_144716974","rs186466562","T",0.0767196,"A","TAAAC",0.6,0.2,0,0.2
"chr19_46572541","rs117687892","T",0.0277778,"C","CTCTT",0,0.6,0,0.4
"chr3_131435378","rs876519","C",0.469577,"T","CTCGC",0,0.2,0.2,0.6
"chr15_52132454","rs2570240","C",0.420635,"T","GTTTC",0,0.6,0.2,0.2
"chr7_108058508","rs140198370","A",0.0132275,"T","CATCA",0.4,0.2,0,0.4
"chr10_33675053","rs2804456","T",0.380952,"C","ATCCT",0.2,0.4,0,0.4
"chr17_41522213","rs7207008","A",0.458995,"T","GATTG",0.2,0.4,0.4,0
"chr2_20607423","rs11692468","A",0.369048,"C","AACTA",0.6,0.2,0,0.2
"chr12_9632555","rs61913576","A",0.498677,"G","CTGAA",0.4,0.2,0.2,0.2
"chr12_7085107","rs11167","G",0.0277778,"A","CTATT",0.2,0.6,0,0.2
"chr14_105467240","rs34860972","G",0.137566,"T","TATCC",0.2,0.4,0,0.4
"chr5_168898589","rs77938261","C",0.0621693,"T","TATTT",0.2,0.8,0,0
"chr8_22731815","rs13340627","G",0.367725,"A","TTAGA",0.4,0.4,0.2,0
"chr5_107479077","rs438622","C",0.0529101,"T","CATAT",0.4,0.4,0,0.2
"chr7_20395354","rs3757725","C",0.205026,"G","TGCTG",0,0.4,0.4,0.2
"chr5_2538869","rs10475160","A",0.121693,"G","TCGCC",0,0.2,0.2,0.6
"chr16_1381917","rs3759937","A",0.123016,"C","CACTT",0.2,0.4,0,0.4
"chr6_29839484","rs116743579","T",0.116402,"C","CCCGT",0,0.2,0.2,0.6
"chr3_32214489","rs1839779","T",0.429894,"C","TCCCT",0,0.4,0,0.6
"chr17_72503355","rs1171208","A",0.0992063,"G","CTGGT",0,0.4,0.4,0.2
"chr3_32996509","rs6770096","T",0.0674603,"C","AGCGA",0.4,0,0.4,0.2
"chr7_85353438","rs1509074","T",0.403439,"C","AATAT",0.6,0.4,0,0
"chr17_66510442","rs8079916","G",0.177249,"A","CAATA",0.6,0.2,0,0.2
"chr9_23430255","rs1541108","A",0.415344,"G","CAGTC",0.2,0.2,0.2,0.4
"chr14_92531888","rs76497846","A",0.316138,"G","TGGGC",0,0.2,0.6,0.2
"chr10_96954473","rs592041","T",0.492063,"A","CAAGG",0.4,0,0.4,0.2
"chr4_37742772","rs2995984","A",0.104497,"T","CTTCT",0,0.6,0,0.4
"chr22_42494335","rs6002605","G",0.332011,"A","GTATC",0.2,0.4,0.2,0.2
"chr14_48565396","rs12372909","G",0.349206,"C","ACGGT",0.2,0.2,0.4,0.2
"chr2_212001529","rs78147905","T",0.130952,"C","TGCAT",0.2,0.4,0.2,0.2
"chr2_49452262","rs4971728","T",0.466931,"G","GCTCT",0,0.4,0.2,0.4
"chr10_73541009","rs9415047","C",0.497354,"T","AGTGA",0.4,0.2,0.4,0
"chr5_153662029","rs1545473","A",0.347884,"G","CCAGC",0.2,0,0.2,0.6
"chr7_28536115","rs1827599","A",0.380952,"G","AGGGG",0.2,0,0.8,0
"chr1_19450605","rs6688770","T",0.161376,"C","TCCCC",0,0.2,0,0.8
"chr12_66804916","rs10878416","T",0.21164,"C","TCTGT",0,0.6,0.2,0.2
"chr9_130219743","rs2243903","T",0.359788,"C","CCTTT",0,0.6,0,0.4
"chr15_100100442","rs35376034","T",0.301587,"C","GACGT",0.2,0.2,0.4,0.2
"chr11_7369002","rs7934400","C",0.374339,"G","CAGGG",0.2,0,0.6,0.2
"chr1_2983963","rs2297828","A",0.338624,"G","CGGCG",0,0,0.6,0.4
"chr19_6368874","rs1049343","G",0.0132275,"C","AGCTG",0.2,0.2,0.4,0.2
"chr22_49144024","rs132264","A",0.314815,"G","GCATC",0.2,0.2,0.2,0.4
"chr14_95983975","rs179145","A",0.383598,"G","ATGGT",0.2,0.4,0.4,0
"chr3_62189189","rs2292245","A",0.164021,"G","ACGGC",0.2,0,0.4,0.4
"chr16_1517090","rs34183139","C",0.0925926,"T","CCTGG",0,0.2,0.4,0.4
"chr1_230272688","rs6541292","A",0.34127,"C","CACGG",0.2,0,0.4,0.4
"chr11_83126620","rs189890945","C",0.161376,"T","TCTTT",0,0.8,0,0.2
"chr11_61148169","rs7118316","A",0.132275,"G","GTAGA",0.4,0.2,0.4,0
"chr8_36624795",".","C",0.0767196,"G","ACGGC",0.2,0,0.4,0.4
"chr12_13145457","rs3782568","C",0.234127,"A","ACCCT",0.2,0.2,0,0.6
"chr19_37178347","rs7259256","A",0.395503,"G","GGAAG",0.4,0,0.6,0
"chr3_183840666","rs11916456","G",0.169312,"C","AACTA",0.6,0.2,0,0.2
"chr1_3478596","rs2794333","C",0.322751,"T","CGTCA",0.2,0.2,0.2,0.4
"chr9_4740456","rs79965806","C",0.0740741,"A","AAAGG",0.6,0,0.4,0
"chr16_89264167","rs35379058","T",0.193122,"C","ACCTA",0.4,0.2,0,0.4
"chr20_2760835","rs215524","A",0.414021,"G","ATGCC",0.2,0.2,0.2,0.4
"chr19_17058901","rs6512148","C",0.40873,"T","CATTG",0.2,0.4,0.2,0.2
"chr7_10037063","rs2906419","C",0.417989,"G","TTCAC",0.2,0.4,0,0.4
"chr9_93922078","rs10991792","T",0.203704,"G","GATAC",0.4,0.2,0.2,0.2
"chr11_17321422","rs7933137","G",0.419312,"T","CATCC",0.2,0.2,0,0.6
"chr1_97999375","rs2297780","T",0.154762,"C","AGCGT",0.2,0.2,0.4,0.2
"chr7_108098201","rs3763462","A",0.429894,"T","CCACA",0.4,0,0,0.6
"chr17_76136715","rs61740060","C",0.31746,"T","GCTGC",0,0.2,0.4,0.4
"chr19_3536816","rs8100223","C",0.464286,"T","AGTCC",0.2,0.2,0.2,0.4
"chr6_153305867","rs3757067","A",0.165344,"G","GAGAA",0.6,0,0.4,0
"chr19_52452462","rs56029016","A",0.113757,"T","AGTCC",0.2,0.2,0.2,0.4
"chr9_35186007","rs62543164","A",0.238095,"G","GGGAA",0.4,0,0.6,0
"chr2_132288102","rs116538008","C",0.260582,"T","CTTTC",0,0.6,0,0.4
"chr11_22660335","rs629612","A",0.367725,"G","TGATG",0.2,0.4,0.4,0
"chr12_4742829","rs55798490","G",0.46164,"T","GGGCA",0.2,0,0.6,0.2
"chr3_186734466","rs967367","A",0.390212,"G","AGGTG",0.2,0.2,0.6,0
"chr6_5847251","rs34213405","T",0.142857,"C","GCCCA",0.2,0,0.2,0.6
"chr1_167023426","rs3820388","T",0.39418,"C","CCCCA",0.2,0,0,0.8
"chr2_187378709","rs7607162","A",0.371693,"T","AAATT",0.6,0.4,0,0
"chr1_16768880","rs150330005","T",0.0132275,"C","TGCCT",0,0.4,0.2,0.4
"chr14_71286436","rs11844844","G",0.486772,"A","CTGGC",0,0.2,0.4,0.4
"chr17_20819031","rs9897888","T",0.482804,"A","CCACC",0.2,0,0,0.8
"chr5_150315333","rs6889420","A",0.0555556,"G","CCGGG",0,0,0.6,0.4
"chr9_86260378","rs1537502","G",0.231481,"A","GTATG",0.2,0.4,0.4,0
"chr13_110907426","rs639655","T",0.484127,"G","CCGCG",0,0,0.4,0.6
"chr12_34570448","rs7298389","A",0.417989,"G","TGGAT",0.2,0.4,0.4,0
"chr7_134880884","rs292578","G",0.289683,"C","CAGGC",0.2,0,0.4,0.4
"chr6_29017555","rs4713199","G",0.121693,"A","GAAAA",0.8,0,0.2,0
"chr11_62680907","rs112127607","G",0.0952381,"A","AGACC",0.4,0,0.2,0.4
"chr6_58003420","rs74781695","T",0.0542328,"C","CACAG",0.4,0,0.2,0.4
"chr7_89165569","rs11983670","G",0.115079,"A","ACAGT",0.4,0.2,0.2,0.2
"chr1_151784541","rs11204893","G",0.0899471,"A","CCAGG",0.2,0,0.4,0.4
"chr7_76728248","rs2539289","T",0.375661,"C","CTCGC",0,0.2,0.2,0.6
"chr19_50851934","rs35028989","T",0.31746,"C","CACGA",0.4,0,0.2,0.4
"chr10_74484221","rs61864406","G",0.0793651,"A","TTAGG",0.2,0.4,0.4,0
"chrX_137616326","rs5976159","C",0.17962,"T","AGTTG",0.2,0.4,0.4,0
"chr16_81533922",".","G",0.261905,"C","CTCCC",0,0.2,0,0.8
"chr6_38739833","rs113224216","C",0.132275,"T","GTTTT",0,0.8,0.2,0
"chr6_150829550","rs9480469","G",0.312169,"T","CCTCC",0,0.2,0,0.8
"chr9_103952270","rs7029916","A",0.109788,"G","CCGAG",0.2,0,0.4,0.4
"chr5_79262938","rs3926218","A",0.239418,"G","GCGAT",0.2,0.2,0.4,0.2
"chr18_70656550","rs8092575","A",0.316138,"G","TAGTA",0.4,0.4,0.2,0
"chr19_35130711","rs11084777","T",0.484127,"C","AGCTT",0.2,0.4,0.2,0.2
"chr1_89742561","rs61798827","A",0.453704,"G","GTATT",0.2,0.6,0.2,0
"chr9_94187247","rs3811125","T",0.263228,"C","CGCGC",0,0,0.4,0.6
"chr7_143799911","rs10282351","T",0.157407,"C","TACCA",0.4,0.2,0,0.4
"chr9_4366058","rs10739052","C",0.100529,"A","TTCGG",0,0.4,0.4,0.2
"chr22_31063832","rs11912792","A",0.167989,"G","CAGTC",0.2,0.2,0.2,0.4
"chr4_4250306","rs2916463","C",0.00132275,"T","CCTTC",0,0.4,0,0.6
"chr11_26575678","rs724202","G",0.337302,"C","TTGTG",0,0.6,0.4,0
"chr3_49920571","rs9843653","C",0.473545,"T","GGTGG",0,0.2,0.8,0
"chr5_13831281","rs994131","A",0.383598,"G","TCGGG",0,0.2,0.6,0.2
"chr1_6296794","rs12082244","G",0.0277778,"C","TCCTG",0,0.4,0.2,0.4
"chr9_131685015","rs55758160","G",0.414021,"A","GTAGG",0.2,0.2,0.6,0
"chr16_74736226","rs12447709","A",0.296296,"G","AAGTT",0.4,0.4,0.2,0
"chr1_63610699","rs12754619","T",0.0396825,"C","TGCAT",0.2,0.4,0.2,0.2
"chr1_25687901","rs1053438","C",0.452381,"T","CATTG",0.2,0.4,0.2,0.2
"chr17_11123724","rs72822783","T",0.0277778,"C","CACAG",0.4,0,0.2,0.4
"chr6_160162439","rs12190141","G",0.026455,"A","CCAAA",0.6,0,0,0.4
"chr18_72652464",".","A",0.0026455,"C","TGCGC",0,0.2,0.4,0.4
"chr1_208167270","rs79198180","A",0.00793651,"G","GCGGC",0,0,0.6,0.4
"chr6_32620391","rs17843605","G",0.489418,"T","AGGAT",0.4,0.2,0.4,0
"chr7_76232132","rs3972991","G",0.469577,"A","GAATT",0.4,0.4,0.2,0
"chr3_71427638","rs35632754","G",0.380952,"A","CTACC",0.2,0.2,0,0.6
"chr2_112812842","rs4078410","T",0.334656,"C","TCTTC",0,0.6,0,0.4
"chr14_31052718","rs7160985","T",0.0436508,"C","AGCGG",0.2,0,0.6,0.2
"chr22_23796705","rs6003721","T",0.383598,"G","TAGGA",0.4,0.2,0.4,0
"chr19_54713254","rs35740980","A",0.424603,"C","TCCCG",0,0.2,0.2,0.6
"chr1_26453394","rs61776594","A",0.160053,"G","CCGAG",0.2,0,0.4,0.4
"chr6_10962250","rs2295600","G",0.448413,"A","CAATA",0.6,0.2,0,0.2
"chr12_90223202","rs10858935","G",0.353175,"A","TGGGA",0.2,0.2,0.6,0
"chr1_35302135","rs34910261","T",0.23545,"C","TCCGC",0,0.2,0.2,0.6
"chr1_51866769","rs11590272","C",0.0489418,"T","CATTG",0.2,0.4,0.2,0.2
"chr1_199055223","rs167736","A",0.166667,"T","GTTTT",0,0.8,0.2,0
"chr22_26907899","rs134143","C",0.358466,"T","CCCGA",0.2,0,0.2,0.6
"chr7_102020363","rs2950183","G",0.242063,"T","CATGT",0.2,0.4,0.2,0.2
"chr5_96252589","rs2910686","C",0.436508,"T","ACTCT",0.2,0.4,0,0.4
"chr18_71211039","rs1942769","T",0.150794,"G","ATGTG",0.2,0.4,0.4,0
"chr13_65484621","rs12583501","A",0.353175,"G","TGATA",0.4,0.4,0.2,0
"chr6_37769082","rs6937655","T",0.283069,"C","CCCGC",0,0,0.2,0.8
"chr5_179718189","rs4274946","C",0.12963,"G","ACGGG",0.2,0,0.6,0.2
"chr22_42516205","rs5751220","A",0.46164,"C","TCATC",0.2,0.4,0,0.4
"chr3_169071370","rs13324208","C",0.354497,"T","AATCT",0.4,0.4,0,0.2
"chr2_179650701","rs6715406","T",0.417989,"C","GGCTC",0,0.2,0.4,0.4
"chr15_43297338","rs62020705","G",0.30291,"A","CCGGC",0,0,0.4,0.6
"chr9_130957091","rs10115537","A",0.346561,"G","CTGTC",0,0.4,0.2,0.4
"chr3_125676901","rs147523643","G",0.386243,"A","GCATG",0.2,0.2,0.4,0.2
"chr7_64870017","rs9638225","C",0.145503,"G","CTGAA",0.4,0.2,0.2,0.2
"chr3_42670449","rs339733","G",0.353175,"A","TCATG",0.2,0.4,0.2,0.2
"chr12_108224273","rs10861812","T",0.37037,"C","GACTC",0.2,0.2,0.2,0.4
"chr7_102343967","rs4729850","A",0.103175,"G","GTATC",0.2,0.4,0.2,0.2
"chr3_52298116","rs58531656","C",0.100529,"T","GGTTG",0,0.4,0.6,0
"chr6_18758042","rs149918505","G",0.398148,"C","GTCTA",0.2,0.4,0.2,0.2
"chr12_123648881","rs1716165","C",0.23545,"T","GGCTC",0,0.2,0.4,0.4
"chr3_188206842","rs2162261","T",0.395503,"C","CGTGT",0,0.4,0.4,0.2
"chr17_7012073","rs2304980","T",0.275132,"G","CTGGC",0,0.2,0.4,0.4
"chr12_80597751","rs1244910","T",0.0820106,"C","AGTTT",0.2,0.6,0.2,0
"chr13_22951045","rs76922534","A",0.0846561,"G","GTGTG",0,0.4,0.6,0
"chr1_111177769","rs17638705","C",0.0820106,"G","GAGGT",0.2,0.2,0.6,0
"chr20_16708109","rs3787509","A",0.297619,"T","CAATT",0.4,0.4,0,0.2
"chr2_73873780","rs4444558","A",0.248677,"G","CAACT",0.4,0.2,0,0.4
"chr19_36266822","rs809418","G",0.371693,"A","CTAGT",0.2,0.4,0.2,0.2
"chr17_38935876","rs17558532","T",0.187831,"C","GGCGC",0,0,0.6,0.4
"chr14_100647297","rs149343474","A",0.267196,"G","AGGAG",0.4,0,0.6,0
"chr5_138775173","rs3923059","T",0.291005,"C","CGTGC",0,0.2,0.4,0.4
"chr17_61919643","rs28463311","T",0.265873,"C","CCCCT",0,0.2,0,0.8
"chr1_106128986","rs12758321","T",0.462963,"A","AATTT",0.4,0.6,0,0
"chr14_24806902","rs34106261","A",0.047619,"G","CCGTG",0,0.2,0.4,0.4
"chr7_97602386","rs7799764","A",0.227513,"G","GAGTA",0.4,0.2,0.4,0
"chr7_316234","rs148404178","A",0.0542328,"G","CCGTG",0,0.2,0.4,0.4
"chr15_55968539","rs12373006","A",0.244709,"G","GAGGA",0.4,0,0.6,0
"chr19_48948682","rs28403616","C",0.201058,"A","AGAGG",0.4,0,0.6,0
"chr7_130470435","rs67321590","T",0.253968,"C","GACGT",0.2,0.2,0.4,0.2
"chr9_682225","rs9299036","A",0.361111,"T","TGTCC",0,0.4,0.2,0.4
"chr5_31588686","rs13152889","A",0.161376,"G","AGGCC",0.2,0,0.4,0.4
"chr3_112379135","rs58013646","C",0.40873,"T","AACGT",0.4,0.2,0.2,0.2
"chr3_54897068","rs4955900","C",0.403439,"T","TGTCA",0.2,0.4,0.2,0.2
"chr8_13787726","rs17118033","G",0.128307,"A","TTAAT",0.4,0.6,0,0
"chr5_149182447","rs12717846","T",0.329365,"G","AGGCT",0.2,0.2,0.4,0.2
"chr15_54163759","rs8024215","G",0.388889,"A","GTGTT",0,0.6,0.4,0
"chr2_27651693","rs10182937","C",0.386243,"T","AGTCG",0.2,0.2,0.4,0.2
"chr10_6746374","rs111766712","T",0.124339,"C","TGCCC",0,0.2,0.2,0.6
"chr7_75495524","rs757589","T",0.283069,"C","AATAT",0.6,0.4,0,0
"chr1_225067413","rs4587536","A",0.0767196,"G","GTGTT",0,0.6,0.4,0
"chr19_37013345","rs2945978","T",0.12963,"C","AGTGA",0.4,0.2,0.4,0
"chr11_88061656","rs56005632","G",0.0767196,"A","TCACA",0.4,0.2,0,0.4
"chr5_1594056","rs7734433","G",0.354497,"A","ATATT",0.4,0.6,0,0
"chr9_44009181","rs144834114","T",0.195767,"A","TTATG",0.2,0.6,0.2,0
"chr16_1728147","rs113571946","G",0.201058,"A","AAAGC",0.6,0,0.2,0.2
"chr8_89337704","rs4515601","T",0.343915,"C","AACCT",0.4,0.2,0,0.4
"chr4_179132445","rs34335503","T",0.0714286,"G","CGGTC",0,0.2,0.4,0.4
"chr22_19840196","rs3788304","G",0.202381,"C","GGCAA",0.4,0,0.4,0.2
"chr9_129446591","rs3861877","G",0.294974,"A","TTACG",0.2,0.4,0.2,0.2
"chr2_8441084","rs72781041","T",0.0687831,"C","GCCCT",0,0.2,0.2,0.6
"chr8_95876868","rs12056808","A",0.189153,"G","GCGGA",0.2,0,0.6,0.2
"chr8_33317678","rs9642742","G",0.402116,"A","CAGCC",0.2,0,0.2,0.6
"chr2_220438162","rs11675124","A",0.486772,"G","TAGTC",0.2,0.4,0.2,0.2
"chr22_23690325","rs11090233","G",0.458995,"A","TGGTA",0.2,0.4,0.4,0
"chr8_14002309","rs2126809","C",0.169312,"T","TATAA",0.6,0.4,0,0
"chr8_9292295","rs7012474","G",0.136243,"A","CAATC",0.4,0.2,0,0.4
"chr1_2268678","rs2645069","T",0.294974,"C","GCTGT",0,0.4,0.4,0.2
"chr3_42811571","rs73087348","T",0.212963,"C","TCCGC",0,0.2,0.2,0.6
"chr6_161298263","rs2997096","T",0.334656,"C","ACTCA",0.4,0.2,0,0.4
"chr16_19768340","rs62025012","T",0.148148,"C","GCCTC",0,0.2,0.2,0.6
"chr18_60944554","rs8094489","G",0.0343915,"A","GAACA",0.6,0,0.2,0.2
"chr7_71714000","rs10234985","T",0.103175,"A","TTAAA",0.6,0.4,0,0
"chrX_78588325","rs6619919","T",0.357513,"A","TATTT",0.2,0.8,0,0
"chr15_61946574","rs4775425","G",0.402116,"A","CTGGG",0,0.2,0.6,0.2
"chr6_29673186","rs3116793","C",0.321429,"T","CACTT",0.2,0.4,0,0.4
"chr2_100938917","rs11895772","C",0.460317,"G","GCGTC",0,0.2,0.4,0.4
"chr11_124617939","rs2075713","C",0.187831,"A","AAATC",0.6,0.2,0,0.2
"chr5_76515824","rs9687206","G",0.455026,"A","CTAGG",0.2,0.2,0.4,0.2
"chr12_109740593","rs11831762","T",0.115079,"C","CGCGG",0,0,0.6,0.4
"chr3_151186975","rs4618201","C",0.414021,"T","GCTGC",0,0.2,0.4,0.4
"chr6_52235021","rs11963163","C",0.0806878,"T","TTTTT",0,1,0,0
"chr18_29566001","rs8093328","C",0.239418,"A","AACAT",0.6,0.2,0,0.2
"chr19_58071195","rs75946741","T",0.215608,"C","CCCAC",0.2,0,0,0.8
"chr17_21099436","rs73982534","A",0.031746,"G","CAGCT",0.2,0.2,0.2,0.4
"chr7_124374022","rs60055182","G",0.231481,"A","GCACT",0.2,0.2,0.2,0.4
"chr8_145504343","rs7838717","T",0.363757,"C","ACTAG",0.4,0.2,0.2,0.2
"chr4_182051841","rs71619051","A",0.456349,"G","CCGGC",0,0,0.4,0.6
"chrX_8379511","rs5934413","T",0.28152,"C","CCCAG",0.2,0,0.2,0.6
"chr3_115964610","rs114460563","A",0.0383598,"G","AAGAG",0.6,0,0.4,0
"chr1_101081864","rs35127357","A",0.117725,"G","GAGAG",0.4,0,0.6,0
"chr1_185316915","rs76392125","T",0.0026455,"C","CTCTT",0,0.6,0,0.4
"chr12_21516077","rs11502681","T",0.0992063,"A","GGAAG",0.4,0,0.6,0
"chr21_21198942","rs12482126","A",0.320106,"G","GCGGG",0,0,0.8,0.2
"chr17_32600564","rs72825068","C",0.203704,"T","AGTTC",0.2,0.4,0.2,0.2
"chr18_10670199","rs2155843","C",0.015873,"T","CATTT",0.2,0.6,0,0.2
"chr9_112503105","rs12343627","T",0.30291,"G","TTGGT",0,0.6,0.4,0
"chr11_83734105","rs10501552","G",0.220899,"C","ATCAA",0.6,0.2,0,0.2
"chr19_50113376","rs113817466","T",0.175926,"C","GGCGC",0,0,0.6,0.4
"chr17_48609558","rs4794157","G",0.26455,"C","AAGAG",0.6,0,0.4,0
"chr7_101158597","rs6975795","G",0.490741,"A","AGAGA",0.6,0,0.4,0
"chr14_53061895","rs112463028","T",0.0542328,"C","GCCGA",0.2,0,0.4,0.4
"chr7_76701768","rs10081262","T",0.162698,"C","CCCCA",0.2,0,0,0.8
"chr7_129077369","rs586978","G",0.160053,"T","TTGTG",0,0.6,0.4,0
"chr7_4087468","rs1004043","G",0.314815,"A","CAACT",0.4,0.2,0,0.4
"chr19_9206434","rs10418817","A",0.345238,"G","GTGTA",0.2,0.4,0.4,0
"chr14_92830399","rs112197170","A",0.0912698,"G","TCGCA",0.2,0.2,0.2,0.4
"chr4_155442246","rs11737226","G",0.318783,"A","TCGCT",0,0.4,0.2,0.4
"chr6_154822605","rs10457904","T",0.472222,"C","CCCAT",0.2,0.2,0,0.6
"chr17_53089133","rs2787476","T",0.267196,"C","TGTGG",0,0.4,0.6,0
"chr2_197124820","rs17827837","G",0.300265,"A","ACATC",0.4,0.2,0,0.4
"chr11_112893561","rs7941072","C",0.265873,"T","CATGG",0.2,0.2,0.4,0.2
"chr13_39470388","rs11618539","T",0.382275,"C","AGCAG",0.4,0,0.4,0.2
"chr5_177165668","rs3913373","C",0.306878,"T","TGCGT",0,0.4,0.4,0.2
"chr10_17180675","rs7096079","A",0.477513,"C","TAACA",0.6,0.2,0,0.2
"chr17_77773318","rs1105820","C",0.481481,"T","GATCA",0.4,0.2,0.2,0.2
"chr6_29795809",".","T",0.361111,"C","CCCCT",0,0.2,0,0.8
"chr11_134008678","rs470936","T",0.310847,"C","TCCCT",0,0.4,0,0.6
"chr1_150989190","rs6659770","T",0.238095,"C","GGTTG",0,0.4,0.6,0
"chr1_195002837","rs10801371","A",0.420635,"T","AAATT",0.6,0.4,0,0
"chr19_12569854","rs7249250","A",0.486772,"C","TACAA",0.6,0.2,0,0.2
"chr13_92503153","rs1411519","A",0.138889,"G","TGGAA",0.4,0.2,0.4,0
"chr8_143906221","rs2585170","T",0.453704,"A","TTAAA",0.6,0.4,0,0
"chr2_101088260","rs1519661","A",0.243386,"G","CCGTC",0,0.2,0.2,0.6
"chr7_144477984","rs185842196","A",0.167989,"T","ATTAT",0.4,0.6,0,0
"chr15_42577540","rs11070370","G",0.119048,"A","CTGTC",0,0.4,0.2,0.4
"chr4_1381066","rs13123788","A",0.494709,"G","CTGTG",0,0.4,0.4,0.2
"chr22_50744821","rs62241216","G",0.481481,"A","GGAGA",0.4,0,0.6,0
"chr1_228492220","rs41270183","T",0.0238095,"C","CTCGT",0,0.4,0.2,0.4
"chr19_9370642","rs113266179","C",0.100529,"A","CCAGC",0.2,0,0.2,0.6
"chr4_69594745","rs369524","T",0.272487,"A","GGAGT",0.2,0.2,0.6,0
"chr1_57662621","rs75468012","G",0.00925926,"A","GCACT",0.2,0.2,0.2,0.4
"chr3_172803856","rs34537923","A",0.183862,"G","AGGAG",0.4,0,0.6,0
"chr6_74161503","rs9446904","A",0.148148,"G","GGAGG",0.2,0,0.8,0
"chr1_166821633","rs2232521","T",0.410053,"C","CTCTC",0,0.4,0,0.6
"chr19_29987805","rs3916014","G",0.247354,"C","GCCAG",0.2,0,0.4,0.4
"chr10_14824631","rs73588594","T",0.366402,"G","TCGTG",0,0.4,0.4,0.2
"chr12_116974128","rs10850662","A",0.0462963,"C","AACGG",0.4,0,0.4,0.2
"chr7_124530368","rs6960683","C",0.451058,"T","TGCTT",0,0.6,0.2,0.2
"chr1_7518641","rs1725236","A",0.186508,"G","GAGTC",0.2,0.2,0.4,0.2
"chr18_58727247","rs1426283","A",0.457672,"G","TCATG",0.2,0.4,0.2,0.2
"chr3_8515713","rs115139637","A",0.0793651,"G","TCGCC",0,0.2,0.2,0.6
"chr20_31478975","rs13044679","A",0.0343915,"G","TGGCA",0.2,0.2,0.4,0.2
"chr15_24585534","rs4581669","A",0.316138,"C","AACAA",0.8,0,0,0.2
"chr18_60644229","rs74915097","A",0.0595238,"G","TGGTT",0,0.6,0.4,0
"chr2_5689487","rs2882275","T",0.253968,"C","TGTGA",0.2,0.4,0.4,0
"chr3_93510228","rs59142746","A",0.0661376,"G","CAGCG",0.2,0,0.4,0.4
"chr11_112447825","rs12365987","T",0.458995,"C","AACCA",0.6,0,0,0.4
"chr11_8504936","rs2028881","T",0.198413,"G","AAGAT",0.6,0.2,0.2,0
"chr13_113413234","rs385656","T",0.187831,"C","AACGT",0.4,0.2,0.2,0.2
"chr1_91966406","rs13447454","A",0.138889,"G","AAGTG",0.4,0.2,0.4,0
"chr4_165891494","rs146277835","C",0.0449735,"A","CTATG",0.2,0.4,0.2,0.2
"chr2_114081827","rs62158169","T",0.205026,"C","GCCTG",0,0.2,0.4,0.4
"chr19_58781652","rs2449631","G",0.399471,"A","ACGTG",0.2,0.2,0.4,0.2
"chr20_33742074","rs190794878","C",0.228836,"T","TCTGG",0,0.4,0.4,0.2
"chr1_165694897","rs7524755","T",0.149471,"C","TCTGG",0,0.4,0.4,0.2
"chr10_5246670","rs1413781","A",0.107143,"C","TGATT",0.2,0.6,0.2,0
"chr16_10677101","rs1394565","C",0.369048,"G","GCGTC",0,0.2,0.4,0.4
"chr9_139847500","rs34635210","A",0.149471,"G","CCGTT",0,0.4,0.2,0.4
"chr2_130918458","rs13427291","G",0.324074,"A","CGAGG",0.2,0,0.6,0.2
"chr12_10111199","rs7314437","G",0.230159,"A","ATACA",0.6,0.2,0,0.2
"chr10_27444328",".","C",0.42328,"A","GTCTG",0,0.4,0.4,0.2
"chr5_140563656","rs17844648","A",0.137566,"G","ACGCA",0.4,0,0.2,0.4
"chr3_42822838","rs35647815","T",0.203704,"C","GCCGG",0,0,0.6,0.4
"chr11_29067314","rs12791875","A",0.0912698,"T","TTTAT",0.2,0.8,0,0
"chr17_67803030","rs8072462","A",0.0965608,"C","GGCAT",0.2,0.2,0.4,0.2
"chr8_98048588","rs10955096","T",0.0291005,"C","TACAT",0.4,0.4,0,0.2
"chrX_38348808","rs6609852","T",0.0829016,"C","TCCTC",0,0.4,0,0.6
"chr10_49370090","rs2438988","A",0.35582,"G","CCATT",0.2,0.4,0,0.4
"chr22_25667673","rs2064144","T",0.472222,"G","GCTAC",0.2,0.2,0.2,0.4
"chr13_41114704","rs7333246","G",0.146825,"C","CACAG",0.4,0,0.2,0.4
"chr7_167178","rs4624974","G",0.244709,"A","GGGGT",0,0.2,0.8,0
"chr11_125652539",".","T",0.289683,"A","GATGC",0.2,0.2,0.4,0.2
"chr15_85388050","rs306203","C",0.493386,"T","ACCGC",0.2,0,0.2,0.6
"chr1_230431024","rs34995092","G",0.239418,"A","ACATA",0.6,0.2,0,0.2
"chr7_102100616","rs6961234","A",0.351852,"G","AAATA",0.8,0.2,0,0
"chr9_21096166","rs11792457","A",0.263228,"G","GGGTT",0,0.4,0.6,0
"chrX_118533423","rs5957164","C",0.0949914,"T","GCTGG",0,0.2,0.6,0.2
"chr4_88993955","rs116237853","G",0.026455,"C","GTCAA",0.4,0.2,0.2,0.2
"chr9_96829678","rs10993041","A",0.457672,"T","AAAAA",1,0,0,0
"chr1_1548801","rs9442430","T",0.30291,"C","TCTGC",0,0.4,0.2,0.4
"chr6_92521427","rs2501643","C",0.222222,"G","CAGTG",0.2,0.2,0.4,0.2
"chr12_14266345","rs34379709","T",0.280423,"C","TTCTA",0.2,0.6,0,0.2
"chr18_46097596","rs1963097","T",0.189153,"A","ACTGG",0.2,0.2,0.4,0.2
"chr22_22335125","rs5756324","C",0.277778,"T","CCTGT",0,0.4,0.2,0.4
"chr17_18039263","rs854785","T",0.388889,"A","GCATG",0.2,0.2,0.4,0.2
"chr7_12268914","rs13233991","T",0.0806878,"C","TTCTT",0,0.8,0,0.2
"chr10_102264004","rs12780796","C",0.271164,"T","CTTTT",0,0.8,0,0.2
"chr4_42707787","rs1870613","A",0.0383598,"C","AGCGA",0.4,0,0.4,0.2
"chr2_179538048","rs115575404","T",0.010582,"C","CACTT",0.2,0.4,0,0.4
"chr5_129116530","rs1078048","C",0.465608,"G","ACCAC",0.4,0,0,0.6
"chr4_99486216","rs79669446","C",0.00793651,"T","CTTTC",0,0.6,0,0.4
"chr12_28359463","rs1824768","T",0.316138,"C","CTCCT",0,0.4,0,0.6
"chr20_11771438","rs6078341","G",0.283069,"A","TTATT",0.2,0.8,0,0
"chr3_185633136","rs4686710","C",0.166667,"T","TATTG",0.2,0.6,0.2,0
"chr17_10102224","rs57846964","C",0.421958,"A","GGCGA",0.2,0,0.6,0.2
"chr5_122293026","rs30069","A",0.308201,"G","ATATG",0.4,0.4,0.2,0
"chr17_46072710","rs77563750","A",0.0621693,"G","GCGGG",0,0,0.8,0.2
"chr6_26376368","rs28551159","G",0.107143,"A","GGAAG",0.4,0,0.6,0
"chr7_95511825","rs2375056","A",0.246032,"T","TAAAT",0.6,0.4,0,0
"chr2_238602774","rs11887501","C",0.00132275,"T","TTTGG",0,0.6,0.4,0
"chr14_74030518","rs2336136","T",0.287037,"A","AATAA",0.8,0.2,0,0
"chr13_48449284","rs12429341","A",0.0304233,"G","GAGAC",0.4,0,0.4,0.2
"chr17_46197442","rs11654292","C",0.113757,"T","CATGT",0.2,0.4,0.2,0.2
"chr19_10592587","rs113296289","A",0.00132275,"C","AGCGA",0.4,0,0.4,0.2
"chr12_64268268","rs7953487","T",0.0925926,"C","AGCAA",0.6,0,0.2,0.2
"chr6_170366621","rs74742580","A",0.042328,"G","CAGGG",0.2,0,0.6,0.2
"chr17_3566857","rs11541134","C",0.107143,"T","GCCGG",0,0,0.6,0.4
"chr1_10953834","rs11121647","A",0.414021,"C","GGCGC",0,0,0.6,0.4
"chr2_119319865","rs56255732","A",0.0793651,"G","CCGCC",0,0,0.2,0.8
"chr12_93921556","rs61333282","T",0.145503,"C","CTCAG",0.2,0.2,0.2,0.4
"chr2_114905978","rs17048158","T",0.119048,"A","TAACA",0.6,0.2,0,0.2
"chr1_10519090","rs7537164","C",0.0687831,"T","TTCAG",0.2,0.4,0.2,0.2
"chr10_80666690","rs2559794","A",0.410053,"C","TGCAA",0.4,0.2,0.2,0.2
"chr16_2014283","rs2286466","A",0.191799,"G","ATAGG",0.4,0.2,0.4,0
"chr5_59701333","rs10514896","G",0.0939153,"A","CCATT",0.2,0.4,0,0.4
"chr1_71005694","rs11209633","C",0.230159,"G","AAGGA",0.6,0,0.4,0
"chr16_22871605","rs62049081","A",0.0833333,"G","TAGGG",0.2,0.2,0.6,0
"chr8_87345066","rs2953507","C",0.232804,"T","CATTT",0.2,0.6,0,0.2
"chr9_123971612","rs10739592","G",0.469577,"A","TCAGA",0.4,0.2,0.2,0.2
"chr21_28283497","rs162517","T",0.431217,"C","GATTG",0.2,0.4,0.4,0
"chr6_32543803","rs35712293","T",0.0529101,"C","AACCC",0.4,0,0,0.6
"chr10_47646032","rs11259765","G",0.267196,"A","TTGAC",0.2,0.4,0.2,0.2
"chr18_6615533","rs6506413","A",0.136243,"G","GCGCC",0,0,0.4,0.6
"chr4_178363378","rs11131799","G",0.363757,"A","CCGCC",0,0,0.2,0.8
"chr9_15452379","rs7034447","C",0.0820106,"T","CGCGA",0.2,0,0.4,0.4
"chr3_7904339",".","G",0.198413,"C","TACGC",0.2,0.2,0.2,0.4
"chr2_12447646","rs1963485","A",0.0674603,"T","AAAAA",1,0,0,0
"chr13_36945310","rs7327376","G",0.195767,"A","CTATG",0.2,0.4,0.2,0.2
"chr21_40296213",".","C",0.402116,"G","ATGGA",0.4,0.2,0.4,0
"chr12_54881172","rs11170935","C",0.294974,"G","GAGCC",0.2,0,0.4,0.4
"chr5_8765953","rs34963449","C",0.32672,"G","AGGGC",0.2,0,0.6,0.2
"chr19_59085045","rs55987239","A",0.206349,"G","CGGAG",0.2,0,0.6,0.2
"chr17_47026732","rs71379312","A",0.00925926,"G","GCGCA",0.2,0,0.4,0.4
"chr15_95298770","rs111928311","A",0.134921,"G","CCGTT",0,0.4,0.2,0.4
"chr12_127965222","rs182327556","A",0.17328,"C","ATCTT",0.2,0.6,0,0.2
"chr6_27451419","rs6918792","G",0.0780423,"A","AAAAA",1,0,0,0
"chr8_68358433","rs7460207","G",0.178571,"A","GCAGA",0.4,0,0.4,0.2
"chr17_80369128","rs9916119","A",0.337302,"G","TTGCC",0,0.4,0.2,0.4
"chr1_103337068","rs1241206","G",0.214286,"A","ACACA",0.6,0,0,0.4
"chr3_31202693","rs1683756","T",0.18254,"G","GGGAA",0.4,0,0.6,0
"chr1_113076756","rs12728001","C",0.497354,"T","AGTAT",0.4,0.4,0.2,0
"chr15_101706714","rs1807833","T",0.462963,"C","GCCCC",0,0,0.2,0.8
"chr13_106512432","rs2985235","A",0.187831,"C","GACGT",0.2,0.2,0.4,0.2
"chr18_50728987","rs11662175","C",0.465608,"T","AATGT",0.4,0.4,0.2,0
"chr18_47867552","rs77224486","T",0.015873,"A","TAAAA",0.8,0.2,0,0
"chr13_101275126","rs1051518","A",0.392857,"G","TCGTC",0,0.4,0.2,0.4
"chr6_25026524","rs10806997","G",0.444444,"T","AGGTA",0.4,0.2,0.4,0
"chr20_18010873","rs6045150","G",0.117725,"A","CCATG",0.2,0.2,0.2,0.4
"chr8_17704148","rs850841","T",0.210317,"C","CCTAA",0.4,0.2,0,0.4
"chr1_167849327","rs203848","A",0.0899471,"G","AAGCT",0.4,0.2,0.2,0.2
"chr6_33890342","rs2499768","A",0.335979,"T","GCATC",0.2,0.2,0.2,0.4
"chr11_65709650","rs76759473","G",0.0820106,"T","TATTT",0.2,0.8,0,0
"chr1_201575396","rs648553","A",0.111111,"G","GCGAA",0.4,0,0.4,0.2
"chr3_5246166","rs13085849","T",0.134921,"C","TCCCT",0,0.4,0,0.6
"chr16_30015337","rs4787491","A",0.472222,"G","GTAAG",0.4,0.2,0.4,0
"chr12_129446001","rs558537","G",0.375661,"A","ATATG",0.4,0.4,0.2,0
"chr5_174000906","rs11747767","A",0.40873,"G","ACGCA",0.4,0,0.2,0.4
"chr8_22477807","rs1545837","C",0.365079,"T","TTTCC",0,0.6,0,0.4
"chr1_153070024","rs61811907","C",0.026455,"T","GATTA",0.4,0.4,0.2,0
"chr3_158290565","rs62287933","A",0.473545,"G","GCAGT",0.2,0.2,0.4,0.2
"chr3_150027309","rs1450334","T",0.214286,"C","TGCTT",0,0.6,0.2,0.2
"chr1_109635100","rs565351","T",0.0820106,"C","CACTA",0.4,0.2,0,0.4
"chr1_28839427","rs2515638","C",0.35582,"G","GCGTC",0,0.2,0.4,0.4
"chr20_1358751","rs60669872","T",0.124339,"C","CCCAC",0.2,0,0,0.8
"chr19_28327167","rs7256910","A",0.193122,"G","GAAAG",0.6,0,0.4,0
"chr11_130668920","rs10894250","C",0.324074,"G","AGGAC",0.4,0,0.4,0.2
"chr11_117935840","rs670294","G",0.154762,"T","CGTCC",0,0.2,0.2,0.6
"chr5_66705182","rs32024","T",0.478836,"C","GATAT",0.4,0.4,0.2,0
"chr17_25358274","rs112487985","C",0.047619,"T","TATAG",0.4,0.4,0.2,0
"chr14_83631377","rs17118104","G",0.00132275,"A","ACAGG",0.4,0,0.4,0.2
"chr17_42132753","rs72822650","C",0.107143,"G","CAGGC",0.2,0,0.4,0.4
"chr16_57565774","rs4784817","T",0.322751,"C","ACCTT",0.2,0.4,0,0.4
"chr7_158161905","rs12111929","T",0.161376,"C","CTTGT",0,0.6,0.2,0.2
"chr11_44473473","rs10838289","G",0.358466,"A","TCAGC",0.2,0.2,0.2,0.4
"chr6_56290289","rs608383","A",0.412698,"G","CTGCT",0,0.4,0.2,0.4
"chr2_106444854","rs6736932","G",0.362434,"A","TAATG",0.4,0.4,0.2,0
"chr15_34045372","rs1560319","C",0.329365,"G","GTCTT",0,0.6,0.2,0.2
"chr4_189064873","rs72725001","T",0.0793651,"C","CTCAT",0.2,0.4,0,0.4
"chr3_47994149","rs137940588","T",0.0701058,"A","TTAAA",0.6,0.4,0,0
"chr1_63228442","rs10889374","A",0.437831,"T","CTAAG",0.4,0.2,0.2,0.2
"chrX_25905644","rs5943813","T",0.34715,"C","GTCGT",0,0.4,0.4,0.2
"chr7_76207594","rs140080401","T",0.291005,"C","ATCAG",0.4,0.2,0.2,0.2
"chr10_75661162","rs9971040","G",0.453704,"C","AAGAT",0.6,0.2,0.2,0
"chr2_86192581","rs144927887","T",0.0357143,"A","AGAGC",0.4,0,0.4,0.2
"chr1_246831356","rs8344","A",0.219577,"G","GTGAG",0.2,0.2,0.6,0
"chr1_179337190","rs16854006","T",0.0529101,"C","ATCAA",0.6,0.2,0,0.2
"chr8_142136963","rs7815457","C",0.443122,"G","GCGCC",0,0,0.4,0.6
"chr14_21735234","rs35141059","A",0.280423,"G","GCGAC",0.2,0,0.4,0.4
"chr1_1458390","rs180735117","A",0.00925926,"G","ACGGG",0.2,0,0.6,0.2
"chr4_100236762","rs1693457","C",0.154762,"T","ATCGT",0.2,0.4,0.2,0.2
"chr2_228072092","rs6718536","T",0.343915,"C","CACTT",0.2,0.4,0,0.4
"chr8_40241119","rs78393734","G",0.195767,"A","ACAAG",0.6,0,0.2,0.2
"chr3_16368846","rs690085","T",0.390212,"C","CACAT",0.4,0.2,0,0.4
"chr22_25459387","rs9306405","A",0.375661,"G","ACGGA",0.4,0,0.4,0.2
"chr7_156763248","rs12698010","C",0.46164,"T","CACGC",0.2,0,0.2,0.6
"chr2_140848660","rs10198679","G",0.157407,"C","CCGCT",0,0.2,0.2,0.6
"chr10_94597528","rs4933240","T",0.291005,"C","CCCGG",0,0,0.4,0.6
"chr9_135748445","rs139908251","A",0.0396825,"C","GCCCA",0.2,0,0.2,0.6
"chr11_11182230","rs12276646","A",0.14418,"G","AAGCC",0.4,0,0.2,0.4
"chr12_102541667","rs76825149","G",0.201058,"A","CAATA",0.6,0.2,0,0.2
"chr11_77502519",".","C",0.0965608,"A","TTATG",0.2,0.6,0.2,0
"chr19_46136617","rs16979954","C",0.37963,"G","CAGGT",0.2,0.2,0.4,0.2
"chr12_49176582","rs3730064","A",0.0687831,"G","TAGCT",0.2,0.4,0.2,0.2
"chr2_242703183","rs6740752","G",0.497354,"A","ACACC",0.4,0,0,0.6
"chr13_25436257","rs9507423","C",0.486772,"T","GGTTC",0,0.4,0.4,0.2
"chr9_138959405","rs12682934","T",0.113757,"C","GCCGG",0,0,0.6,0.4
"chr18_59248493","rs57003709","T",0.26455,"C","GGCGT",0,0.2,0.6,0.2
"chr13_27755426","rs9319346","C",0.0912698,"T","CCCGG",0,0,0.4,0.6
"chr17_64890122","rs874369","A",0.363757,"G","TGGCA",0.2,0.2,0.4,0.2
"chr3_195331273","rs1522234","G",0.207672,"T","TGTGT",0,0.6,0.4,0
"chr16_2725256","rs11648529","G",0.39418,"A","TCACC",0.2,0.2,0,0.6
"chr10_118057802","rs79081072","C",0.280423,"T","TATTG",0.2,0.6,0.2,0
"chr1_43407280","rs72678353","A",0.0251323,"G","TCGAA",0.4,0.2,0.2,0.2
"chr7_7454374","rs6953394","C",0.103175,"G","GAGTG",0.2,0.2,0.6,0
"chr13_80905520","rs9565568","T",0.031746,"C","AGCCT",0.2,0.2,0.2,0.4
"chr3_59964805","rs2736794","G",0.230159,"A","ACATT",0.4,0.4,0,0.2
"chr5_122204772","rs27740","A",0.417989,"T","TTAAA",0.6,0.4,0,0
"chr10_135381574","rs148528483","A",0.0277778,"G","ATGTG",0.2,0.4,0.4,0
"chr22_42243618","rs7288536","C",0.46164,"T","GCTAA",0.4,0.2,0.2,0.2
"chr12_58027081","rs774899","T",0.231481,"C","CTCCA",0.2,0.2,0,0.6
"chr6_51987896","rs9382070","T",0.411376,"C","ACCGA",0.4,0,0.2,0.4
"chr19_36274488","rs231222","C",0.376984,"T","GCTGC",0,0.2,0.4,0.4
"chr15_83363938","rs12442686","A",0.419312,"G","CCACC",0.2,0,0,0.8
"chr9_14611648","rs17214565","A",0.140212,"G","GAGCC",0.2,0,0.4,0.4
"chr19_47769120","rs7248282","T",0.398148,"C","TACTT",0.2,0.6,0,0.2
"chr2_18063035","rs6531064","T",0.328042,"G","CGGAC",0.2,0,0.4,0.4
"chr7_42373185","rs1072099","C",0.42328,"G","GCGTT",0,0.4,0.4,0.2
"chr14_99331856","rs61981290","T",0.177249,"C","ATCGG",0.2,0.2,0.4,0.2
"chr9_90400734","rs7035272","T",0.183862,"C","AACAG",0.6,0,0.2,0.2
"chr13_53179080","rs60623593","A",0.0410053,"G","AGGGT",0.2,0.2,0.6,0
"chr1_173744660","rs72709402","T",0.0449735,"C","ATCAG",0.4,0.2,0.2,0.2
"chr16_28489346","rs34839","C",0.407407,"T","TGTGG",0,0.4,0.6,0
"chr21_23097653","rs2826970","T",0.460317,"C","CATAC",0.4,0.2,0,0.4
"chr6_32452170","rs73731403","C",0.103175,"G","CCGGG",0,0,0.6,0.4
"chr20_44551855","rs6073958","C",0.216931,"T","ATTCA",0.4,0.4,0,0.2
"chr19_14468835","rs12973016","A",0.466931,"G","GTGCA",0.2,0.2,0.4,0.2
"chr1_101701432","rs12407294","C",0.353175,"T","AGTAG",0.4,0.2,0.4,0
"chr10_129349925","rs995202","C",0.126984,"A","GCATT",0.2,0.4,0.2,0.2
"chr8_121091489","rs10095303","T",0.392857,"C","GCCGA",0.2,0,0.4,0.4
"chr6_34592090","rs6907508","G",0.107143,"A","CTAAT",0.4,0.4,0,0.2
"chr17_15928600","rs2301651","C",0.46164,"G","TGGTC",0,0.4,0.4,0.2
"chr3_69152593","rs7650936","G",0.494709,"C","GACAA",0.6,0,0.2,0.2
"chr10_100907402","rs2805376","C",0.0767196,"T","TGCCC",0,0.2,0.2,0.6
"chr13_34645215","rs79888867","A",0.0383598,"G","TAGCT",0.2,0.4,0.2,0.2
"chr3_64570688","rs4530517","G",0.469577,"A","GTAAT",0.4,0.4,0.2,0
"chr7_110827677","rs6979545","G",0.218254,"A","ACGTT",0.2,0.4,0.2,0.2
"chr12_49498751","rs2279596","A",0.337302,"G","GCGCC",0,0,0.4,0.6
"chr11_6618548","rs11040930","A",0.493386,"G","TGGAA",0.4,0.2,0.4,0
"chr17_51039322","rs34486714","G",0.154762,"C","CTCCG",0,0.2,0.2,0.6
"chr17_58176790","rs7226234","A",0.100529,"G","ACGCA",0.4,0,0.2,0.4
"chr12_32222401","rs10844107","C",0.271164,"T","TCTTG",0,0.6,0.2,0.2
"chr10_106745756","rs73351631","A",0.0687831,"G","TCGTC",0,0.4,0.2,0.4
"chr18_64904271","rs7232857","C",0.424603,"T","GGTCA",0.2,0.2,0.4,0.2
"chr17_56484131","rs6503862","A",0.28836,"T","TTAAA",0.6,0.4,0,0
"chr18_61117765","rs28420690","C",0.00793651,"A","TGACC",0.2,0.2,0.2,0.4
"chr6_167913877","rs6916849","G",0.310847,"A","GCAGA",0.4,0,0.4,0.2
"chr1_204521577","rs12119098","G",0.390212,"A","CAGAT",0.4,0.2,0.2,0.2
"chr5_116546046","rs1494818","C",0.353175,"G","ATGTA",0.4,0.4,0.2,0
"chr9_78981413","rs7862262","G",0.465608,"C","AAGAA",0.8,0,0.2,0
"chr12_114256137","rs7970186","C",0.384921,"T","TTTGG",0,0.6,0.4,0
"chr1_68891974","rs9436400","C",0.335979,"T","CTTGA",0.2,0.4,0.2,0.2
"chr3_45789972","rs11713933","G",0.238095,"T","TGTGC",0,0.4,0.4,0.2
"chr18_12915448","rs71353230","A",0.187831,"G","AGGCT",0.2,0.2,0.4,0.2
"chr8_14475521","rs9643920","T",0.320106,"C","TCCAT",0.2,0.4,0,0.4
"chr9_96910958","rs10993070","G",0.380952,"A","ACGGT",0.2,0.2,0.4,0.2
"chr13_34747596","rs12323064","T",0.482804,"A","CGAGG",0.2,0,0.6,0.2
"chr17_38814204","rs67138687","A",0.474868,"G","ATAAA",0.8,0.2,0,0
"chr6_110475442","rs73535837","T",0.107143,"C","TACAA",0.6,0.2,0,0.2
"chr5_174629554","rs7447943","A",0.0674603,"G","CCGTT",0,0.4,0.2,0.4
"chr7_20298559","rs6968652","A",0.37037,"T","TGTCC",0,0.4,0.2,0.4
"chr11_47566352","rs7928842","C",0.417989,"T","ACTAA",0.6,0.2,0,0.2
"chr6_44693099","rs60328783","G",0.339947,"C","GGCCT",0,0.2,0.4,0.4
"chr17_50109204","rs75331976","G",0.0687831,"A","TAAAA",0.8,0.2,0,0
"chr18_24445433","rs3875089","C",0.166667,"T","CATCC",0.2,0.2,0,0.6
"chr2_10581757","rs1804032","G",0.0026455,"A","TCAGG",0.2,0.2,0.4,0.2
"chr5_53518775","rs77304245","A",0.0119048,"G","CCGAG",0.2,0,0.4,0.4
"chr6_32603487","rs3104367","T",0.429894,"C","TTTAT",0.2,0.8,0,0
"chr11_41995148","rs2713811","C",0.191799,"T","AACAG",0.6,0,0.2,0.2
"chr6_43462266","rs78937406","T",0.0291005,"C","TACAG",0.4,0.2,0.2,0.2
"chr11_6236541","rs79724927","G",0.0462963,"A","GCATT",0.2,0.4,0.2,0.2
"chr13_113249636","rs9603911","A",0.0952381,"C","CCCAG",0.2,0,0.2,0.6
"chr1_239798866","rs10429917","C",0.0674603,"G","CTGGA",0.2,0.2,0.4,0.2
"chr2_129050780","rs35473853","T",0.136243,"C","ACCGC",0.2,0,0.2,0.6
"chr12_112839668","rs35778960","C",0.100529,"A","AAAAA",1,0,0,0
"chr6_152441587","rs2813550","C",0.224868,"A","GGCGA",0.2,0,0.6,0.2
"chr13_99404761","rs4646207","C",0.465608,"T","CCCTT",0,0.4,0,0.6
"chr9_98615171","rs10739622","C",0.31746,"T","AATGG",0.4,0.2,0.4,0
"chr6_51694506","rs9463724","T",0.390212,"A","TAAGA",0.6,0.2,0.2,0
"chr16_10618910","rs2062892","G",0.460317,"C","TGGCC",0,0.2,0.4,0.4
"chr2_96914252","rs114226629","C",0.0343915,"T","AATGA",0.6,0.2,0.2,0
"chr17_76925985","rs9915681","C",0.42328,"T","CGTCT",0,0.4,0.2,0.4
"chrX_111367905","rs34726407","C",0.0794473,"G","GGGGG",0,0,1,0
"chr14_58609567","rs28565443","C",0.0608466,"T","GCTCC",0,0.2,0.2,0.6
"chr5_57456038","rs2860439","A",0.100529,"G","CGATT",0.2,0.4,0.2,0.2
"chr5_94765738","rs73778838","G",0.103175,"A","CAATA",0.6,0.2,0,0.2
"chr20_8000386","rs2205783","G",0.460317,"A","CTAGC",0.2,0.2,0.2,0.4
"chr8_96393714","rs9297957","C",0.44709,"G","CTCTT",0,0.6,0,0.4
"chr12_6747295","rs1045553","G",0.219577,"A","CCGTG",0,0.2,0.4,0.4
"chr5_33460949","rs58771215","G",0.121693,"A","ATAGC",0.4,0.2,0.2,0.2
"chr5_26019665","rs10062390","T",0.384921,"C","GCCAT",0.2,0.2,0.2,0.4
"chr16_2479061","rs59129256","C",0.359788,"T","GCCGG",0,0,0.6,0.4
"chr13_37958903","rs9547831","A",0.308201,"G","TGGTT",0,0.6,0.4,0
"chr17_55170296","rs4794698","C",0.140212,"T","CCTGC",0,0.2,0.2,0.6
"chr2_169739898","rs475467","C",0.161376,"T","TACGT",0.2,0.4,0.2,0.2
"chr1_105604428","rs186347608","G",0.0912698,"C","ATCCC",0.2,0.2,0,0.6
"chr12_115162753","rs11067263","A",0.0436508,"G","AGGTT",0.2,0.4,0.4,0
"chr19_9009851","rs75371087","T",0.231481,"C","GACAG",0.4,0,0.4,0.2
"chr6_97639725","rs17057490","T",0.037037,"C","GGCAT",0.2,0.2,0.4,0.2
"chr7_143806688","rs10230228","A",0.157407,"C","ACCAG",0.4,0,0.2,0.4
"chr20_45821198","rs6012131","A",0.496032,"G","ACAGG",0.4,0,0.4,0.2
"chr3_169547573","rs9838444","G",0.395503,"A","AAACC",0.6,0,0,0.4
"chr9_90172939","rs57813441","A",0.149471,"T","GATGT",0.2,0.4,0.4,0
"chr13_67798250","rs1015870","C",0.15873,"T","AACTA",0.6,0.2,0,0.2
"chr20_6948587","rs6085781","G",0.375661,"A","AGGCT",0.2,0.2,0.4,0.2
"chr5_151040266","rs6898815","G",0.473545,"C","ACCCT",0.2,0.2,0,0.6
"chr3_194219039","rs4292184","T",0.490741,"G","CATGT",0.2,0.4,0.2,0.2
"chr7_65658720","rs140899147","C",0.0806878,"T","TTTCT",0,0.8,0,0.2
"chr3_100062207","rs372438","T",0.0396825,"C","CACCA",0.4,0,0,0.6
"chr20_18280256","rs55820643","T",0.0701058,"C","ACCTC",0.2,0.2,0,0.6
"chr1_233528355","rs1294183","T",0.27381,"C","CTCCT",0,0.4,0,0.6
"chr8_26489225","rs4733033","C",0.420635,"T","CCCCT",0,0.2,0,0.8
"chr9_131876908","rs2541164","A",0.271164,"G","ACGAG",0.4,0,0.4,0.2
"chr1_35636227","rs11264110","G",0.0925926,"A","GTGAG",0.2,0.2,0.6,0
"chr3_33847272","rs6771806","A",0.203704,"G","TCGGT",0,0.4,0.4,0.2
"chr16_85712105","rs3815795","T",0.287037,"C","TGCGG",0,0.2,0.6,0.2
"chr18_64099171","rs4520936","T",0.293651,"C","TCCTT",0,0.6,0,0.4
"chr15_85726737","rs4635318","C",0.449735,"A","ACCTT",0.2,0.4,0,0.4
"chr14_73418095","rs137901416","A",0.109788,"G","GCGGA",0.2,0,0.6,0.2
"chr14_60612714","rs381172","T",0.134921,"C","GACGC",0.2,0,0.4,0.4
"chr2_172743695","rs12692979","A",0.126984,"C","TTATT",0.2,0.8,0,0
"chr19_17534076","rs112026174","C",0.0132275,"G","AGGAG",0.4,0,0.6,0
"chr2_159314506","rs71421076","T",0.0780423,"C","CTCTC",0,0.4,0,0.6
"chr9_25487360","rs7024522","A",0.481481,"G","ACGTG",0.2,0.2,0.4,0.2
"chr14_58678057","rs17832891","A",0.0489418,"G","ACGCT",0.2,0.2,0.2,0.4
"chrX_13659255","rs4615757","C",0.471503,"T","TATGG",0.2,0.4,0.4,0
"chr17_21255409","rs9908648","G",0.324074,"A","GCACT",0.2,0.2,0.2,0.4
"chr11_118937444","rs4454730","A",0.34127,"G","CTGCA",0.2,0.2,0.2,0.4
"chr4_187414529","rs35924119","A",0.256614,"G","AAGTA",0.6,0.2,0.2,0
"chrX_102565894","rs2756056","A",0.169257,"C","TTCTG",0,0.6,0.2,0.2
"chrX_78183511","rs67393834","A",0.108808,"G","TCGTT",0,0.6,0.2,0.2
"chr2_41748652","rs1508136","A",0.244709,"G","GTGAA",0.4,0.2,0.4,0
"chr16_77774919","rs75165142","A",0.0793651,"G","TAGTA",0.4,0.4,0.2,0
"chr2_217273196","rs10183193","T",0.367725,"C","TTCCA",0.2,0.4,0,0.4
"chr11_107846917","rs6588992","G",0.257937,"A","CCGGG",0,0,0.6,0.4
"chr8_5019056","rs6993346","G",0.174603,"A","TTGAG",0.2,0.4,0.4,0
"chr15_100349699","rs11854556","A",0.301587,"C","CACTG",0.2,0.2,0.2,0.4
"chr3_64454125","rs13315778","A",0.0277778,"G","AGGGG",0.2,0,0.8,0
"chr12_21645233","rs7310464","A",0.136243,"G","TTGTA",0.2,0.6,0.2,0
"chr3_169535266","rs6793160","T",0.406085,"G","CTGCT",0,0.4,0.2,0.4
"chr1_221994043","rs3003892","T",0.210317,"G","ACTAT",0.4,0.4,0,0.2
"chr7_138330717","rs148601514","T",0.0119048,"C","CACGC",0.2,0,0.2,0.6
"chr3_149503999","rs13068007","C",0.141534,"T","TACTT",0.2,0.6,0,0.2
"chr10_131295111","rs1807213","T",0.284392,"A","TAATT",0.4,0.6,0,0
"chr6_164814693","rs9456959","T",0.324074,"C","TCCTT",0,0.6,0,0.4
"chr3_193235622","rs11705919","T",0.156085,"G","TGGAC",0.2,0.2,0.4,0.2
"chr1_164842699","rs35061936","G",0.425926,"A","TCATG",0.2,0.4,0.2,0.2
"chr7_17545963","rs7803349","T",0.421958,"C","CACGG",0.2,0,0.4,0.4
"chr3_8668240","rs62242358","A",0.5,"C","CCACC",0.2,0,0,0.8
"chr15_93779816","rs1483320","G",0.328042,"T","TCGCC",0,0.2,0.2,0.6
"chr16_282772","rs79966048","G",0.48545,"A","GCAGG",0.2,0,0.6,0.2
"chr9_68442111","rs147193571","C",0.0502646,"T","AATGA",0.6,0.2,0.2,0
"chr1_245000664","rs10927332","T",0.189153,"C","TGCGG",0,0.2,0.6,0.2
"chr17_59331307","rs7207781","C",0.0793651,"A","TAATT",0.4,0.6,0,0
"chr15_80696379","rs8042930","A",0.193122,"T","AAAGC",0.6,0,0.2,0.2
"chr22_32707776","rs9609504","T",0.382275,"C","GGCGG",0,0,0.8,0.2
"chr21_19179885","rs73315646","C",0.0542328,"T","GATAG",0.4,0.2,0.4,0
"chr12_52974306","rs34155853","A",0.125661,"G","TGGGG",0,0.2,0.8,0
"chr11_134235924","rs4937879","A",0.312169,"G","AGACA",0.6,0,0.2,0.2
"chr4_56217015","rs36110240","T",0.150794,"C","TCCAC",0.2,0.2,0,0.6
"chr3_15103056","rs71308120","G",0.232804,"A","GCATG",0.2,0.2,0.4,0.2
"chr1_76921583","rs6700771","C",0.354497,"T","TACTT",0.2,0.6,0,0.2
"chr10_81039888","rs4980057","A",0.0198413,"G","AGGCA",0.4,0,0.4,0.2
"chr2_38916906","rs11687518","C",0.305556,"T","TATAT",0.4,0.6,0,0
"chr7_100864844","rs75949481","T",0.0357143,"G","AGGTT",0.2,0.4,0.4,0
"chr10_19340259","rs10826890","A",0.359788,"C","ACATT",0.4,0.4,0,0.2
"chr14_20828484","rs2781366","T",0.488095,"C","CCTGG",0,0.2,0.4,0.4
"chr17_36072733","rs79587977","T",0.0462963,"C","CCCTC",0,0.2,0,0.8
"chr9_1846465","rs34146704","A",0.121693,"G","TTGTT",0,0.8,0.2,0
"chr4_41814808","rs34365229","T",0.321429,"G","ATGCC",0.2,0.2,0.2,0.4
"chr17_3457878","rs322966","T",0.330688,"C","CCTAG",0.2,0.2,0.2,0.4
"chr2_114425685","rs11682527","T",0.351852,"G","TGGGA",0.2,0.2,0.6,0
"chr9_132197754","rs10988377","C",0.338624,"A","ACAGC",0.4,0,0.2,0.4
"chr22_24265659","rs4822458","C",0.424603,"T","TACCA",0.4,0.2,0,0.4
"chr19_21932574","rs12972593","G",0.424603,"C","TTGAA",0.4,0.4,0.2,0
"chr6_29660660",".","A",0.0582011,"G","TCGGC",0,0.2,0.4,0.4
"chr12_9398206","rs12579180","G",0.346561,"A","AAATT",0.6,0.4,0,0
"chr8_144365114","rs7387459","C",0.488095,"T","ACTAG",0.4,0.2,0.2,0.2
"chr2_136974257","rs1519529","G",0.22619,"C","GCCAG",0.2,0,0.4,0.4
"chr16_50780552","rs9940175","T",0.417989,"C","TACCA",0.4,0.2,0,0.4
"chr2_213780493","rs114692015","C",0.0291005,"T","AGTGA",0.4,0.2,0.4,0
"chr21_37349849","rs2835202","C",0.171958,"A","CTAGG",0.2,0.2,0.4,0.2
"chr11_134899605","rs7944401","A",0.117725,"C","TCCAA",0.4,0.2,0,0.4
"chr7_47056284","rs6957879","C",0.440476,"T","GGTGC",0,0.2,0.6,0.2
"chr2_79224717","rs1666770","G",0.313492,"T","AAGCA",0.6,0,0.2,0.2
"chr6_166667434","rs9356458","A",0.416667,"G","CCGGG",0,0,0.6,0.4
"chr2_185060124","rs13016522","G",0.466931,"T","AAGGT",0.4,0.2,0.4,0
"chr14_22727829","rs10133524","A",0.0833333,"T","TATTG",0.2,0.6,0.2,0
"chr17_7307950","rs114576150","G",0.101852,"T","TATTC",0.2,0.6,0,0.2
"chrX_38191149","rs73194285","C",0.0639033,"T","GATAT",0.4,0.4,0.2,0
"chr17_7043267","rs75949298","G",0.00661376,"A","GGAGG",0.2,0,0.8,0
"chr3_141281230","rs13085340","G",0.362434,"C","GCGCA",0.2,0,0.4,0.4
"chr4_160554434","rs6536449","C",0.478836,"T","GACGA",0.4,0,0.4,0.2
"chr17_9825466","rs11869143","A",0.421958,"G","GAGAT",0.4,0.2,0.4,0
"chr3_195951027","rs73212130","C",0.275132,"G","TAGCC",0.2,0.2,0.2,0.4
"chr6_145913821","rs9322030","A",0.37963,"G","TGGGA",0.2,0.2,0.6,0
"chr2_29048758","rs6718662","G",0.429894,"C","ACGAC",0.4,0,0.2,0.4
"chr8_65228207","rs11998088","T",0.104497,"C","TGCAT",0.2,0.4,0.2,0.2
"chr19_6752434","rs1054060","C",0.171958,"T","GGTCA",0.2,0.2,0.4,0.2
"chr18_44428933","rs10468986","C",0.42328,"A","CAAAA",0.8,0,0,0.2
"chr9_38620024","rs1815550","C",0.296296,"A","GCAGG",0.2,0,0.6,0.2
"chr9_79861259","rs62573193","T",0.198413,"A","GTATT",0.2,0.6,0.2,0
"chr5_140563853","rs111302655","C",0.0899471,"T","ACTGA",0.4,0.2,0.2,0.2
"chr2_157975384","rs138346569","T",0.0224868,"C","GCCAG",0.2,0,0.4,0.4
"chr13_106641122","rs2476743","T",0.227513,"C","TGCGA",0.2,0.2,0.4,0.2
"chr5_38144274","rs3936162","G",0.425926,"A","AGGCA",0.4,0,0.4,0.2
"chr12_79253572","rs10778259","T",0.458995,"C","AGTCT",0.2,0.4,0.2,0.2
"chr11_104952283","rs531589","T",0.330688,"C","CACAG",0.4,0,0.2,0.4
"chr16_88809686","rs9927855","T",0.337302,"C","CTTCA",0.2,0.4,0,0.4
"chr17_15883967","rs4239134","T",0.47619,"C","GGTGT",0,0.4,0.6,0
"chr1_1004181","rs55746161","C",0.395503,"A","TGCAG",0.2,0.2,0.4,0.2
"chr3_102051323","rs9819718","T",0.238095,"C","AGCTG",0.2,0.2,0.4,0.2
"chr2_210846867","rs2723222","A",0.486772,"G","ATAGT",0.4,0.4,0.2,0
"chr7_74360784","rs1637366","G",0.275132,"C","GACAT",0.4,0.2,0.2,0.2
"chr7_19109966","rs4610631","G",0.0383598,"A","CTACT",0.2,0.4,0,0.4
"chr11_67011765","rs12288048","G",0.0462963,"A","GCAAA",0.6,0,0.2,0.2
"chr18_68127317","rs4891406","C",0.470899,"T","GACGG",0.2,0,0.6,0.2
"chr19_58116929","rs9676996","C",0.167989,"A","CCACA",0.4,0,0,0.6
"chr11_326317","rs10902124","G",0.428571,"C","AGCAG",0.4,0,0.4,0.2
"chr14_21046812","rs6576284","A",0.293651,"G","TCGGC",0,0.2,0.4,0.4
"chr19_17138772","rs6512159","G",0.497354,"A","GAGCA",0.4,0,0.4,0.2
"chr13_85761116","rs9566046","A",0.12963,"C","TACTT",0.2,0.6,0,0.2
"chr3_195288774","rs13302961","G",0.375661,"A","GCGCG",0,0,0.6,0.4
"chr2_25707680","rs79386975","G",0.0859788,"C","TTCAG",0.2,0.4,0.2,0.2
"chr2_133628788","rs57178398","T",0.0489418,"C","AGCAT",0.4,0.2,0.2,0.2
"chrX_107528035","rs146006239","A",0.00172712,"G","CCGAG",0.2,0,0.4,0.4
"chr3_44667286","rs10212378","G",0.420635,"C","TGCCA",0.2,0.2,0.2,0.4
"chr2_136743143","rs2278682","C",0.214286,"G","CTGGG",0,0.2,0.6,0.2
"chr4_156697784","rs2125799","C",0.403439,"T","AGTGC",0.2,0.2,0.4,0.2
"chr11_113192797","rs6589371","T",0.125661,"C","ACCAT",0.4,0.2,0,0.4
"chr9_34028111","rs12555719","C",0.0899471,"T","GGTTG",0,0.4,0.6,0
"chr2_427515","rs185488722","A",0.0873016,"T","GCTGG",0,0.2,0.6,0.2
"chr4_124946747",".","T",0.333333,"C","CACTT",0.2,0.4,0,0.4
"chr12_54509956","rs1872634","T",0.240741,"C","CACGT",0.2,0.2,0.2,0.4
"chr2_61971545","rs1186835","A",0.0621693,"C","GGCGC",0,0,0.6,0.4
"chr2_65661534","rs4671663","T",0.318783,"C","TGCTC",0,0.4,0.2,0.4
"chr16_87580778","rs17699223","T",0.247354,"C","GCCGA",0.2,0,0.4,0.4
"chr17_39069224","rs11654753","G",0.216931,"T","TATTG",0.2,0.6,0.2,0
"chr1_10508136","rs3828044","G",0.402116,"C","AACAT",0.6,0.2,0,0.2
"chr6_30942018","rs186574195","A",0.021164,"G","TCGCG",0,0.2,0.4,0.4
"chr8_59712363","rs1568952","T",0.347884,"C","GATGT",0.2,0.4,0.4,0
"chr12_1438320","rs113378090","T",0.164021,"C","GGCGT",0,0.2,0.6,0.2
"chr13_31914145","rs7989252","A",0.283069,"G","CCACA",0.4,0,0,0.6
"chr1_101243732","rs36065950","C",0.40873,"T","TATAT",0.4,0.6,0,0
"chr2_234708629","rs13018934","G",0.363757,"A","GCGTA",0.2,0.2,0.4,0.2
"chr8_58079618","rs2218270","G",0.268519,"T","CATCT",0.2,0.4,0,0.4
"chr16_68591220","rs148904914","A",0.015873,"G","TCGCA",0.2,0.2,0.2,0.4
"chr9_93563884","rs34221447","T",0.185185,"C","ACCCG",0.2,0,0.2,0.6
"chr10_10577556","rs56328415","A",0.31746,"G","GCGCC",0,0,0.4,0.6
"chr1_168901413","rs1407481","T",0.489418,"C","AACTA",0.6,0.2,0,0.2
"chr18_19276332","rs7230904","G",0.222222,"A","TCACT",0.2,0.4,0,0.4
"chr20_21492488","rs150594923","T",0.0224868,"C","ACCGA",0.4,0,0.2,0.4
"chr13_37579480","rs9547717","C",0.117725,"T","TACCA",0.4,0.2,0,0.4
"chr3_53916316","rs2276846","T",0.437831,"A","GCATG",0.2,0.2,0.4,0.2
"chrX_48468931","rs58465397","C",0.329879,"T","GGTGC",0,0.2,0.6,0.2
"chr6_66520678","rs2802046","G",0.236772,"T","TTGTT",0,0.8,0.2,0
"chr2_8718552","rs11888072","A",0.253968,"G","GGGGT",0,0.2,0.8,0
"chr9_86578819","rs59409125","C",0.0171958,"T","GGTGG",0,0.2,0.8,0
"chr13_72679826","rs1980837","G",0.183862,"C","CCCCC",0,0,0,1
"chr17_11801307","rs12709291","T",0.279101,"A","GCTTT",0,0.6,0.2,0.2
"chr9_8709289","rs148504552","T",0.0171958,"C","GGCGG",0,0,0.8,0.2
"chr5_21465124","rs71604259","G",0.141534,"C","GCCTC",0,0.2,0.2,0.6
"chr15_80615812","rs11856415","T",0.109788,"C","TTCCT",0,0.6,0,0.4
"chr2_170923296","rs13423574","T",0.260582,"A","TGAAA",0.6,0.2,0.2,0
"chr3_189242490","rs11720940","C",0.0886243,"A","TTATG",0.2,0.6,0.2,0
"chr10_100175267","rs2274243","C",0.224868,"T","AGTGG",0.2,0.2,0.6,0
"chr13_111194867","rs2479434","C",0.287037,"T","CATTC",0.2,0.4,0,0.4
"chr16_54239870","rs12448908","C",0.437831,"T","ACTGA",0.4,0.2,0.2,0.2
"chr12_577237","rs7137546","T",0.43254,"A","CTACT",0.2,0.4,0,0.4
"chr12_84690270","rs2947129","A",0.294974,"T","TCTGG",0,0.4,0.4,0.2
"chr18_46117143","rs11661898","A",0.0555556,"G","GTGCT",0,0.4,0.4,0.2
"chr10_57969859","rs10763329","A",0.109788,"T","TGAGC",0.2,0.2,0.4,0.2
"chr2_219511368","rs4674321","G",0.396825,"A","ACGCT",0.2,0.2,0.2,0.4
"chr3_130977098","rs9816811","C",0.195767,"T","AACCA",0.6,0,0,0.4
"chr13_26294589","rs3132357","C",0.108466,"T","ACTGC",0.2,0.2,0.2,0.4
"chr15_24621386","rs55671127","T",0.140212,"C","TCCGG",0,0.2,0.4,0.4
"chr6_42331817","rs623763","G",0.0952381,"A","ACAGT",0.4,0.2,0.2,0.2
"chr22_49004504","rs28373559","A",0.314815,"G","AGATG",0.4,0.2,0.4,0
"chr11_49955665","rs7119101","G",0.406085,"A","TAGAT",0.4,0.4,0.2,0
"chrX_119620133","rs5909725","C",0.402418,"T","TGCCA",0.2,0.2,0.2,0.4
"chr15_35082225","rs1370154","T",0.261905,"C","AACCT",0.4,0.2,0,0.4
"chr11_75118589","rs35378921","A",0.0555556,"C","CTCAC",0.2,0.2,0,0.6
"chr13_114898756","rs188520116","A",0.0992063,"G","TGGGC",0,0.2,0.6,0.2
"chr11_331996","rs11246071","T",0.137566,"C","GACGA",0.4,0,0.4,0.2
"chr21_39505977","rs7277204","A",0.037037,"G","CAGAA",0.6,0,0.2,0.2
"chr11_62365665","rs2849031","G",0.324074,"A","GCGGG",0,0,0.8,0.2
"chr9_10752099","rs4279659","C",0.30291,"A","AGACT",0.4,0.2,0.2,0.2
"chr11_118046570","rs11216799","A",0.111111,"G","ACGTT",0.2,0.4,0.2,0.2
"chr1_3498478","rs7528917","T",0.162698,"C","ACCCC",0.2,0,0,0.8
"chr11_101387812","rs4331056","C",0.47619,"G","AACCA",0.6,0,0,0.4
"chr6_90347299","rs2273239","C",0.198413,"A","TAAAT",0.6,0.4,0,0
"chr14_73508476","rs77779936","C",0.146825,"T","ACTCC",0.2,0.2,0,0.6
"chr6_25407482","rs12201737","T",0.207672,"C","TGCAA",0.4,0.2,0.2,0.2
"chr7_112118712","rs6973615","G",0.493386,"A","GGATC",0.2,0.2,0.4,0.2
"chr16_70656768","rs4985539","A",0.441799,"T","AATGC",0.4,0.2,0.2,0.2
"chr10_71874524","rs113675519","A",0.0833333,"C","GCCCA",0.2,0,0.2,0.6
"chr6_31583827","rs2259571","G",0.390212,"T","CCTGC",0,0.2,0.2,0.6
"chrX_151613987","rs10218139","A",0.193437,"T","AATGG",0.4,0.2,0.4,0
"chr1_169156739","rs1200077","A",0.383598,"G","ATACC",0.4,0.2,0,0.4
"chr20_42152507","rs6130406","C",0.103175,"T","CATAC",0.4,0.2,0,0.4
"chr17_27072463","rs4795456","A",0.19709,"G","AGGCC",0.2,0,0.4,0.4
"chr7_108689253","rs59378846","G",0.304233,"T","GATCT",0.2,0.4,0.2,0.2
"chr6_26660488","rs2504566","C",0.398148,"G","TTGGA",0.2,0.4,0.4,0
"chr8_81035634","rs9643750","T",0.407407,"C","TACCT",0.2,0.4,0,0.4
"chr5_163205","rs3810870","G",0.310847,"C","GCGCA",0.2,0,0.4,0.4
"chrX_134125475","rs11739","G",0.385147,"C","TCCTG",0,0.4,0.2,0.4
"chr11_116365359","rs116985420","A",0.037037,"G","CCGGG",0,0,0.6,0.4
"chr10_59088715","rs7903202","T",0.0251323,"C","CTCAG",0.2,0.2,0.2,0.4
"chr3_186518652","rs3917110","G",0.277778,"C","TTCTA",0.2,0.6,0,0.2
"chr7_45157289","rs72599518","T",0.177249,"C","GCCGT",0,0.2,0.4,0.4
"chr8_103930817","rs642004","G",0.260582,"C","AGCCC",0.2,0,0.2,0.6
"chr12_47118731","rs4140781","G",0.44709,"A","GAAAG",0.6,0,0.4,0
"chr13_25900838","rs7990216","C",0.0714286,"T","CACTA",0.4,0.2,0,0.4
"chr17_40777750","rs2355377","G",0.484127,"T","TTTTT",0,1,0,0
"chr5_155832451","rs4705013","T",0.416667,"C","TATCT",0.2,0.6,0,0.2
"chr4_149897560","rs2520485","A",0.148148,"G","CCAGT",0.2,0.2,0.2,0.4
"chr20_35491033","rs1291099","G",0.478836,"A","CGACC",0.2,0,0.2,0.6
"chr10_134271176","rs138153923","A",0.0224868,"G","TGGGT",0,0.4,0.6,0
"chr1_72631108","rs77773765","A",0.0343915,"T","GATCT",0.2,0.4,0.2,0.2
"chr4_53605622","rs4865399","A",0.152116,"G","TAGCA",0.4,0.2,0.2,0.2
"chr15_50374376","rs11070745","A",0.437831,"C","GGAAA",0.6,0,0.4,0
"chr2_74553663","rs13021268","T",0.0277778,"C","ACCTG",0.2,0.2,0.2,0.4
"chr5_60226041","rs158929","A",0.441799,"G","CTAAG",0.4,0.2,0.2,0.2
"chr11_30317733","rs11031040","G",0.166667,"T","AGTGC",0.2,0.2,0.4,0.2
"chr6_137546106","rs12529779","G",0.203704,"A","ACACT",0.4,0.2,0,0.4
"chr7_32517733","rs10239436","C",0.191799,"T","GCCTG",0,0.2,0.4,0.4
"chr1_15477658","rs7555700","C",0.404762,"A","AGATC",0.4,0.2,0.2,0.2
"chr6_31371430",".","T",0.185185,"C","TTTCT",0,0.8,0,0.2
"chr1_37965774","rs11590505","A",0.0582011,"G","CTGTA",0.2,0.4,0.2,0.2
"chrX_152989989","rs5986926","C",0.119171,"G","CGGGA",0.2,0,0.6,0.2
"chr17_73183786","rs9747852","A",0.330688,"G","GTAAT",0.4,0.4,0.2,0
"chr6_63296603","rs62418257","T",0.0383598,"C","TCCGG",0,0.2,0.4,0.4
"chr10_100154202","rs11597425","T",0.305556,"G","TTGAG",0.2,0.4,0.4,0
"chr2_141232182","rs17387536","A",0.219577,"G","CCGTG",0,0.2,0.4,0.4
"chr1_249116097","rs6604752","G",0.115079,"C","GACAG",0.4,0,0.4,0.2
"chr8_146062872","rs138582829","T",0.015873,"C","GGCAC",0.2,0,0.4,0.4
"chr16_57700021","rs9806793","A",0.276455,"G","CAAAG",0.6,0,0.2,0.2
"chr8_21590706","rs11786395","T",0.14418,"C","TCCGC",0,0.2,0.2,0.6
"chr9_6982099","rs818911","G",0.201058,"A","ATGAT",0.4,0.4,0.2,0
"chr4_73535169","rs12643350","T",0.444444,"G","TTGCC",0,0.4,0.2,0.4
"chr19_9518670","rs6512108","T",0.451058,"C","TATAA",0.6,0.4,0,0
"chr11_812188","rs4131364","G",0.490741,"A","GCGTT",0,0.4,0.4,0.2
"chr2_64229455","rs79442148","A",0.205026,"T","GATTT",0.2,0.6,0.2,0
"chr1_115488315","rs656335","G",0.477513,"C","GTGTG",0,0.4,0.6,0
"chr14_35840241","rs2057337","G",0.189153,"A","GCGAT",0.2,0.2,0.4,0.2
"chrX_141173068","rs183607703","T",0.169257,"A","TTATA",0.4,0.6,0,0
"chr15_58735698","rs12438063","T",0.296296,"C","TTCTG",0,0.6,0.2,0.2
"chr19_35103175","rs404355","A",0.037037,"G","ACATC",0.4,0.2,0,0.4
"chr19_45923496","rs3212955","C",0.260582,"T","CATAG",0.4,0.2,0.2,0.2
"chr2_161706310","rs12466499","G",0.458995,"C","CTCAA",0.4,0.2,0,0.4
"chr21_27524565","rs13048234","C",0.316138,"T","ACTGC",0.2,0.2,0.2,0.4
"chr5_145120432","rs142177496","G",0.257937,"T","TCGAT",0.2,0.4,0.2,0.2
"chr15_45045920","rs7166053","A",0.115079,"T","AATTT",0.4,0.6,0,0
"chr6_126090277","rs1159974","C",0.490741,"T","CATAA",0.6,0.2,0,0.2
"chr4_176879137","rs139272743","A",0.00132275,"G","CCGGG",0,0,0.6,0.4
"chr1_73150682","rs150914200","C",0.031746,"G","GGGCC",0,0,0.6,0.4
"chr17_57369591","rs896351","T",0.0171958,"C","ACCTG",0.2,0.2,0.2,0.4
"chr1_119115595","rs9724825","A",0.44709,"C","TTCAT",0.2,0.6,0,0.2
"chr2_242658262","rs6708272","C",0.407407,"T","ATCAC",0.4,0.2,0,0.4
"chr7_39613449","rs748716","A",0.387566,"G","CCGCT",0,0.2,0.2,0.6
"chr16_66032358","rs28472885","A",0.452381,"G","GCGTC",0,0.2,0.4,0.4
"chr8_77885068","rs4128632","C",0.276455,"T","TCTTG",0,0.6,0.2,0.2
"chr19_22708612","rs1865059","G",0.149471,"A","CCAAC",0.4,0,0,0.6
"chr1_16344664","rs872222","A",0.406085,"G","GCGCC",0,0,0.4,0.6
"chr17_61802378","rs57108948","T",0.403439,"C","CTTGT",0,0.6,0.2,0.2
"chr6_19285005","rs2088243","C",0.35582,"G","AGGAT",0.4,0.2,0.4,0
"chr8_144773147","rs56377635","T",0.00793651,"C","ACCGC",0.2,0,0.2,0.6
"chr17_424309","rs79461156","C",0.0185185,"T","CCTAC",0.2,0.2,0,0.6
"chr22_19057859","rs2238752","T",0.402116,"C","TCCGG",0,0.2,0.4,0.4
"chr1_234667113","rs172035","G",0.404762,"T","TCTAC",0.2,0.4,0,0.4
"chr15_96720754","rs980168","C",0.205026,"G","ACCAG",0.4,0,0.2,0.4
"chr6_67553135","rs6931805","T",0.268519,"G","ATGGA",0.4,0.2,0.4,0
"chr12_25257429","rs7316187","T",0.0132275,"C","GACAT",0.4,0.2,0.2,0.2
"chr19_55905616",".","G",0.0555556,"C","AGCGA",0.4,0,0.4,0.2
"chr12_94741890","rs116519522","T",0.0661376,"A","AAAAT",0.8,0.2,0,0
"chr6_58245319","rs12193926","C",0.353175,"T","TGTTG",0,0.6,0.4,0
"chr13_25645798","rs9507459","T",0.234127,"A","CATGG",0.2,0.2,0.4,0.2
"chr19_7228165","rs890860","T",0.232804,"C","TCCGG",0,0.2,0.4,0.4
"chr6_143268950","rs34520143","G",0.146825,"C","GACCA",0.4,0,0.2,0.4
"chrX_41948544","rs5918287","T",0.271157,"C","TTCGT",0,0.6,0.2,0.2
"chr15_44966175","rs58491010","G",0.010582,"C","TGCTT",0,0.6,0.2,0.2
"chr12_120553574","rs59911114","C",0.0185185,"T","TTTAT",0.2,0.8,0,0
"chr7_1778604","rs12699191","T",0.0555556,"C","CTCGG",0,0.2,0.4,0.4
"chr16_30351842","rs12921723","C",0.21164,"T","CGTGC",0,0.2,0.4,0.4
"chr11_60633532","rs1232553","A",0.162698,"G","CCATG",0.2,0.2,0.2,0.4
"chr3_2166863","rs9862592","C",0.0224868,"T","ACTAT",0.4,0.4,0,0.2
"chr12_118925115","rs7132075","A",0.470899,"C","ACAGC",0.4,0,0.2,0.4
"chr3_79881007","rs13099969","C",0.313492,"G","GTGAC",0.2,0.2,0.4,0.2
"chr18_48350630","rs112082611","T",0.12963,"C","GACCC",0.2,0,0.2,0.6
"chr13_40371091","rs4312181","G",0.44709,"A","GCGCT",0,0.2,0.4,0.4
"chr11_125770774","rs12799779","A",0.244709,"G","GCGGG",0,0,0.8,0.2
"chr11_33240154","rs11032207","A",0.452381,"C","GGCGG",0,0,0.8,0.2
"chr5_75852182","rs76365530","T",0.0502646,"G","CCGCC",0,0,0.2,0.8
"chr2_175168631","rs139667520","A",0.108466,"G","TCGGA",0.2,0.2,0.4,0.2
"chr12_26412198","rs7308352","C",0.280423,"A","AGCAG",0.4,0,0.4,0.2
"chr11_539648","rs1870726","A",0.154762,"G","GCGGC",0,0,0.6,0.4
"chr6_65821142","rs6913985","G",0.162698,"C","AACCT",0.4,0.2,0,0.4
"chr14_104038859","rs77382813","A",0.0343915,"G","AGGAG",0.4,0,0.6,0
"chr16_88342639","rs7199889","C",0.358466,"G","CCCCT",0,0.2,0,0.8
"chr12_49018127","rs7979247","G",0.291005,"A","AAACA",0.8,0,0,0.2
"chr14_77774236","rs149223518","T",0.0793651,"C","CTCGC",0,0.2,0.2,0.6
"chr4_36016970","rs76950042","T",0.0727513,"C","TCCCT",0,0.4,0,0.6
"chr16_90106364","rs45583731","A",0.383598,"C","AGCCC",0.2,0,0.2,0.6
"chr3_133511237","rs138074257","C",0.00925926,"T","GATTA",0.4,0.4,0.2,0
"chr5_61914579","rs61241554","A",0.0661376,"G","CGGAA",0.4,0,0.4,0.2
"chr17_80606079","rs9789075","A",0.242063,"G","AGGCC",0.2,0,0.4,0.4
"chr5_2700957","rs1106117","G",0.490741,"A","CTGCA",0.2,0.2,0.2,0.4
"chr10_116802226","rs1931756","A",0.037037,"G","GCGAG",0.2,0,0.6,0.2
"chr8_119966721","rs3134073","G",0.0529101,"A","CCAGA",0.4,0,0.2,0.4
"chr7_76680837","rs186573565","T",0.148148,"C","GCCTT",0,0.4,0.2,0.4
"chr5_177125808","rs60325027","A",0.00793651,"G","GTGCC",0,0.2,0.4,0.4
"chr7_116189183","rs3779514","T",0.149471,"C","CATGG",0.2,0.2,0.4,0.2
"chr1_168830145","rs857645","T",0.37963,"C","ACCTT",0.2,0.4,0,0.4
"chr11_118572747","rs489126","A",0.318783,"G","CCGCC",0,0,0.2,0.8
"chr11_18915255","rs6483547","C",0.387566,"T","CATTC",0.2,0.4,0,0.4
"chr22_18642643","rs5746523","G",0.165344,"A","TCACC",0.2,0.2,0,0.6
"chr5_124704493","rs10063763","T",0.263228,"C","GTCAC",0.2,0.2,0.2,0.4
"chrX_148601260","rs4529622","C",0.457686,"T","CATCT",0.2,0.4,0,0.4
"chr9_91361324","rs4877074","A",0.305556,"G","GCGCA",0.2,0,0.4,0.4
"chr11_11217860","rs11043154","G",0.166667,"A","TTATA",0.4,0.6,0,0
"chrX_20145968","rs138669696","A",0.183074,"C","AACTG",0.4,0.2,0.2,0.2
"chr9_13257031","rs56009005","A",0.0793651,"G","GCGTG",0,0.2,0.6,0.2
"chr12_111126096","rs55752061","C",0.104497,"G","AAGAT",0.6,0.2,0.2,0
"chr5_135302254","rs2526144","C",0.268519,"T","TTCAC",0.2,0.4,0,0.4
"chr12_78255318","rs77956601","A",0.246032,"C","AGCAG",0.4,0,0.4,0.2
"chr15_52387445","rs72732991","A",0.047619,"G","GGGAA",0.4,0,0.6,0
"chr2_219408054","rs832808","G",0.37963,"A","CCGTC",0,0.2,0.2,0.6
"chr20_49416043","rs77184319","G",0.187831,"A","CTAGT",0.2,0.4,0.2,0.2
"chr10_96943194","rs36037322","C",0.169312,"T","AGTCC",0.2,0.2,0.2,0.4
"chr1_45216038","rs12566610","G",0.145503,"C","TACAG",0.4,0.2,0.2,0.2
"chr8_38851204","rs28626007","C",0.365079,"A","AAAAC",0.8,0,0,0.2
"chr1_85058141","rs2943671","T",0.239418,"A","CCATT",0.2,0.4,0,0.4
"chr16_30320307","rs4471699","T",0.403439,"G","TCGCA",0.2,0.2,0.2,0.4
"chr1_2398864","rs34349643","G",0.116402,"C","CCCGT",0,0.2,0.2,0.6
"chr12_131233550","rs2398530","T",0.230159,"C","CCTGT",0,0.4,0.2,0.4
"chr8_57757619","rs2317769","G",0.294974,"A","CCAAG",0.4,0,0.2,0.4
"chr2_185196453","rs2887461","C",0.329365,"G","GACCC",0.2,0,0.2,0.6
"chr5_147871139","rs10069956","A",0.404762,"C","GTCCC",0,0.2,0.2,0.6
"chr10_644374","rs11813208","G",0.0132275,"A","CAAAA",0.8,0,0,0.2
"chr11_107197606","rs630693","C",0.293651,"G","CTGAA",0.4,0.2,0.2,0.2
"chr6_100010166","rs330864","G",0.187831,"C","GTGCT",0,0.4,0.4,0.2
"chr11_126200654","rs12576273","G",0.240741,"A","ATAGA",0.6,0.2,0.2,0
"chr19_44040997","rs2682562","C",0.167989,"T","TATAA",0.6,0.4,0,0
"chr7_35847723","rs10275485","G",0.371693,"A","CCAGC",0.2,0,0.2,0.6
"chr11_12038874","rs11022114","A",0.318783,"G","GAGGT",0.2,0.2,0.6,0
"chr11_6016867","rs118013234","G",0.0251323,"A","TTATT",0.2,0.8,0,0
"chr1_113256368","rs12724682","C",0.124339,"G","CAGAG",0.4,0,0.4,0.2
"chr11_56646615","rs72911818","G",0.0952381,"A","CCAAG",0.4,0,0.2,0.4
"chr7_22948222","rs34837377","A",0.164021,"T","CATCT",0.2,0.4,0,0.4
"chr22_32071984","rs190611047","T",0.00925926,"C","TTCAC",0.2,0.4,0,0.4
"chr17_34296054","rs58345526","T",0.0410053,"C","AGCGA",0.4,0,0.4,0.2
"chr4_44683541","rs62305372","G",0.220899,"A","ATATC",0.4,0.4,0,0.2
"chr5_153639043","rs514699","C",0.236772,"T","TTTGG",0,0.6,0.4,0
"chr1_174207948","rs12091012","T",0.275132,"C","TCCCG",0,0.2,0.2,0.6
"chr14_86351340","rs61991342","A",0.414021,"G","CTATA",0.4,0.4,0,0.2
"chr7_30651938","rs1986756","G",0.244709,"A","AAGCA",0.6,0,0.2,0.2
"chr3_177298327","rs1463857","T",0.387566,"C","TCCCT",0,0.4,0,0.6
"chr8_7374531","rs68038198","G",0.391534,"A","AAAAA",1,0,0,0
"chr17_48556629","rs4794152","T",0.425926,"C","TTCCT",0,0.6,0,0.4
"chr22_27340983","rs4822826","G",0.190476,"A","ACGTC",0.2,0.2,0.2,0.4
"chr9_86604811","rs6559753","T",0.477513,"C","AGCGT",0.2,0.2,0.4,0.2
"chr12_52512125",".","A",0.0714286,"C","AGCGC",0.2,0,0.4,0.4
"chr19_8413171","rs62117482","T",0.246032,"C","CTCCT",0,0.4,0,0.6
"chr15_65615556","rs525514","C",0.419312,"T","TCTTT",0,0.8,0,0.2
"chr6_111083337","rs12195167","G",0.234127,"C","AACAG",0.6,0,0.2,0.2
"chr19_53706571","rs7245880","T",0.335979,"C","TTCGT",0,0.6,0.2,0.2
"chr9_93292348","rs10993576","T",0.265873,"C","GTCTA",0.2,0.4,0.2,0.2
"chr5_113705469","rs36950","G",0.473545,"T","GCTAT",0.2,0.4,0.2,0.2
"chr19_45059024","rs139140823","T",0.0277778,"C","CTCGC",0,0.2,0.2,0.6
"chr1_70614427","rs476591","C",0.153439,"T","TCTTA",0.2,0.6,0,0.2
"chr16_82137211","rs989019","G",0.490741,"C","AACAG",0.6,0,0.2,0.2
"chr1_26336132","rs181037635","G",0.0132275,"T","GGTGG",0,0.2,0.8,0
"chr12_68422707","rs11611765","A",0.130952,"G","ACGAC",0.4,0,0.2,0.4
"chr12_112183574","rs11066018","C",0.167989,"T","ACTTT",0.2,0.6,0,0.2
"chr12_95723529","rs75178528","A",0.0608466,"G","CAGTA",0.4,0.2,0.2,0.2
"chr3_75466151","rs7372577","C",0.189153,"T","TTTCG",0,0.6,0.2,0.2
"chr9_127034358","rs35956754","C",0.32672,"G","TGGTA",0.2,0.4,0.4,0
"chr15_100695246","rs8034774","A",0.0515873,"G","GCGCT",0,0.2,0.4,0.4
"chrX_75880843","rs6607793","G",0.0466321,"C","AACAG",0.6,0,0.2,0.2
"chr7_27754543","rs73078729","C",0.117725,"T","GGTGT",0,0.4,0.6,0
"chr13_86337958","rs9575948","G",0.296296,"A","AAATT",0.6,0.4,0,0
"chr2_55575283","rs151191758","C",0.00925926,"T","TGTAG",0.2,0.4,0.4,0
"chr11_128735666","rs3016774","C",0.169312,"T","ATTAC",0.4,0.4,0,0.2
"chr3_149505417","rs12695943","A",0.189153,"T","ACAAT",0.6,0.2,0,0.2
"chr13_48375823","rs9591112","C",0.0608466,"T","CCTGG",0,0.2,0.4,0.4
"chrX_120404521","rs111787350","A",0.445596,"G","GAGTG",0.2,0.2,0.6,0
"chr11_74084219","rs7130795","A",0.493386,"C","TGCTT",0,0.6,0.2,0.2
"chr16_16294465","rs7184653","T",0.25,"C","CCTAG",0.2,0.2,0.2,0.4
"chr12_55556703","rs10783715","T",0.353175,"C","GGTGT",0,0.4,0.6,0
"chr13_32874234","rs2013080","A",0.203704,"G","GTGAG",0.2,0.2,0.6,0
"chr19_50362122","rs55927506","G",0.0224868,"C","CTCCT",0,0.4,0,0.6
"chr5_2246135","rs13189438","G",0.361111,"T","CAGCT",0.2,0.2,0.2,0.4
"chr22_25454373","rs5996823","T",0.363757,"C","TACGT",0.2,0.4,0.2,0.2
"chr4_170986579","rs112649654","G",0.0714286,"T","ACTTG",0.2,0.4,0.2,0.2
"chr6_36116634","rs2859133","T",0.242063,"C","GGCCA",0.2,0,0.4,0.4
"chr5_74975268","rs253387","C",0.189153,"T","TACTG",0.2,0.4,0.2,0.2
"chr5_70308251","rs28409706","C",0.255291,"T","GACGC",0.2,0,0.4,0.4
"chr5_35733285","rs4524534","T",0.395503,"C","CTTGG",0,0.4,0.4,0.2
"chr5_141445021","rs252151","G",0.280423,"A","GAAAT",0.6,0.2,0.2,0
"chr15_65144929","rs7177236","T",0.440476,"C","CTTCT",0,0.6,0,0.4
"chr1_26025810","rs2744782","G",0.0634921,"A","AAAAA",1,0,0,0
"chr11_23033381","rs10833901","G",0.482804,"A","ACGGG",0.2,0,0.6,0.2
"chr7_151333040","rs141987598","G",0.116402,"A","CCACC",0.2,0,0,0.8
"chr7_152319122","rs62494037","A",0.320106,"G","ATATA",0.6,0.4,0,0
"chr10_81428199","rs2678613","T",0.190476,"C","TACGG",0.2,0.2,0.4,0.2
"chr9_99994643","rs6478025","G",0.390212,"C","TTGAA",0.4,0.4,0.2,0
"chr20_14290089","rs11087084","A",0.244709,"G","TAGTC",0.2,0.4,0.2,0.2
"chr19_51588884","rs79818183","C",0.0383598,"T","TGTAG",0.2,0.4,0.4,0
"chr8_41435225","rs1060731","T",0.30291,"C","GTCGT",0,0.4,0.4,0.2
"chrX_150863991","rs35662236","C",0.48532,"T","GGCGG",0,0,0.8,0.2
"chr8_19316086",".","A",0.343915,"G","TCGTG",0,0.4,0.4,0.2
"chr20_61611787","rs4809441","T",0.227513,"C","GGTGG",0,0.2,0.8,0
"chr7_100220815","rs4729596","T",0.194444,"G","TTTAA",0.4,0.6,0,0
"chr3_71812603","rs73092536","T",0.0820106,"C","GACCA",0.4,0,0.2,0.4
"chr2_204428776","rs6723390","A",0.374339,"G","GAGTG",0.2,0.2,0.6,0
"chr2_133278478","rs7571728","C",0.125661,"G","GAGGG",0.2,0,0.8,0
"chr5_84954587","rs76579877","G",0.275132,"C","TTGTA",0.2,0.6,0.2,0
"chr7_89154325","rs4546591","G",0.0899471,"A","CTAGC",0.2,0.2,0.2,0.4
"chr11_74447157","rs59735998","T",0.190476,"G","TGGTG",0,0.4,0.6,0
"chr3_137861603","rs7632402","T",0.337302,"G","AATAA",0.8,0.2,0,0
"chr9_33051540",".","C",0.31746,"T","TGTGG",0,0.4,0.6,0
"chr4_79941270","rs191143966","G",0.0674603,"T","TATTT",0.2,0.8,0,0
"chr2_166000304","rs73969193","C",0.181217,"A","GAAGA",0.6,0,0.4,0
"chr11_60744268","rs79133440","T",0.0515873,"C","ATCCA",0.4,0.2,0,0.4
"chr1_156740026","rs12143060","T",0.0330688,"G","ATGGC",0.2,0.2,0.4,0.2
"chr19_42092815","rs3745936","T",0.230159,"A","ACTGG",0.2,0.2,0.4,0.2
"chr9_139870090","rs3814500","C",0.313492,"T","CCCGG",0,0,0.4,0.6
"chr16_89784992","rs57119673","G",0.399471,"A","CTACT",0.2,0.4,0,0.4
"chr10_94916762","rs10882163","A",0.366402,"G","CTGTC",0,0.4,0.2,0.4
"chr7_113237912","rs2456955","G",0.12037,"T","GCTTT",0,0.6,0.2,0.2
"chr1_41059499","rs16827406","T",0.160053,"C","AACGT",0.4,0.2,0.2,0.2
"chr19_13868117","rs693151","G",0.497354,"A","ACAGG",0.4,0,0.4,0.2
"chr3_66331982","rs73833447","C",0.0925926,"A","GGACT",0.2,0.2,0.4,0.2
"chr4_114757682","rs28414309","G",0.367725,"A","ATAAC",0.6,0.2,0,0.2
"chr12_54504341","rs7311078","G",0.238095,"A","AGATT",0.4,0.4,0.2,0
"chr19_9059114","rs151078525","G",0.0396825,"T","GGTGA",0.2,0.2,0.6,0
"chr12_8562202","rs143353955","G",0.0410053,"A","CAACA",0.6,0,0,0.4
"chr5_64916641","rs469586","A",0.376984,"G","ACACC",0.4,0,0,0.6
"chr3_118964932","rs111472801","A",0.0489418,"G","CCGCT",0,0.2,0.2,0.6
"chr1_244599858","rs3127464","T",0.268519,"C","CCCAC",0.2,0,0,0.8
"chr20_50252323","rs6126274","G",0.224868,"T","AAGGA",0.6,0,0.4,0
"chr17_43698899","rs184745911","G",0.218254,"A","GAAGT",0.4,0.2,0.4,0
"chr7_2924269","rs1476635","G",0.146825,"A","TCGGC",0,0.2,0.4,0.4
"chr2_18956491","rs4359654","G",0.220899,"C","CTCTT",0,0.6,0,0.4
"chr12_62884972","rs10877860","A",0.369048,"G","ATGGT",0.2,0.4,0.4,0
"chr7_42028926","rs73320230","T",0.0291005,"C","AACAA",0.8,0,0,0.2
"chr5_138309405","rs10064201","T",0.34127,"C","GACTA",0.4,0.2,0.2,0.2
"chr14_34849593","rs78263036","A",0.047619,"C","CACCA",0.4,0,0,0.6
"chr6_162256288","rs9458397","A",0.402116,"G","CTGTC",0,0.4,0.2,0.4
"chr3_95165174","rs4478076","T",0.47619,"C","AGCGG",0.2,0,0.6,0.2
"chr4_2950717","rs2995797","A",0.354497,"G","CAGTT",0.2,0.4,0.2,0.2
"chr4_1764925","rs67275758","T",0.198413,"A","ACAGC",0.4,0,0.2,0.4
"chr4_49493297","rs1914433","A",0.390212,"G","AAGGA",0.6,0,0.4,0
"chr1_222887927","rs75937448","G",0.0198413,"T","TTTTT",0,1,0,0
"chr3_67994012","rs1447761","G",0.18254,"T","CTGTG",0,0.4,0.4,0.2
"chr15_34750234","rs34670329","A",0.391534,"G","AAGAA",0.8,0,0.2,0
"chr7_12256799","rs73301032","G",0.138889,"C","CACAA",0.6,0,0,0.4
"chr5_27561719","rs60715670","A",0.318783,"G","CCGAG",0.2,0,0.4,0.4
"chr13_72432970","rs2224969","A",0.255291,"G","ACGGT",0.2,0.2,0.4,0.2
"chr8_134100973","rs2005162","A",0.256614,"T","TGTCT",0,0.6,0.2,0.2
"chr19_4158783","rs145011240","G",0.0026455,"C","AGCGA",0.4,0,0.4,0.2
"chr14_105068206","rs10144804","G",0.244709,"C","TCGAC",0.2,0.2,0.2,0.4
"chr10_83056811","rs1507252","A",0.115079,"G","AAGCT",0.4,0.2,0.2,0.2
"chr19_13002563","rs2242517","G",0.366402,"T","GTTGG",0,0.4,0.6,0
"chr17_80776043","rs662669","C",0.414021,"T","GACAC",0.4,0,0.2,0.4
"chr1_206643556","rs41303982","T",0.0171958,"C","CCCTG",0,0.2,0.2,0.6
"chr12_110224174","rs11068274","A",0.437831,"G","CCAAG",0.4,0,0.2,0.4
"chr12_55682449","rs12579589","G",0.0251323,"A","CAATG",0.4,0.2,0.2,0.2
"chr9_117693173","rs3181354","G",0.260582,"A","ACACA",0.6,0,0,0.4
"chr1_39629008","rs148181683","C",0.0502646,"G","CTGTC",0,0.4,0.2,0.4
"chr10_82194264","rs10887868","A",0.435185,"G","ACGCT",0.2,0.2,0.2,0.4
"chr2_224679265","rs7600912","C",0.334656,"T","TTTGA",0.2,0.6,0.2,0
"chr10_104509064","rs67506723","T",0.465608,"G","GGGTT",0,0.4,0.6,0
"chr11_118065830","rs111527225","A",0.031746,"G","CAGTG",0.2,0.2,0.4,0.2
"chr16_15123173","rs13336591","T",0.0820106,"C","GGCAG",0.2,0,0.6,0.2
"chr14_61855860","rs35650131","G",0.0436508,"A","CCAAG",0.4,0,0.2,0.4
"chr5_180631121","rs371361","C",0.207672,"G","GAGCC",0.2,0,0.4,0.4
"chr5_120045806","rs62379788","T",0.141534,"C","CCCTT",0,0.4,0,0.6
"chr2_130893888","rs60354704","C",0.350529,"T","GGTTG",0,0.4,0.6,0
"chr17_14423588","rs34177794","C",0.259259,"T","CATTG",0.2,0.4,0.2,0.2
"chr17_5341749","rs1805435","G",0.329365,"A","CCATA",0.4,0.2,0,0.4
"chr4_98969881","rs783925","C",0.48545,"T","ACTAC",0.4,0.2,0,0.4
"chr22_29477384","rs134613","T",0.329365,"G","AATAA",0.8,0.2,0,0
"chr14_31942636","rs2104820","G",0.416667,"C","AAGTG",0.4,0.2,0.4,0
"chr1_67171868","rs6669023","G",0.444444,"T","ATGTT",0.2,0.6,0.2,0
"chr4_57697333","rs56695192","G",0.0251323,"T","ACTCC",0.2,0.2,0,0.6
"chr14_94595989","rs2273514","C",0.161376,"T","CCTAC",0.2,0.2,0,0.6
"chr3_191485811","rs779312","G",0.437831,"T","GCTTC",0,0.4,0.2,0.4
"chr20_25510179",".","T",0.0595238,"G","ACGAG",0.4,0,0.4,0.2
"chr9_130716761","rs6415846","A",0.037037,"G","TGACA",0.4,0.2,0.2,0.2
"chr1_210814793","rs7524897","G",0.101852,"A","CCATT",0.2,0.4,0,0.4
"chr8_132875912","rs2970613","G",0.451058,"A","GTGTT",0,0.6,0.4,0
"chr7_137043484","rs320692","C",0.474868,"A","ACAAG",0.6,0,0.2,0.2
"chr2_210140482","rs10932296","T",0.493386,"A","TAACA",0.6,0.2,0,0.2
"chr6_3977149","rs6925753","T",0.468254,"G","ATGAG",0.4,0.2,0.4,0
"chr9_135588002","rs11243889","A",0.443122,"G","TCGGG",0,0.2,0.6,0.2
"chr5_82772604","rs33602","G",0.253968,"A","CAGAG",0.4,0,0.4,0.2
"chr4_119515483","rs10006526","G",0.293651,"C","CACGG",0.2,0,0.4,0.4
"chr1_102380180","rs10493969","C",0.462963,"T","GCTAT",0.2,0.4,0.2,0.2
"chr8_63304486","rs13269282","G",0.460317,"T","TGGCT",0,0.4,0.4,0.2
"chr6_99889467","rs4144163","A",0.498677,"T","GCAGG",0.2,0,0.6,0.2
"chr2_236980469","rs3768942","G",0.103175,"C","CTCCC",0,0.2,0,0.8
"chrX_38163076","rs7057687","G",0.350604,"A","CAAAA",0.8,0,0,0.2
"chr18_59621444","rs10469137","T",0.306878,"C","TATCA",0.4,0.4,0,0.2
"chr6_73928263","rs35419332","T",0.208995,"C","GGCTC",0,0.2,0.4,0.4
"chr7_99014767","rs148052635","A",0.0119048,"C","CGCCT",0,0.2,0.2,0.6
"chr20_16629423","rs6111221","A",0.234127,"G","CTGTT",0,0.6,0.2,0.2
"chr18_47147746","rs1105654","G",0.371693,"A","CAGTC",0.2,0.2,0.2,0.4
"chrX_154521993","rs782772","G",0.231434,"A","GCAGA",0.4,0,0.4,0.2
"chr5_43723915","rs9686857","G",0.0436508,"A","TTATG",0.2,0.6,0.2,0
"chr4_147099181","rs28420466","G",0.35582,"A","ACAAA",0.8,0,0,0.2
"chr16_435679","rs380815","T",0.021164,"C","TGCAG",0.2,0.2,0.4,0.2
"chr22_36596652","rs132717","T",0.403439,"C","CACCC",0.2,0,0,0.8
"chr22_32665789","rs738202","T",0.366402,"C","CCCAT",0.2,0.2,0,0.6
"chr9_139856810","rs885070","G",0.421958,"A","TGATC",0.2,0.4,0.2,0.2
"chr19_55123464","rs8105809","T",0.441799,"A","TCAAC",0.4,0.2,0,0.4
"chr8_22353569","rs2461493","C",0.458995,"T","TATTG",0.2,0.6,0.2,0
"chr1_95330372","rs859098","G",0.216931,"A","CCGTT",0,0.4,0.2,0.4
"chr19_2248683","rs4807216","C",0.178571,"T","GCCGC",0,0,0.4,0.6
"chr13_37583831","rs9469","A",0.392857,"G","GCGTG",0,0.2,0.6,0.2
"chr1_93141593","rs12129117","G",0.175926,"A","AAAGG",0.6,0,0.4,0
"chr16_66512704","rs57842924","A",0.0833333,"G","CAGGA",0.4,0,0.4,0.2
"chr1_91539312","rs151713","A",0.0899471,"T","CATCC",0.2,0.2,0,0.6
"chr15_43657799","rs35160541","C",0.202381,"T","TATAT",0.4,0.6,0,0
"chr17_39144256","rs7208705","G",0.366402,"A","AAATG",0.6,0.2,0.2,0
"chr7_89829494","rs722245","A",0.220899,"C","TTCTG",0,0.6,0.2,0.2
"chr21_32286657","rs74324875","A",0.0462963,"G","AGGAG",0.4,0,0.6,0
"chrX_140321533","rs1099489","C",0.260794,"T","CATGG",0.2,0.2,0.4,0.2
"chr16_88809368","rs28525359","G",0.337302,"T","CCGAT",0.2,0.2,0.2,0.4
"chr7_76572633","rs55870910","C",0.256614,"G","CAGAA",0.6,0,0.2,0.2
"chr11_118856537","rs3889525","C",0.0978836,"G","TTGTT",0,0.8,0.2,0
"chr20_51800260","rs1293384","C",0.170635,"T","TTTCC",0,0.6,0,0.4
"chr17_42198170","rs11079983","T",0.281746,"C","AATTT",0.4,0.6,0,0
"chr5_724100","rs185931653","A",0.177249,"G","TCGGT",0,0.4,0.4,0.2
"chr10_113028959","rs10885119","T",0.0753968,"C","TACCT",0.2,0.4,0,0.4
"chr1_93763896","rs10782957","C",0.371693,"T","CCCGA",0.2,0,0.2,0.6
"chr8_75249396","rs760244","A",0.240741,"G","CAGCT",0.2,0.2,0.2,0.4
"chr2_120189720","rs4344946","A",0.112434,"G","CGAGG",0.2,0,0.6,0.2
"chr1_85281824","rs17377659","A",0.0595238,"T","GATTC",0.2,0.4,0.2,0.2
"chr11_3392098","rs3794189","C",0.215608,"G","AACCA",0.6,0,0,0.4
"chr9_102081978","rs117981111","A",0.0357143,"G","TTGTA",0.2,0.6,0.2,0
"chr5_5153826","rs16874877","C",0.15873,"T","TTTCT",0,0.8,0,0.2
"chr17_42874450","rs73307236","C",0.125661,"A","CTATC",0.2,0.4,0,0.4
"chr3_64738781","rs114999110","T",0.047619,"G","TGGGT",0,0.4,0.6,0
"chr16_81534483","rs2966091","G",0.32672,"C","AGCCA",0.4,0,0.2,0.4
"chr19_8412456","rs79791281","T",0.00793651,"G","TCGCA",0.2,0.2,0.2,0.4
"chr5_149425903","rs6894582","T",0.119048,"C","GACGC",0.2,0,0.4,0.4
"chr2_109088868","rs1898557","G",0.396825,"A","TGGAA",0.4,0.2,0.4,0
"chr3_110938375","rs7430175","A",0.469577,"G","ACATT",0.4,0.4,0,0.2
"chr17_7192696","rs1910323","A",0.480159,"G","AGGGG",0.2,0,0.8,0
"chr13_52392542","rs975957","T",0.26455,"C","GGTCT",0,0.4,0.4,0.2
"chrX_124553435","rs3126290","G",0.348877,"C","AGGAG",0.4,0,0.6,0
"chr3_52871101","rs1139106","A",0.150794,"G","CTGCA",0.2,0.2,0.2,0.4
"chrX_3823122","rs143417852","G",0.469775,"A","AAAAA",1,0,0,0
"chr19_55473831","rs775841","G",0.420635,"A","GGATT",0.2,0.4,0.4,0
"chr1_40989620","rs6699445","T",0.19709,"C","ACCAA",0.6,0,0,0.4
"chr19_54959349","rs10424856","G",0.354497,"A","ACGCA",0.4,0,0.2,0.4
"chr15_93370598","rs140256553","T",0.0701058,"C","CCCGG",0,0,0.4,0.6
"chr19_4837557","rs10424978","C",0.396825,"A","CCCTT",0,0.4,0,0.6
"chr19_38319511","rs62110217","T",0.0780423,"C","CTCGA",0.2,0.2,0.2,0.4
"chr6_127643398","rs4895823","T",0.275132,"C","AGTCG",0.2,0.2,0.4,0.2
"chr8_144124878","rs35803677","C",0.363757,"T","GACCA",0.4,0,0.2,0.4
"chrX_119076630","rs7056226","A",0.345423,"G","CTGAG",0.2,0.2,0.4,0.2
"chr18_66150341","rs1581226","T",0.416667,"C","AGTTG",0.2,0.4,0.4,0
"chr22_30991519","rs4820871","G",0.43254,"C","CAGTG",0.2,0.2,0.4,0.2
"chr7_137048159","rs161346","T",0.334656,"C","CATTC",0.2,0.4,0,0.4
"chr7_148049715","rs4573177","C",0.414021,"T","CTCAG",0.2,0.2,0.2,0.4
"chr11_19078418","rs7104433","G",0.247354,"A","GGAGT",0.2,0.2,0.6,0
"chr7_98518713","rs144091093","A",0.0396825,"G","CAGCC",0.2,0,0.2,0.6
"chr10_17320484","rs111836196","C",0.0449735,"T","GGTAG",0.2,0.2,0.6,0
"chr2_161091633","rs112350227","T",0.0238095,"C","ACCAT",0.4,0.2,0,0.4
"chr15_84344690","rs74249873","T",0.0542328,"C","ACCCA",0.4,0,0,0.6
"chr3_158212055","rs9810114","C",0.477513,"T","AATGC",0.4,0.2,0.2,0.2
"chr18_45736261","rs12232733","T",0.298942,"C","CACTT",0.2,0.4,0,0.4
"chr2_105937625","rs1975291","T",0.0304233,"A","TTATT",0.2,0.8,0,0
"chr5_78670802","rs3822568","G",0.387566,"A","TCAGC",0.2,0.2,0.2,0.4
"chr13_30989792","rs2094711","C",0.439153,"A","CCAAG",0.4,0,0.2,0.4
"chr11_62430659",".","T",0.272487,"A","TATCC",0.2,0.4,0,0.4
"chr2_232454610","rs115043066","C",0.0727513,"T","AGTTC",0.2,0.4,0.2,0.2
"chr15_94518937","rs62027780","A",0.0740741,"G","AGGTA",0.4,0.2,0.4,0
"chr6_141497429","rs4896524","T",0.240741,"C","AGCGA",0.4,0,0.4,0.2
"chr11_33737669","rs7131663","C",0.357143,"G","GTGCC",0,0.2,0.4,0.4
"chr19_12082263","rs8100892","T",0.474868,"C","CATGC",0.2,0.2,0.2,0.4
"chr9_130584253","rs10819310","T",0.349206,"C","CCCGG",0,0,0.4,0.6
"chr10_54525678","rs2083771","G",0.242063,"T","AGTTT",0.2,0.6,0.2,0
"chr14_66473282","rs79644938","A",0.0793651,"T","TTTAT",0.2,0.8,0,0
"chr14_100109824","rs4905873","A",0.208995,"G","ACATT",0.4,0.4,0,0.2
"chr8_41920457","rs10113592","A",0.31746,"G","CTACA",0.4,0.2,0,0.4
"chr11_64519062","rs532747","C",0.0727513,"T","GCTTC",0,0.4,0.2,0.4
"chr6_45955331","rs6921959","T",0.415344,"G","AAGAA",0.8,0,0.2,0
"chr15_59532399","rs68078916","T",0.170635,"C","CCCGT",0,0.2,0.2,0.6
"chr11_33173147","rs12799348","T",0.388889,"C","GCCGA",0.2,0,0.4,0.4
"chr11_117501072","rs7949956","C",0.468254,"T","CACAC",0.4,0,0,0.6
"chrX_13663533","rs4830879","A",0.459413,"G","CTGCC",0,0.2,0.2,0.6
"chr12_109665599","rs17848821","A",0.0899471,"G","GGGGG",0,0,1,0
"chr13_94414426","rs9516285","C",0.257937,"T","CATCC",0.2,0.2,0,0.6
"chr6_24022898","rs16888503","C",0.0873016,"T","ATTTC",0.2,0.6,0,0.2
"chr8_102904967","rs1264949","A",0.215608,"G","GCGAT",0.2,0.2,0.4,0.2
"chr1_27466490","rs12751830","T",0.343915,"A","TGACC",0.2,0.2,0.2,0.4
"chr19_12547299","rs8100035","C",0.284392,"A","AAAAA",1,0,0,0
"chr12_133775283","rs9669195","C",0.411376,"T","TCTTC",0,0.6,0,0.4
"chr12_21677173","rs60206314","T",0.148148,"C","GACCC",0.2,0,0.2,0.6
"chr22_43010817","rs28627172","A",0.107143,"G","CCGCC",0,0,0.2,0.8
"chr20_45098868","rs6011968","A",0.0555556,"G","CTGGC",0,0.2,0.4,0.4
"chr4_2308976","rs4974672","T",0.470899,"C","TGTCT",0,0.6,0.2,0.2
"chr7_72218718","rs35147570","T",0.247354,"C","CCCCC",0,0,0,1
"chr16_24693048","rs72768626","G",0.0793651,"A","GAACA",0.6,0,0.2,0.2
"chr8_40638790","rs11985725","C",0.0595238,"T","AATAG",0.6,0.2,0.2,0
"chr3_12570986","rs74280679","T",0.428571,"C","ATTAG",0.4,0.4,0.2,0
"chr10_103852698","rs145970014","A",0.0502646,"G","GTGAA",0.4,0.2,0.4,0
"chr4_6676524","rs7662452","A",0.157407,"G","GTGGG",0,0.2,0.8,0
"chr8_146219931","rs13438994","G",0.0727513,"C","GTCCC",0,0.2,0.2,0.6
"chr4_13526386","rs2075050","G",0.357143,"A","CCGTA",0.2,0.2,0.2,0.4
"chr15_66491863","rs4776289","C",0.456349,"T","GCTCC",0,0.2,0.2,0.6
"chr2_43007018","rs28783183","T",0.268519,"C","TACTT",0.2,0.6,0,0.2
"chr17_76170735","rs1065769","T",0.325397,"C","CACCC",0.2,0,0,0.8
"chr5_21273129","rs4030544","T",0.113757,"C","AGCAT",0.4,0.2,0.2,0.2
"chr18_21091121","rs6507705","T",0.465608,"C","AACAA",0.8,0,0,0.2
"chr19_2936535","rs35699176","A",0.0449735,"G","CTGTG",0,0.4,0.4,0.2
"chr4_122331860","rs1813400","C",0.425926,"T","CATTG",0.2,0.4,0.2,0.2
"chr11_12590882","rs61878525","A",0.244709,"G","CAGCT",0.2,0.2,0.2,0.4
"chr1_75858792","rs1249818","A",0.455026,"G","ACGTC",0.2,0.2,0.2,0.4
"chr19_49873279","rs3786562","G",0.482804,"A","GCAGG",0.2,0,0.6,0.2
"chr1_175201727","rs2012862","G",0.367725,"T","CTTTG",0,0.6,0.2,0.2
"chr5_62715243","rs72762534","A",0.190476,"C","AACCA",0.6,0,0,0.4
"chr2_117942117","rs7574385","C",0.378307,"T","AACTC",0.4,0.2,0,0.4
"chr19_35513746","rs58690566","G",0.152116,"T","TGTCG",0,0.4,0.4,0.2
"chr15_97486279","rs12708566","G",0.206349,"A","ATGCC",0.2,0.2,0.2,0.4
"chr3_158539739","rs13320313","G",0.031746,"A","GCATT",0.2,0.4,0.2,0.2
"chr14_56371174","rs7141168","C",0.362434,"T","TTTTC",0,0.8,0,0.2
"chr12_6602513","rs7966700","C",0.353175,"T","CTTCC",0,0.4,0,0.6
"chr2_41214776","rs2161071","G",0.166667,"A","AAGTT",0.4,0.4,0.2,0
"chr11_47441335","rs7120413","G",0.261905,"A","CCAGG",0.2,0,0.4,0.4
"chr1_166945128","rs453395","G",0.443122,"A","AGAGA",0.6,0,0.4,0
"chr2_31965543","rs4365503","A",0.22619,"C","CCATA",0.4,0.2,0,0.4
"chr5_89966759","rs6861525","T",0.47619,"C","CCCGC",0,0,0.2,0.8
"chr20_3296639","rs2422868","A",0.259259,"T","ACTAG",0.4,0.2,0.2,0.2
"chr1_151753318","rs12073999","G",0.34127,"T","ACTCT",0.2,0.4,0,0.4
"chr8_31453201","rs149576643","G",0.00661376,"A","CAATG",0.4,0.2,0.2,0.2
"chr14_37692864","rs8012643","T",0.263228,"C","CACGC",0.2,0,0.2,0.6
"chr8_65983266",".","A",0.128307,"G","TCGGG",0,0.2,0.6,0.2
"chr1_216841396","rs12027797","G",0.330688,"A","ACACC",0.4,0,0,0.6
"chrX_103485469","rs218346","T",0.395509,"C","TGTGC",0,0.4,0.4,0.2
"chr7_30602553","rs2529431","C",0.293651,"T","ACCAC",0.4,0,0,0.6
"chr2_95376318","rs115478845","A",0.0304233,"G","TTGGG",0,0.4,0.6,0
"chr3_38555178","rs6780349","A",0.388889,"G","TTGTT",0,0.8,0.2,0
"chr12_96247829","rs1865736","A",0.177249,"G","GTATA",0.4,0.4,0.2,0
"chr19_20033514","rs8109743","T",0.246032,"C","GACAC",0.4,0,0.2,0.4
"chr19_15026973","rs181702167","C",0.0251323,"A","CCACA",0.4,0,0,0.6
"chr18_51939568","rs11083053","C",0.496032,"T","CCCAC",0.2,0,0,0.8
"chr8_23094395","rs11997323","C",0.255291,"A","CAAGA",0.6,0,0.2,0.2
"chr12_47224788","rs4497488","A",0.275132,"G","TAACT",0.4,0.4,0,0.2
"chr13_99101869","rs4584","C",0.267196,"G","TAGCT",0.2,0.4,0.2,0.2
"chr17_5124462","rs2439945","T",0.164021,"C","CTCGC",0,0.2,0.2,0.6
"chr4_61290584","rs6824135","T",0.111111,"C","AACCT",0.4,0.2,0,0.4
"chr4_8062690","rs10938683","G",0.466931,"A","TTGTA",0.2,0.6,0.2,0
"chr6_54594533","rs9474977","T",0.492063,"A","TAAAT",0.6,0.4,0,0
"chr5_90547035","rs7721684","A",0.21164,"T","AAAAA",1,0,0,0
"chr18_8297113","rs2155756","T",0.0912698,"G","AGGGC",0.2,0,0.6,0.2
"chr10_122633607","rs7080550","G",0.358466,"C","TTCTT",0,0.8,0,0.2
"chr4_90326683","rs72655817","A",0.0767196,"G","CCGGT",0,0.2,0.4,0.4
"chr19_46246704","rs10415988","T",0.465608,"C","CTCGA",0.2,0.2,0.2,0.4
"chr22_28063591","rs12484986","T",0.34127,"C","CACGG",0.2,0,0.4,0.4
"chr14_52640148","rs12884231","G",0.294974,"A","GAAGT",0.4,0.2,0.4,0
"chr3_62163616","rs28447377","C",0.256614,"T","TCTGT",0,0.6,0.2,0.2
"chr13_100728716","rs7990577","A",0.498677,"G","ACACC",0.4,0,0,0.6
"chr2_96025765","rs61649840","G",0.15873,"A","AAATT",0.6,0.4,0,0
"chr9_94888482","rs11787600","A",0.309524,"G","GCGCT",0,0.2,0.4,0.4
"chr22_31321948","rs2240176","A",0.267196,"G","AGGCC",0.2,0,0.4,0.4
"chr1_48284765","rs12036694","T",0.337302,"C","AGCGT",0.2,0.2,0.4,0.2
"chr20_36509757","rs6096675","T",0.347884,"C","ACCGT",0.2,0.2,0.2,0.4
"chr1_53615668","rs80163194","G",0.0568783,"A","CAATG",0.4,0.2,0.2,0.2
"chr3_10546336",".","T",0.353175,"C","TCCGC",0,0.2,0.2,0.6
"chr2_191177005","rs291447","A",0.412698,"C","GCACT",0.2,0.2,0.2,0.4
"chr18_14382909","rs143907668","T",0.309524,"C","GACGG",0.2,0,0.6,0.2
"chr9_95080879","rs3737147","C",0.0238095,"T","TATGT",0.2,0.6,0.2,0
"chr5_8517504","rs4702558","T",0.47619,"C","TCTTA",0.2,0.6,0,0.2
"chr16_88950685","rs11076730","T",0.242063,"C","GGCCC",0,0,0.4,0.6
"chr17_42770507","rs7224423","T",0.140212,"G","GGGCA",0.2,0,0.6,0.2
"chr20_45617176","rs878522","G",0.37037,"A","ATGAC",0.4,0.2,0.2,0.2
"chr7_105160767","rs191665329","A",0.208995,"G","GCGTG",0,0.2,0.6,0.2
"chr19_54679511","rs7259361","T",0.25,"C","CCCGG",0,0,0.4,0.6
"chr11_89912319","rs10741323","G",0.362434,"A","GTAGC",0.2,0.2,0.4,0.2
"chr7_2426868","rs1362137","C",0.470899,"A","AGCGT",0.2,0.2,0.4,0.2
"chr17_68093498","rs10221274","T",0.435185,"G","GGGTC",0,0.2,0.6,0.2
"chr1_11857926","rs45608437","A",0.186508,"G","CCGCC",0,0,0.2,0.8
"chr13_95884412","rs7326711","A",0.345238,"G","TGATG",0.2,0.4,0.4,0
"chr15_29006031","rs116919371","A",0.0357143,"T","CGTAG",0.2,0.2,0.4,0.2
"chr15_29656267","rs1464387","A",0.240741,"G","GAGAA",0.6,0,0.4,0
"chr16_4129915","rs2532014","C",0.396825,"T","TTTAC",0.2,0.6,0,0.2
"chr4_37442259","rs6531536","T",0.477513,"C","CACCA",0.4,0,0,0.6
"chr1_91464307","rs139446241","C",0.115079,"T","TCTGA",0.2,0.4,0.2,0.2
"chr16_19966036","rs4780832","A",0.0859788,"C","AACAT",0.6,0.2,0,0.2
"chr15_31405941","rs12913202","T",0.195767,"A","TAAGA",0.6,0.2,0.2,0
"chr1_1243896","rs61766198","C",0.17328,"T","TGCCA",0.2,0.2,0.2,0.4
"chr2_177343453","rs72922946","G",0.256614,"A","AAAAG",0.8,0,0.2,0
"chr12_58878173","rs4084550","C",0.406085,"A","ACAAA",0.8,0,0,0.2
"chr11_87401233","rs11235275","G",0.179894,"T","TCTCC",0,0.4,0,0.6
"chr2_151982620","rs2022554","A",0.0753968,"G","ACGAA",0.6,0,0.2,0.2
"chrX_87833178","rs10481945","T",0.290155,"A","ACAAT",0.6,0.2,0,0.2
"chr2_152639596","rs76817980","T",0.0198413,"C","TCCTC",0,0.4,0,0.6
"chr1_46235117","rs7541962","A",0.292328,"G","AAGCA",0.6,0,0.2,0.2
"chr10_59573319","rs10826117","T",0.0238095,"G","CAGGC",0.2,0,0.4,0.4
"chr18_2214554","rs626303","T",0.306878,"C","AACAC",0.6,0,0,0.4
"chr10_8495758","rs76909466","T",0.026455,"C","CTCGG",0,0.2,0.4,0.4
"chr4_187093018","rs4241814","G",0.395503,"T","GGGTG",0,0.2,0.8,0
"chr1_48499237","rs78298572","A",0.125661,"C","TCCCA",0.2,0.2,0,0.6
"chr20_55545968","rs2902978","G",0.399471,"C","TACCT",0.2,0.4,0,0.4
"chr13_114019050","rs9577517","G",0.44709,"C","CCGGG",0,0,0.6,0.4
"chr12_105134976","rs7297412","A",0.291005,"G","GGGTG",0,0.2,0.8,0
"chr4_7586924","rs6835799","A",0.0462963,"G","TCGGG",0,0.2,0.6,0.2
"chr12_52706286","rs11170089","T",0.361111,"G","GCTAT",0.2,0.4,0.2,0.2
"chr5_146510911","rs2913319","C",0.206349,"T","AGCTG",0.2,0.2,0.4,0.2
"chr2_242547375","rs6758789","C",0.157407,"A","AGAAG",0.6,0,0.4,0
"chr9_132570924","rs13290805","G",0.284392,"A","GGATT",0.2,0.4,0.4,0
"chr16_89826723","rs2238526","G",0.468254,"A","GCGAG",0.2,0,0.6,0.2
"chr17_44862613","rs199501","A",0.247354,"G","CTATC",0.2,0.4,0,0.4
"chr6_132464549","rs11154665","T",0.260582,"G","ATGAG",0.4,0.2,0.4,0
"chr8_53357142","rs2884960","T",0.464286,"A","CATTA",0.4,0.4,0,0.2
"chr8_138636716","rs12547791","T",0.456349,"C","GACGC",0.2,0,0.4,0.4
"chr15_29019318","rs62009607","T",0.404762,"C","CTCGC",0,0.2,0.2,0.6
"chr18_45578363","rs11082644","A",0.0251323,"G","AGGAT",0.4,0.2,0.4,0
"chr17_7919238","rs56348143","T",0.037037,"G","CCGCC",0,0,0.2,0.8
"chr8_75901712","rs72669294","T",0.0912698,"C","GGCGT",0,0.2,0.6,0.2
"chrX_99983876","rs2858176","C",0.468048,"T","AGTTA",0.4,0.4,0.2,0
"chr13_28036062","rs1967772","A",0.265873,"G","CTGCT",0,0.4,0.2,0.4
"chr5_56827833","rs16887064","C",0.297619,"T","GGTGA",0.2,0.2,0.6,0
"chr7_75111362","rs2906944","A",0.460317,"G","AGACA",0.6,0,0.2,0.2
"chrX_132546153","rs11796643","C",0.303972,"A","GCACA",0.4,0,0.2,0.4
"chr22_34603988","rs432671","G",0.292328,"T","TTGTC",0,0.6,0.2,0.2
"chr3_131671610","rs143338982","G",0.177249,"C","GGCCA",0.2,0,0.4,0.4
"chr6_89633278","rs6923815","A",0.0198413,"G","GAGCA",0.4,0,0.4,0.2
"chr20_57278450","rs6100172","A",0.456349,"G","TCGGT",0,0.4,0.4,0.2
"chr10_93645541","rs6583789","C",0.189153,"A","AGCTT",0.2,0.4,0.2,0.2
"chr6_36864923","rs10456447","G",0.103175,"A","AAAAA",1,0,0,0
"chr6_47796897","rs11968621","T",0.415344,"C","TTCCT",0,0.6,0,0.4
"chr18_72867128","rs9957870","T",0.0224868,"C","TGCAT",0.2,0.4,0.2,0.2
"chr9_136549794","rs756687","G",0.424603,"C","TACAG",0.4,0.2,0.2,0.2
"chr1_120138246","rs11586489","G",0.0978836,"A","AAAAA",1,0,0,0
"chr4_4674774","rs4689920","G",0.328042,"T","TGGGA",0.2,0.2,0.6,0
"chr6_31513402","rs2239705","A",0.160053,"G","CAGAA",0.6,0,0.2,0.2
"chr7_56729856","rs1968934","A",0.34127,"G","GGATG",0.2,0.2,0.6,0
"chr15_89768459","rs34759629","A",0.39418,"G","GGGGT",0,0.2,0.8,0
"chr16_2911358","rs7205847","A",0.281746,"G","CTGTA",0.2,0.4,0.2,0.2
"chr15_40706101","rs113638727","G",0.0992063,"C","CCCAG",0.2,0,0.2,0.6
"chr11_104694694","rs10502044","T",0.469577,"C","TCCTC",0,0.4,0,0.6
"chrX_37832406","rs143010905","G",0.0276339,"A","AAATA",0.8,0.2,0,0
"chr11_49804991","rs4881623","C",0.464286,"T","CTCAG",0.2,0.2,0.2,0.4
"chr2_58837521","rs12052329","T",0.261905,"C","AACTT",0.4,0.4,0,0.2
"chr21_30249501","rs62222242","A",0.362434,"G","AGAGA",0.6,0,0.4,0
"chr15_31343557","rs10162731","A",0.342593,"G","GGATT",0.2,0.4,0.4,0
"chr15_79237293","rs2289702","T",0.111111,"C","CCCGG",0,0,0.4,0.6
"chr1_175056933","rs4650697","G",0.496032,"A","CCAGG",0.2,0,0.4,0.4
"chr16_67286590","rs61740454","C",0.0291005,"G","CTGCT",0,0.4,0.2,0.4
"chr4_120108263","rs62326346","A",0.272487,"G","GGGGA",0.2,0,0.8,0
"chr1_201123799","rs1106729","C",0.400794,"G","TTGCC",0,0.4,0.2,0.4
"chr10_95193789","rs11597704","G",0.193122,"C","CCCCC",0,0,0,1
"chr14_78064654","rs10139421","C",0.234127,"T","TTTCT",0,0.8,0,0.2
"chr1_146491057","rs11240072","A",0.228836,"C","CTCCC",0,0.2,0,0.8
"chr1_116535249","rs4442364","C",0.0291005,"T","TTTTT",0,1,0,0
"chr12_78251685","rs7303145","G",0.470899,"T","TGTTT",0,0.8,0.2,0
"chr7_56392392","rs7784106","A",0.174603,"G","AGGCC",0.2,0,0.4,0.4
"chr4_85543637","rs7689916","T",0.353175,"C","ATCTG",0.2,0.4,0.2,0.2
"chr4_106258989","rs17321073","G",0.322751,"A","TAATG",0.4,0.4,0.2,0
"chr19_321584","rs142665817","C",0.109788,"T","TGTGG",0,0.4,0.6,0
"chr12_62791105","rs1901240","G",0.444444,"A","CAAAG",0.6,0,0.2,0.2
"chr9_6610775","rs7020909","C",0.324074,"T","TATTC",0.2,0.6,0,0.2
"chr17_75187734","rs655366","G",0.380952,"C","CTCCT",0,0.4,0,0.6
"chr2_65660015","rs35520113","T",0.195767,"C","ACCAA",0.6,0,0,0.4
"chr3_84510601","rs11127844","C",0.28836,"A","TGCCC",0,0.2,0.2,0.6
"chr6_54713828","rs10428736","G",0.175926,"A","TTAAT",0.4,0.6,0,0
"chr1_156488420","rs1750307","A",0.357143,"T","TCTTC",0,0.6,0,0.4
"chr3_140069117","rs6797448","A",0.387566,"G","AAAAT",0.8,0.2,0,0
"chr6_153551658","rs2787863","T",0.395503,"C","TTTTA",0.2,0.8,0,0
"chr19_37014625","rs148991635","A",0.329365,"G","GCGTG",0,0.2,0.6,0.2
"chr14_95516897","rs66459957","C",0.23545,"T","AGTTT",0.2,0.6,0.2,0
"chr5_138262670","rs11749163","G",0.27381,"A","CGAAT",0.4,0.2,0.2,0.2
"chr11_113108387","rs12785741","C",0.304233,"G","TGGTC",0,0.4,0.4,0.2
"chr1_152649645","rs1412546","A",0.0952381,"G","AAGAT",0.6,0.2,0.2,0
"chr10_75462797","rs10762555","A",0.386243,"G","CCATT",0.2,0.4,0,0.4
"chr12_48665070","rs2932101","G",0.201058,"T","TCGCC",0,0.2,0.2,0.6
"chr3_74066457","rs6793236","T",0.283069,"C","CATTG",0.2,0.4,0.2,0.2
"chr2_219059058","rs56364928","G",0.473545,"A","CTGAG",0.2,0.2,0.4,0.2
"chr4_46263391","rs526805","C",0.431217,"A","ATCAA",0.6,0.2,0,0.2
"chr5_175343752","rs56318760","G",0.239418,"A","ACACT",0.4,0.2,0,0.4
"chr16_5918194","rs12444504","A",0.261905,"G","CCGGT",0,0.2,0.4,0.4
"chr4_140853988","rs3736443","C",0.402116,"T","AACGA",0.6,0,0.2,0.2
"chr17_26725265","rs2239908","G",0.496032,"A","GCGTT",0,0.4,0.4,0.2
"chr4_30149860","rs114587779","T",0.00661376,"G","CCGCA",0.2,0,0.2,0.6
"chr2_277003","rs79716074","G",0.329365,"A","TCAAG",0.4,0.2,0.2,0.2
"chr6_42156924","rs56402927","A",0.210317,"C","GACCT",0.2,0.2,0.2,0.4
"chr1_204907784","rs2802822","A",0.445767,"G","GCAGA",0.4,0,0.4,0.2
"chr16_67689057","rs7195415","A",0.042328,"G","CAGGC",0.2,0,0.4,0.4
"chr11_108001621","rs10890815","T",0.420635,"C","GGTGC",0,0.2,0.6,0.2
"chr7_45144494","rs2289376","C",0.440476,"T","CCTGG",0,0.2,0.4,0.4
"chr11_123305966","rs2846054","G",0.48545,"T","CCTGC",0,0.2,0.2,0.6
"chr11_71339561","rs2004160","C",0.0449735,"T","CCTTA",0.2,0.4,0,0.4
"chr15_86066403","rs11855789","G",0.443122,"A","CTGTT",0,0.6,0.2,0.2
"chr6_13837421","rs139325344","T",0.0304233,"C","GTCAC",0.2,0.2,0.2,0.4
"chr8_4580027","rs11779262","A",0.00793651,"G","GAGGA",0.4,0,0.6,0
"chr10_91538538","rs1590566","A",0.265873,"G","TGGTT",0,0.6,0.4,0
"chr6_111580561","rs11153277","C",0.31746,"A","TGCCA",0.2,0.2,0.2,0.4
"chr5_65640456","rs2801646","G",0.399471,"A","GAATA",0.6,0.2,0.2,0
"chr1_110929476","rs1334882","A",0.466931,"C","TAACT",0.4,0.4,0,0.2
"chr22_19867189","rs13054371","C",0.443122,"T","ACTTT",0.2,0.6,0,0.2
"chr5_131710399","rs200838","A",0.433862,"C","GTAAT",0.4,0.4,0.2,0
"chr19_10805763","rs78374905","T",0.0238095,"C","GGCGC",0,0,0.6,0.4
"chr5_106209093","rs4146507","C",0.22619,"T","TTTAT",0.2,0.8,0,0
"chr8_144629876","rs58406433","G",0.309524,"A","CGAGA",0.4,0,0.4,0.2
"chr1_241384805","rs6682206","G",0.272487,"A","CAATG",0.4,0.2,0.2,0.2
"chr20_60929096","rs596039","T",0.0767196,"C","CCTCC",0,0.2,0,0.8
"chr19_19976988","rs60745231","A",0.265873,"G","GGGCC",0,0,0.6,0.4
"chr10_112925122","rs11195447","T",0.167989,"C","GCCGA",0.2,0,0.4,0.4
"chr12_32555090","rs11051985","A",0.232804,"G","CGGGA",0.2,0,0.6,0.2
"chr11_56839991","rs61886737","A",0.152116,"G","CCGGG",0,0,0.6,0.4
"chr13_53401705","rs535923","T",0.437831,"G","AGGCA",0.4,0,0.4,0.2
"chr3_187921377","rs181749551","T",0.10582,"A","ATATT",0.4,0.6,0,0
"chr14_25213249","rs142241984","C",0.015873,"T","GGTTG",0,0.4,0.6,0
"chr5_40668793","rs1553579","C",0.457672,"T","TCTAA",0.4,0.4,0,0.2
"chr19_18920155","rs10410509","T",0.194444,"C","CACAG",0.4,0,0.2,0.4
"chr15_80614848","rs11072898","A",0.484127,"G","TCGTG",0,0.4,0.4,0.2
"chr4_12172345","rs17331409","C",0.478836,"G","CTGTC",0,0.4,0.2,0.4
"chr21_22221942","rs61428009","T",0.0608466,"A","CAACT",0.4,0.2,0,0.4
"chr15_77839173","rs8041398","G",0.294974,"A","GAAGT",0.4,0.2,0.4,0
"chr12_69069189","rs7971268","A",0.0185185,"C","AACTA",0.6,0.2,0,0.2
"chr19_3537184","rs77733715","G",0.010582,"A","GAATT",0.4,0.4,0.2,0
"chr19_15813919","rs590828","C",0.46164,"T","CCTTC",0,0.4,0,0.6
"chr19_23899802","rs62120031","G",0.138889,"C","CTCAG",0.2,0.2,0.2,0.4
"chr2_3387445","rs6716036","A",0.322751,"G","TGGGA",0.2,0.2,0.6,0
"chr20_60295765","rs78389160","A",0.0026455,"G","CCGTG",0,0.2,0.4,0.4
"chr9_116865784","rs2418265","G",0.460317,"A","CAAGA",0.6,0,0.2,0.2
"chr12_42720234","rs3810786","A",0.157407,"C","TTCGC",0,0.4,0.2,0.4
"chr18_28559182","rs72922424","C",0.218254,"T","AATCC",0.4,0.2,0,0.4
"chr9_4297351","rs7872368","A",0.260582,"G","TTGGG",0,0.4,0.6,0
"chr2_139793330","rs2376111","A",0.404762,"G","ATGTA",0.4,0.4,0.2,0
"chr17_43316520","rs1023995","T",0.30291,"C","GGTAG",0.2,0.2,0.6,0
"chr5_65954819","rs6890946","T",0.283069,"C","TCCAG",0.2,0.2,0.2,0.4
"chr15_64536595","rs72756952","A",0.0595238,"G","CCGGG",0,0,0.6,0.4
"chr21_44280032","rs113849707","A",0.0277778,"T","AGTCG",0.2,0.2,0.4,0.2
"chr7_134652446","rs3800755","T",0.215608,"C","GGCTC",0,0.2,0.4,0.4
"chr9_128081436","rs3126227","C",0.492063,"A","GAAAG",0.6,0,0.4,0
"chr1_67235541","rs7535868","T",0.166667,"C","CTCTA",0.2,0.4,0,0.4
"chr6_32622350","rs17843706","A",0.349206,"T","TGTAA",0.4,0.4,0.2,0
"chr11_105564311","rs17477621","C",0.047619,"T","TTTTA",0.2,0.8,0,0
"chr11_19548702","rs1471898","T",0.19709,"G","GTGGG",0,0.2,0.8,0
"chr9_122188036","rs10818309","A",0.154762,"G","GCGTA",0.2,0.2,0.4,0.2
"chr17_776576","rs643840","A",0.216931,"T","TATAA",0.6,0.4,0,0
"chr1_201505945","rs6689149","C",0.419312,"T","CGCTC",0,0.2,0.2,0.6
"chr9_139833441","rs2090627","T",0.259259,"C","GGCCT",0,0.2,0.4,0.4
"chr2_182910326","rs7589699","G",0.272487,"T","AAGTT",0.4,0.4,0.2,0
"chr3_107657492","rs6437757","C",0.403439,"T","TGTGC",0,0.4,0.4,0.2
"chr17_28826560","rs2321857","G",0.489418,"T","ACGGT",0.2,0.2,0.4,0.2
"chr20_9060337","rs6039376","A",0.298942,"G","TGATC",0.2,0.4,0.2,0.2
"chr6_170043646","rs9295020","G",0.358466,"A","GTAAA",0.6,0.2,0.2,0
"chr5_74048150","rs6873912","A",0.113757,"C","GGCCT",0,0.2,0.4,0.4
"chr22_38831661","rs7291841","G",0.473545,"A","CTGCA",0.2,0.2,0.2,0.4
"chr11_89954112","rs11018922","G",0.141534,"A","CCAAC",0.4,0,0,0.6
"chr2_144024162","rs62170381","A",0.19709,"T","TATTA",0.4,0.6,0,0
"chr1_67031564","rs1156618","C",0.420635,"T","ACTAT",0.4,0.4,0,0.2
"chr16_75796479","rs8047500","G",0.441799,"A","AAGGG",0.4,0,0.6,0
"chr4_136609157","rs111674259","T",0.353175,"G","TGGTG",0,0.4,0.6,0
"chr1_45137703","rs6678831","A",0.387566,"G","GGGGC",0,0,0.8,0.2
"chr7_82931172","rs2709916","G",0.402116,"T","GTTAG",0.2,0.4,0.4,0
"chr17_40020085","rs9303318","C",0.272487,"T","CACCC",0.2,0,0,0.8
"chr16_16252000","rs150468","G",0.154762,"T","GTTCC",0,0.4,0.2,0.4
"chr19_47867763","rs2972605","C",0.398148,"G","GGCTG",0,0.2,0.6,0.2
"chr19_751553","rs13345388","G",0.469577,"A","AGATG",0.4,0.2,0.4,0
"chr20_349306","rs4813620","C",0.419312,"G","TTGGT",0,0.6,0.4,0
"chr6_111582885","rs9487605","A",0.321429,"G","GCATC",0.2,0.2,0.2,0.4
"chr2_237780727","rs4074882","T",0.239418,"C","TATCT",0.2,0.6,0,0.2
"chr6_88357749","rs13194003","G",0.460317,"C","CTGTC",0,0.4,0.2,0.4
"chr1_22375065","rs2501275","C",0.265873,"T","TCCAT",0.2,0.4,0,0.4
"chr9_100987890","rs10985517","C",0.358466,"T","CTTAG",0.2,0.4,0.2,0.2
"chr1_229114116","rs12408826","C",0.216931,"T","TTTTG",0,0.8,0.2,0
"chr19_44212631","rs10421675","A",0.00661376,"G","ATGGT",0.2,0.4,0.4,0
"chr19_59056991","rs77659740","T",0.0436508,"C","TACTC",0.2,0.4,0,0.4
"chr20_3179646","rs6076490","T",0.166667,"A","TTAGC",0.2,0.4,0.2,0.2
"chr8_47923945","rs2133480","A",0.104497,"C","CCCAT",0.2,0.2,0,0.6
"chr15_101094127",".","C",0.40873,"T","AATCC",0.4,0.2,0,0.4
"chr11_122019261","rs12421791","C",0.107143,"T","GCTCA",0.2,0.2,0.2,0.4
"chr22_51063477","rs6151429","C",0.0806878,"T","TATTA",0.4,0.6,0,0
"chr3_121570151","rs7652239","T",0.232804,"A","CAAGC",0.4,0,0.2,0.4
"chr6_21339001","rs75313415","T",0.219577,"A","TTAAA",0.6,0.4,0,0
"chr2_74725178","rs17009998","A",0.148148,"G","GGGAC",0.2,0,0.6,0.2
"chr5_159237715","rs111309854","T",0.010582,"C","AGCGC",0.2,0,0.4,0.4
"chr9_138025667","rs7866032","G",0.031746,"C","CACAG",0.4,0,0.2,0.4
"chr6_31430401","rs16899661","A",0.042328,"G","AGGTG",0.2,0.2,0.6,0
"chr19_8098007","rs141389570","C",0.00529101,"T","AGTAG",0.4,0.2,0.4,0
"chr14_102230414","rs12880263","G",0.313492,"A","TTGGC",0,0.4,0.4,0.2
"chr4_27134001","rs73122527","A",0.0198413,"C","CCCAT",0.2,0.2,0,0.6
"chr11_75544883","rs10899140","C",0.0806878,"T","ATTGT",0.2,0.6,0.2,0
"chr4_171697178","rs6818478","T",0.021164,"C","CCCGC",0,0,0.2,0.8
"chr8_13612460","rs17117416","G",0.154762,"C","CCCTG",0,0.2,0.2,0.6
"chr7_141572858","rs1285895","A",0.46164,"G","CCAAA",0.6,0,0,0.4
"chr16_29143427","rs12932818","A",0.0714286,"T","TTTGG",0,0.6,0.4,0
"chr9_134152643","rs112840483","G",0.390212,"T","GCTCT",0,0.4,0.2,0.4
"chr11_9502440","rs117931028","G",0.0753968,"A","AAAAA",1,0,0,0
"chr3_119378015","rs13065893","T",0.452381,"C","ACCAT",0.4,0.2,0,0.4
"chr10_104618695","rs7096169","G",0.354497,"A","TGAAT",0.4,0.4,0.2,0
"chr17_15443742","rs138309602","G",0.337302,"C","CACTT",0.2,0.4,0,0.4
"chr18_71177660","rs1943886","T",0.376984,"C","AACAT",0.6,0.2,0,0.2
"chr2_37519768","rs11682607","T",0.414021,"C","GGCGT",0,0.2,0.6,0.2
"chr19_33089898","rs147598079","G",0.0291005,"A","GCAGT",0.2,0.2,0.4,0.2
"chr17_78251696","rs62074445","T",0.203704,"C","AGCAG",0.4,0,0.4,0.2
"chr16_55524884","rs17859930","T",0.464286,"C","GGCGT",0,0.2,0.6,0.2
"chr1_230660459","rs11586829","A",0.416667,"G","CAATG",0.4,0.2,0.2,0.2
"chr9_139856639","rs908839","C",0.472222,"G","AACCT",0.4,0.2,0,0.4
"chr10_27606119","rs1619606","T",0.324074,"C","TTTTA",0.2,0.8,0,0
"chr1_103165709","rs72681250","C",0.0515873,"A","CTAGG",0.2,0.2,0.4,0.2
"chr12_19493103","rs10770476","G",0.215608,"A","AAGGG",0.4,0,0.6,0
"chr2_173943074","rs3769208","T",0.0224868,"G","CAGAT",0.4,0.2,0.2,0.2
"chrX_48169663","rs7877767","A",0.495682,"C","TCATC",0.2,0.4,0,0.4
"chr9_4317825","rs960485","C",0.484127,"T","AGTAG",0.4,0.2,0.4,0
"chr6_128790787","rs9491960","C",0.228836,"A","CAAAC",0.6,0,0,0.4
"chr15_30168981","rs7178240","T",0.12963,"C","TCCAT",0.2,0.4,0,0.4
"chr22_23375624","rs74332294","T",0.021164,"C","GGCTT",0,0.4,0.4,0.2
"chr13_96844257","rs75269568","A",0.0171958,"C","ACCCC",0.2,0,0,0.8
"chr19_8553400","rs1599870","A",0.289683,"G","CAGGC",0.2,0,0.4,0.4
"chr11_82952496","rs623313","T",0.291005,"C","GCCTC",0,0.2,0.2,0.6
"chr9_135009024","rs7858174","C",0.329365,"T","TGTCT",0,0.6,0.2,0.2
"chr17_6396967","rs71370446","G",0.19709,"C","GACTC",0.2,0.2,0.2,0.4
"chr7_158606959","rs184649426","T",0.00793651,"C","TCCGT",0,0.4,0.2,0.4
"chr11_111101680","rs7948676","T",0.43254,"G","GCTCG",0,0.2,0.4,0.4
"chr14_37346145","rs3985276","G",0.448413,"C","TACAC",0.4,0.2,0,0.4
"chr1_183584354","rs12082958","T",0.411376,"C","TTCCT",0,0.6,0,0.4
"chr11_9079092","rs68168878","A",0.220899,"G","GAGTC",0.2,0.2,0.4,0.2
"chr11_7508289","rs7949140","T",0.248677,"C","GCCTT",0,0.4,0.2,0.4
"chr22_44389518","rs118021477","T",0.0793651,"C","AACGG",0.4,0,0.4,0.2
"chr2_231895908","rs6436993","A",0.260582,"G","CTAAT",0.4,0.4,0,0.2
"chr20_5504777","rs4815830","C",0.369048,"T","TACAG",0.4,0.2,0.2,0.2
"chr15_45424918","rs938131","A",0.00132275,"G","CTACT",0.2,0.4,0,0.4
"chr17_48585734","rs75639658","T",0.223545,"C","CGCCC",0,0,0.2,0.8
"chr3_138703404","rs360703","A",0.231481,"T","TCAGT",0.2,0.4,0.2,0.2
"chr20_1028824","rs4816174","T",0.47619,"C","ATCGG",0.2,0.2,0.4,0.2
"chr3_3660752","rs13090921","C",0.357143,"A","TCAAC",0.4,0.2,0,0.4
"chr1_82727375","rs2657552","T",0.35582,"A","AAACA",0.8,0,0,0.2
"chr8_28453356","rs10109498","G",0.0912698,"A","CGGCC",0,0,0.4,0.6
"chr2_48752248","rs62135177","C",0.335979,"T","AATAA",0.8,0.2,0,0
"chr11_26007335","rs328487","C",0.231481,"T","AATGT",0.4,0.4,0.2,0
"chr1_182731499","rs79894475","A",0.0383598,"G","CAGGC",0.2,0,0.4,0.4
"chr2_33762963","rs17013237","G",0.115079,"A","AAATC",0.6,0.2,0,0.2
"chr17_80645926","rs2451203","C",0.334656,"T","GGCAA",0.4,0,0.4,0.2
"chr14_47826136","rs10134155","C",0.22619,"T","ATTGC",0.2,0.4,0.2,0.2
"chr21_18666429","rs12482892","G",0.419312,"A","ACAAT",0.6,0.2,0,0.2
"chr6_32743463","rs9276617","G",0.345238,"A","CTGTA",0.2,0.4,0.2,0.2
"chr16_14401962","rs30232","G",0.455026,"A","AGGTG",0.2,0.2,0.6,0
"chr4_149646538","rs28435578","C",0.191799,"T","GATAA",0.6,0.2,0.2,0
"chr10_46138664","rs61854156","A",0.281746,"G","CCGGC",0,0,0.4,0.6
"chr10_50970429","rs61846889","A",0.133598,"G","GCGCG",0,0,0.6,0.4
"chr16_75614121","rs74027432","C",0.0185185,"T","CATGA",0.4,0.2,0.2,0.2
"chr14_105558939","rs12883074","A",0.109788,"G","GGATC",0.2,0.2,0.4,0.2
"chr6_56094769","rs4310058","A",0.456349,"G","CAACT",0.4,0.2,0,0.4
"chr16_3202110","rs55704032","A",0.0119048,"T","GGTGT",0,0.4,0.6,0
"chr7_41691876","rs6961184","C",0.117725,"A","TGACA",0.4,0.2,0.2,0.2
"chr2_112622642","rs80200688","T",0.37963,"C","AGCAC",0.4,0,0.2,0.4
"chr19_38841714","rs80248244","C",0.240741,"A","GGAAA",0.6,0,0.4,0
"chr7_69991272","rs3113265","C",0.489418,"T","ACCGC",0.2,0,0.2,0.6
"chr7_130029507","rs1558918","A",0.316138,"T","TTAAA",0.6,0.4,0,0
"chr15_34954702","rs112860916","C",0.00396825,"G","TAGCT",0.2,0.4,0.2,0.2
"chr2_138680804","rs6430760","A",0.239418,"G","GGAAA",0.6,0,0.4,0
"chr1_17006446","rs28501465","T",0.37037,"A","ACAAA",0.8,0,0,0.2
"chr21_20127525","rs60913032","C",0.210317,"A","GCAGT",0.2,0.2,0.4,0.2
"chr13_44361527","rs55718203","C",0.252646,"G","GGGGC",0,0,0.8,0.2
"chr13_25091588","rs9578759","A",0.338624,"G","TCGGG",0,0.2,0.6,0.2
"chr19_53667637","rs4803054","C",0.411376,"T","CCCGC",0,0,0.2,0.8
"chr5_179557581","rs72813645","G",0.18254,"C","GTCAA",0.4,0.2,0.2,0.2
"chr6_78271928","rs11964597","G",0.224868,"A","ACACA",0.6,0,0,0.4
"chrX_31244279","rs2141758","G",0.183074,"C","TCCGA",0.2,0.2,0.2,0.4
"chr12_132617807","rs6598202","T",0.179894,"C","TACCC",0.2,0.2,0,0.6
"chr1_180845054","rs34451113","C",0.240741,"T","TTTAT",0.2,0.8,0,0
"chr22_25565420","rs7285325","A",0.214286,"G","GCGTC",0,0.2,0.4,0.4
"chr7_13484706","rs1560612","T",0.333333,"A","TTTAA",0.4,0.6,0,0
"chr11_76480570","rs1149603","G",0.399471,"A","ACAGG",0.4,0,0.4,0.2
"chr19_20615187","rs2002057","C",0.481481,"A","ACAGT",0.4,0.2,0.2,0.2
"chr10_104223628","rs7342070","T",0.439153,"C","GGTGA",0.2,0.2,0.6,0
"chr7_77525199","rs2471603","T",0.48545,"C","GGTAG",0.2,0.2,0.6,0
"chr16_25061541","rs9930940","C",0.47619,"A","TCACT",0.2,0.4,0,0.4
"chr18_68876889","rs4462705","T",0.466931,"C","AGTGG",0.2,0.2,0.6,0
"chr16_69406986","rs3785074","G",0.236772,"A","AGAGA",0.6,0,0.4,0
"chr8_15525181","rs354522","A",0.125661,"T","TAATT",0.4,0.6,0,0
"chr5_140000704","rs115962749","G",0.0145503,"C","AACCC",0.4,0,0,0.6
"chr19_54697714","rs36621","C",0.165344,"T","CTCTT",0,0.6,0,0.4
"chr6_54820676","rs9370343","A",0.366402,"G","CTGGG",0,0.2,0.6,0.2
"chr17_74857773","rs148677942","T",0.00661376,"C","CTCCT",0,0.4,0,0.6
"chr19_48888797","rs275849","G",0.181217,"C","CACTG",0.2,0.2,0.2,0.4
"chr7_137955452","rs151236434","C",0.236772,"G","TTGGG",0,0.4,0.6,0
"chr8_25129948","rs1122450","T",0.153439,"C","TATGT",0.2,0.6,0.2,0
"chr22_17630389","rs1034858","C",0.478836,"G","AGGAA",0.6,0,0.4,0
"chr4_190901780","rs11727742","G",0.335979,"A","GGATT",0.2,0.4,0.4,0
"chr20_52807631","rs75942081","G",0.00132275,"A","AAAAA",1,0,0,0
"chr13_37240635","rs73173335","G",0.133598,"A","AAACC",0.6,0,0,0.4
"chr7_143824180","rs2951337","A",0.458995,"G","TGGAA",0.4,0.2,0.4,0
"chr10_33758331","rs10827264","C",0.214286,"G","CACCC",0.2,0,0,0.8
"chr20_24497026","rs4283490","C",0.312169,"T","AACAG",0.6,0,0.2,0.2
"chr20_1977045","rs10854244","T",0.256614,"A","CTACT",0.2,0.4,0,0.4
"chr22_43940914","rs8135256","G",0.399471,"A","AGATA",0.6,0.2,0.2,0
"chr2_34451391","rs2193809","C",0.247354,"T","TTCAG",0.2,0.4,0.2,0.2
"chr7_138570780","rs76660450","C",0.037037,"G","CGGTC",0,0.2,0.4,0.4
"chr5_6503086","rs147901895","A",0.0198413,"G","CTGTC",0,0.4,0.2,0.4
"chr13_78145794","rs675746","G",0.111111,"A","CCGGC",0,0,0.4,0.6
"chr21_29547712","rs2831609","G",0.396825,"C","AAGTC",0.4,0.2,0.2,0.2
"chr1_218764695","rs2964996","A",0.337302,"G","AGGCT",0.2,0.2,0.4,0.2
"chr1_229642652","rs6671385","T",0.205026,"C","TCCTC",0,0.4,0,0.6
"chr5_3636415","rs10475227","C",0.284392,"T","CTTAT",0.2,0.6,0,0.2
"chr4_167753071",".","A",0.494709,"G","TTGTC",0,0.6,0.2,0.2
"chr7_117332914","rs975722","G",0.419312,"A","ATAGC",0.4,0.2,0.2,0.2
"chr2_96991492","rs772174","A",0.321429,"G","CTAGA",0.4,0.2,0.2,0.2
"chr7_130681534","rs978061","C",0.0740741,"T","GCCCA",0.2,0,0.2,0.6
"chr12_51367331","rs11169648","A",0.183862,"G","GAGCA",0.4,0,0.4,0.2
"chr1_24799552","rs195730","G",0.384921,"C","TGGAA",0.4,0.2,0.4,0
"chr6_76096927","rs9443169","T",0.415344,"C","TATGG",0.2,0.4,0.4,0
"chr20_40021959","rs6065347","C",0.227513,"T","GATTG",0.2,0.4,0.4,0
"chrX_150978781","rs5925045","A",0.151986,"C","TCATT",0.2,0.6,0,0.2
"chrX_111289025","rs7880303","G",0.143351,"C","ACCGT",0.2,0.2,0.2,0.4
"chr8_107888223","rs4734933","T",0.162698,"C","TACAT",0.4,0.4,0,0.2
"chr19_21472860","rs565406","A",0.275132,"G","ATGAG",0.4,0.2,0.4,0
"chr3_127173212","rs4974434","A",0.174603,"G","CAGGC",0.2,0,0.4,0.4
"chr9_102831114","rs7020822","G",0.382275,"T","CGTTT",0,0.6,0.2,0.2
"chr9_140030001","rs112761828","G",0.424603,"C","AGCAG",0.4,0,0.4,0.2
"chr6_46624656","rs7739815","T",0.277778,"A","GCAGT",0.2,0.2,0.4,0.2
"chr2_85178194","rs72928835","A",0.0793651,"G","CCGCG",0,0,0.4,0.6
"chr20_34854324","rs2425202","T",0.395503,"C","GATGA",0.4,0.2,0.4,0
"chr16_75322228","rs4888374","T",0.154762,"C","CCTAC",0.2,0.2,0,0.6
"chr1_7897133","rs10462021","G",0.185185,"A","TCATG",0.2,0.4,0.2,0.2
"chr1_26452386","rs17257127","A",0.174603,"G","CAGTT",0.2,0.4,0.2,0.2
"chr7_7115229","rs55653330","G",0.425926,"T","GTGTA",0.2,0.4,0.4,0
"chr13_43285667","rs12584810","T",0.354497,"A","CTTTT",0,0.8,0,0.2
"chr8_17121711","rs73200936","A",0.0582011,"C","AACCC",0.4,0,0,0.6
"chr19_5908488","rs445493","A",0.367725,"G","GCATA",0.4,0.2,0.2,0.2
"chr4_6458673","rs4277850","A",0.0925926,"G","GCGCC",0,0,0.4,0.6
"chr19_23927252","rs1818990","C",0.0568783,"T","ATCTG",0.2,0.4,0.2,0.2
"chr3_27754726","rs72902589","C",0.198413,"G","ACGGC",0.2,0,0.4,0.4
"chr6_135623833","rs2207000","T",0.210317,"C","TCCAA",0.4,0.2,0,0.4
"chr16_89237774","rs4997278","G",0.116402,"A","CCACC",0.2,0,0,0.8
"chr19_49964325","rs12976127","A",0.279101,"G","GGAGC",0.2,0,0.6,0.2
"chr19_3589413","rs10406702","C",0.119048,"T","CATGG",0.2,0.2,0.4,0.2
"chr8_76494388","rs2977961","C",0.339947,"T","AATAA",0.8,0.2,0,0
"chr11_63366389","rs11231528","A",0.276455,"C","TGCGT",0,0.4,0.4,0.2
"chr8_61249576","rs3896736","A",0.445767,"G","GCGGG",0,0,0.8,0.2
"chr4_52728640","rs6829208","C",0.215608,"T","CCTAA",0.4,0.2,0,0.4
"chr20_44402869","rs2664529","C",0.320106,"T","ATCGG",0.2,0.2,0.4,0.2
"chr3_20114044","rs3828349","C",0.436508,"T","AATGC",0.4,0.2,0.2,0.2
"chr17_16804581","rs7212570","T",0.12037,"G","CCGTA",0.2,0.2,0.2,0.4
"chr2_118884724","rs10168587","C",0.191799,"T","TTTGT",0,0.8,0.2,0
"chr15_87991757","rs56395531","T",0.375661,"C","CGCGC",0,0,0.4,0.6
"chr9_73992438","rs4327920","C",0.444444,"G","CTGTA",0.2,0.4,0.2,0.2
"chr3_146379137","rs9872725","G",0.34127,"A","CCGGC",0,0,0.4,0.6
"chr19_28583376","rs141833021","T",0.0621693,"C","GCCGC",0,0,0.4,0.6
"chr5_137461104",".","C",0.0410053,"A","ACAAA",0.8,0,0,0.2
"chr1_159825916","rs11587021","T",0.421958,"C","GGCAG",0.2,0,0.6,0.2
"chr8_6104388","rs6559124","G",0.386243,"C","CAGTG",0.2,0.2,0.4,0.2
"chr3_185518910","rs35510946","A",0.28836,"G","ACGGG",0.2,0,0.6,0.2
"chr16_28288282","rs77436586","A",0.392857,"G","CGGGC",0,0,0.6,0.4
"chr2_106689736","rs66989638","A",0.132275,"G","GCGGG",0,0,0.8,0.2
"chr8_5816158","rs2816404","A",0.218254,"G","GCATG",0.2,0.2,0.4,0.2
"chr1_12898116","rs12032548","A",0.0992063,"G","ACGGT",0.2,0.2,0.4,0.2
"chr4_181526386","rs57215336","T",0.228836,"G","CCGCC",0,0,0.2,0.8
"chr1_145399296","rs75015959","T",0.0502646,"C","ACCAC",0.4,0,0,0.6
"chr3_125003517","rs2039718","C",0.26455,"A","CCCAA",0.4,0,0,0.6
"chr6_154522757","rs9397181","A",0.12963,"G","GCGGT",0,0.2,0.6,0.2
"chr7_43234062","rs57209616","A",0.0965608,"G","CAGTC",0.2,0.2,0.2,0.4
"chr6_159414608","rs79073226","T",0.0251323,"C","TCCGG",0,0.2,0.4,0.4
"chr2_71699827","rs62143760","T",0.310847,"C","CGCGC",0,0,0.4,0.6
"chr1_188761849","rs115060462","C",0.0224868,"T","AATAT",0.6,0.4,0,0
"chr10_97315086","rs7086893","A",0.157407,"T","CATCT",0.2,0.4,0,0.4
"chr3_175608351","rs13064427","T",0.130952,"C","CCCGA",0.2,0,0.2,0.6
"chr18_61046267","rs9946122","G",0.134921,"A","ATAAA",0.8,0.2,0,0
"chr6_67535609","rs3924536","G",0.365079,"C","AGCCA",0.4,0,0.2,0.4
"chr5_77687589","rs58964642","A",0.289683,"G","AGAAG",0.6,0,0.4,0
"chr19_22342486","rs465150","G",0.343915,"T","AGTGC",0.2,0.2,0.4,0.2
"chr8_144933453","rs7464611","C",0.417989,"T","ACCAG",0.4,0,0.2,0.4
"chr2_104948985","rs79969621","C",0.047619,"G","CTGGG",0,0.2,0.6,0.2
"chr2_232579235","rs115293873","A",0.00661376,"C","TTCCA",0.2,0.4,0,0.4
"chr4_5812195","rs2279250","A",0.309524,"G","GGACC",0.2,0,0.4,0.4
"chr13_58547538","rs4032730","C",0.00661376,"A","TTCCC",0,0.4,0,0.6
"chr18_76335599","rs4798961","A",0.283069,"G","ACGCC",0.2,0,0.2,0.6
"chr15_64330558","rs433890","T",0.153439,"C","GCTGT",0,0.4,0.4,0.2
"chr6_31163569","rs9391819","G",0.224868,"A","CCACC",0.2,0,0,0.8
"chr11_92749586","rs53380","C",0.445767,"A","AACCT",0.4,0.2,0,0.4
"chr15_80124974","rs7180995","G",0.252646,"A","CCATG",0.2,0.2,0.2,0.4
"chr19_19369435","rs2074295","G",0.202381,"A","GCACT",0.2,0.2,0.2,0.4
"chr8_22785047","rs73218763","T",0.191799,"C","TACCT",0.2,0.4,0,0.4
"chr22_27070451","rs713720","C",0.133598,"G","TACAG",0.4,0.2,0.2,0.2
"chr10_74091924","rs9415066","T",0.406085,"C","ACTGG",0.2,0.2,0.4,0.2
"chr1_80247296","rs6669432","C",0.22619,"A","TTAAT",0.4,0.6,0,0
"chr6_2699794","rs35956631","A",0.0343915,"G","AAGTG",0.4,0.2,0.4,0
"chr18_25645403","rs1220029","G",0.42328,"A","GAATC",0.4,0.2,0.2,0.2
"chr16_84069686","rs34968571","A",0.231481,"C","TACAG",0.4,0.2,0.2,0.2
"chr3_4994334","rs7630637","T",0.202381,"C","CATGC",0.2,0.2,0.2,0.4
"chr5_173085912","rs7738022","A",0.280423,"G","CAAGC",0.4,0,0.2,0.4
"chr19_54631911","rs2668840","A",0.484127,"G","CCATT",0.2,0.4,0,0.4
"chr14_76565059","rs55951156","A",0.453704,"C","CCCCT",0,0.2,0,0.8
"chr2_4308233","rs7604841","C",0.0251323,"T","ATTTT",0.2,0.8,0,0
"chr3_145941931","rs7633567","T",0.351852,"C","TGCAC",0.2,0.2,0.2,0.4
"chr1_13037860","rs201365789","A",0.248677,"G","AAAAA",1,0,0,0
"chr10_52355506","rs10826234","G",0.414021,"A","CCATG",0.2,0.2,0.2,0.4
"chr2_7060925","rs771275","G",0.0859788,"A","TAGTT",0.2,0.6,0.2,0
"chr7_34610409","rs74866708","T",0.0648148,"A","TGAAA",0.6,0.2,0.2,0
"chr14_102351753","rs1678027","A",0.145503,"G","CCGGC",0,0,0.4,0.6
"chr6_133131377","rs61421874","G",0.145503,"A","TCAGC",0.2,0.2,0.2,0.4
"chr7_117780141","rs7795737","G",0.0436508,"T","TATAG",0.4,0.4,0.2,0
"chr15_93180918","rs111552896","A",0.0171958,"G","TAGGG",0.2,0.2,0.6,0
"chr15_37737948","rs1851136","A",0.458995,"G","GCATC",0.2,0.2,0.2,0.4
"chr16_29119860","rs1641993","T",0.490741,"A","GTTAA",0.4,0.4,0.2,0
"chr12_3239167","rs489296","G",0.378307,"T","CATCC",0.2,0.2,0,0.6
"chr7_101932124","rs1734753","A",0.257937,"G","ACAAG",0.6,0,0.2,0.2
"chr12_19154082","rs10841134","G",0.189153,"A","GAACT",0.4,0.2,0.2,0.2
"chr12_48914379","rs142070765","T",0.0185185,"C","GGCGG",0,0,0.8,0.2
"chr17_1536882","rs35678363","A",0.330688,"G","AGGCA",0.4,0,0.4,0.2
"chr21_46712324","rs28623526","C",0.382275,"T","CCTGC",0,0.2,0.2,0.6
"chr8_144360790","rs28736487","T",0.439153,"G","GAGGA",0.4,0,0.6,0
"chr18_22137319","rs16940823","A",0.17328,"C","AACTT",0.4,0.4,0,0.2
"chr20_9986855","rs78434004","A",0.164021,"C","TACTA",0.4,0.4,0,0.2
"chr18_24963441","rs9961271","T",0.255291,"C","CTCCT",0,0.4,0,0.6
"chr6_33258443","rs456261","G",0.493386,"A","GTGAG",0.2,0.2,0.6,0
"chr18_3127447","rs57187671","C",0.15873,"T","TATAG",0.4,0.4,0.2,0
"chr8_3402402","rs79246624","C",0.0462963,"T","AATAT",0.6,0.4,0,0
"chr11_67860751","rs67569920","A",0.0330688,"G","GAGCC",0.2,0,0.4,0.4
"chr21_36660447","rs2091857","T",0.0833333,"G","TTGCA",0.2,0.4,0.2,0.2
"chr21_44212900","rs11700755","G",0.277778,"A","CCGAG",0.2,0,0.4,0.4
"chr2_240015784","rs1053025","T",0.493386,"C","ACTGC",0.2,0.2,0.2,0.4
"chr4_627522","rs35535457","C",0.031746,"T","ACTCC",0.2,0.2,0,0.6
"chr15_77239651","rs2280194","T",0.300265,"C","TCCAA",0.4,0.2,0,0.4
"chr4_56526433","rs12506506","A",0.0912698,"G","CTGGT",0,0.4,0.4,0.2
"chr1_229284991","rs111163021","A",0.260582,"G","GTGTC",0,0.4,0.4,0.2
"chr17_47891201","rs7213050","T",0.0396825,"C","GTCCC",0,0.2,0.2,0.6
"chr6_42164631","rs62414729","A",0.198413,"G","TTGCC",0,0.4,0.2,0.4
"chr16_25874565","rs12444571","T",0.306878,"C","CCCGG",0,0,0.4,0.6
"chr12_82714038","rs4554961","G",0.10582,"C","GAGCT",0.2,0.2,0.4,0.2
"chr22_51021599","rs131756","C",0.490741,"T","AGCTG",0.2,0.2,0.4,0.2
"chr6_3003970","rs138616686","G",0.272487,"A","TGAAT",0.4,0.4,0.2,0
"chr17_51647451","rs9898755","T",0.490741,"C","GATGA",0.4,0.2,0.4,0
"chr10_52357891","rs11006259","T",0.488095,"C","GACGG",0.2,0,0.6,0.2
"chr2_89012236","rs73952337","G",0.0291005,"T","CATCA",0.4,0.2,0,0.4
"chr5_176936194","rs79999495","C",0.0595238,"G","CTGTG",0,0.4,0.4,0.2
"chr20_3193893","rs7270101","C",0.12037,"A","TTATT",0.2,0.8,0,0
"chr5_140554006","rs2907329","C",0.457672,"G","CGCGT",0,0.2,0.4,0.4
"chr3_112564801","rs6766388","T",0.388889,"A","TGTGT",0,0.6,0.4,0
"chr3_196308881","rs923066","C",0.444444,"A","GGAAG",0.4,0,0.6,0
"chr20_52655900","rs2276488","C",0.202381,"G","TGGTA",0.2,0.4,0.4,0
"chr4_179298514","rs3113670","A",0.210317,"T","ACTCT",0.2,0.4,0,0.4
"chr15_43573421","rs518234","A",0.330688,"G","GGGGT",0,0.2,0.8,0
"chr2_105961177","rs2679844","T",0.279101,"C","TATAG",0.4,0.4,0.2,0
"chr9_106658219","rs12237528","A",0.277778,"C","AAACA",0.8,0,0,0.2
"chr4_156902657","rs145049904","T",0.0330688,"C","TGCTT",0,0.6,0.2,0.2
"chr4_188336449","rs67451289","T",0.396825,"C","GGCTT",0,0.4,0.4,0.2
"chr16_62221906","rs4783769","A",0.424603,"C","AGAGT",0.4,0.2,0.4,0
"chr13_57981349","rs1409238","G",0.47619,"A","CCGTT",0,0.4,0.2,0.4
"chr4_91296454","rs1903577","C",0.294974,"T","TGTCT",0,0.6,0.2,0.2
"chr2_120196581","rs2587662","G",0.12037,"A","ATGCA",0.4,0.2,0.2,0.2
"chr1_162260715","rs10800409","T",0.164021,"C","CTCGG",0,0.2,0.4,0.4
"chr1_169803584","rs80067086","T",0.0396825,"C","AACAA",0.8,0,0,0.2
"chr9_133594897","rs2791724","T",0.318783,"C","GGCGA",0.2,0,0.6,0.2
"chr1_95699184","rs3753872","T",0.123016,"G","AATAA",0.8,0.2,0,0
"chr15_60730250","rs79120050","T",0.123016,"C","AACAA",0.8,0,0,0.2
"chrX_79279186","rs1429591","T",0.129534,"G","TGGTT",0,0.6,0.4,0
"chr11_13010967","rs61878847","G",0.228836,"A","GGAGT",0.2,0.2,0.6,0
"chr5_152826444","rs4958656","C",0.285714,"T","TTTGA",0.2,0.6,0.2,0
"chr8_2996012","rs10046663","G",0.455026,"T","ATGGG",0.2,0.2,0.6,0
"chr6_169424982","rs190547346","A",0.0542328,"G","ACGGT",0.2,0.2,0.4,0.2
"chr10_44230860","rs4948758","G",0.308201,"A","CAAAT",0.6,0.2,0,0.2
"chr1_84287850","rs6696585","A",0.300265,"T","TATAA",0.6,0.4,0,0
"chrX_6115027","rs12559402","T",0.0656304,"C","TGCAG",0.2,0.2,0.4,0.2
"chr3_100743348","rs34748077","G",0.150794,"A","TCAGG",0.2,0.2,0.4,0.2
"chr2_228012491","rs17302501","A",0.00132275,"T","TATCA",0.4,0.4,0,0.2
"chr6_32487583","rs111741540","G",0.181217,"A","GAATT",0.4,0.4,0.2,0
"chr22_25753970","rs5996922","A",0.150794,"G","TTGTT",0,0.8,0.2,0
"chr14_75298349","rs17782749","C",0.161376,"G","AAGTC",0.4,0.2,0.2,0.2
"chr20_37050817","rs3752278","T",0.178571,"C","AATGT",0.4,0.4,0.2,0
"chr7_102950486","rs77852366","G",0.0568783,"A","ATAAT",0.6,0.4,0,0
"chr14_39607180","rs11626472","T",0.224868,"G","ACGAG",0.4,0,0.4,0.2
"chr6_96550213","rs12211908","C",0.0185185,"A","TTAAA",0.6,0.4,0,0
"chr7_16819436","rs13221643","G",0.371693,"A","TCACC",0.2,0.2,0,0.6
"chr11_60045958","rs55715159","C",0.116402,"A","ATAAT",0.6,0.4,0,0
"chr5_180631387","rs390485","A",0.218254,"G","GTGGG",0,0.2,0.8,0
"chr17_45657843","rs35919601","C",0.496032,"T","TGCCT",0,0.4,0.2,0.4
"chr20_939061","rs78998377","C",0.0542328,"G","ATGGT",0.2,0.4,0.4,0
"chr13_49545163",".","T",0.441799,"C","CTCCC",0,0.2,0,0.8
"chr3_12707792","rs6801357","T",0.246032,"C","GATTA",0.4,0.4,0.2,0
"chr10_90510882","rs364303","C",0.214286,"T","TGTCA",0.2,0.4,0.2,0.2
"chr1_91926281","rs56294329","C",0.23545,"G","CTCTC",0,0.4,0,0.6
"chr5_120981212","rs151053343","A",0.133598,"C","GGCTT",0,0.4,0.4,0.2
"chr10_14980699","rs11259399","T",0.107143,"A","AGAGC",0.4,0,0.4,0.2
"chr8_11625008","rs804276","A",0.37963,"G","ATGTA",0.4,0.4,0.2,0
"chr11_83126940","rs11523976","C",0.301587,"T","TCTGG",0,0.4,0.4,0.2
"chr5_169137719","rs11134587","T",0.43254,"C","AGCGG",0.2,0,0.6,0.2
"chr3_16364617","rs567541","A",0.421958,"G","CTAGC",0.2,0.2,0.2,0.4
"chr13_48479876","rs9534861","T",0.390212,"C","TGCTT",0,0.6,0.2,0.2
"chr5_76943223","rs1024985","A",0.337302,"G","CGGCA",0.2,0,0.4,0.4
"chr9_90328116","rs114375427","C",0.132275,"T","TGTGT",0,0.6,0.4,0
"chr14_106901229","rs4393472","T",0.44709,"G","AAGCT",0.4,0.2,0.2,0.2
"chr2_189176543","rs10197505","G",0.470899,"A","ACGTA",0.4,0.2,0.2,0.2
"chr9_17797170","rs3808661","A",0.298942,"C","CACTG",0.2,0.2,0.2,0.4
"chr4_15881412","rs2532083","T",0.223545,"C","GTCAA",0.4,0.2,0.2,0.2
"chr3_73334035","rs6549523","G",0.493386,"A","ATGAT",0.4,0.4,0.2,0
"chr9_116152990","rs1805312","G",0.0621693,"C","ACCTT",0.2,0.4,0,0.4
"chr11_66825628","rs4930407","G",0.42328,"A","CTAGC",0.2,0.2,0.2,0.4
"chr8_139101291","rs1033917","G",0.407407,"T","GCGAA",0.4,0,0.4,0.2
"chr3_184009311","rs55942143","G",0.026455,"T","CGTGT",0,0.4,0.4,0.2
"chr17_30206059","rs11658318","T",0.351852,"C","TATAT",0.4,0.6,0,0
"chr2_230256586","rs207671","G",0.455026,"A","CTGTG",0,0.4,0.4,0.2
"chr19_36249521","rs231237","A",0.37037,"G","CAGGA",0.4,0,0.4,0.2
"chr6_153727920","rs78162685","C",0.0687831,"T","CCTGT",0,0.4,0.2,0.4
"chr2_39112166","rs11124653","C",0.363757,"A","AACAT",0.6,0.2,0,0.2
"chr10_135025830","rs11813827","A",0.00132275,"C","CACAT",0.4,0.2,0,0.4
"chr10_6960041","rs2791415","C",0.00661376,"T","AACGT",0.4,0.2,0.2,0.2
"chr2_225363373","rs3768892","A",0.128307,"G","GTGTG",0,0.4,0.6,0
"chr4_165117529","rs13115598","T",0.190476,"C","TTTGA",0.2,0.6,0.2,0
"chr19_21704845","rs8110814","G",0.453704,"A","AGGAG",0.4,0,0.6,0
"chr9_903167","rs77441406","G",0.0925926,"C","CCCAA",0.4,0,0,0.6
"chr2_169673409","rs2433681","A",0.0992063,"G","ACGTT",0.2,0.4,0.2,0.2
"chr15_30776002","rs62017511","T",0.231481,"G","TGGAT",0.2,0.4,0.4,0
"chr4_108723217","rs73838222","G",0.0489418,"A","ACATG",0.4,0.2,0.2,0.2
"chr5_173790982","rs4867755","A",0.436508,"G","ACATG",0.4,0.2,0.2,0.2
"chr1_119094939","rs4659099","C",0.325397,"T","GGCCA",0.2,0,0.4,0.4
"chr1_112145503","rs12045658","C",0.230159,"T","AGTGT",0.2,0.4,0.4,0
"chr1_172935443","rs2179424","A",0.403439,"G","TGGGT",0,0.4,0.6,0
"chr1_169084155","rs1124571","C",0.301587,"A","GGAGT",0.2,0.2,0.6,0
"chr3_119262884","rs71325384","A",0.154762,"G","GCGCC",0,0,0.4,0.6
"chr1_164883887","rs7538001","C",0.469577,"T","CATCC",0.2,0.2,0,0.6
"chr15_77830430","rs869302","C",0.398148,"T","TTTCC",0,0.6,0,0.4
"chr3_155660025","rs58227176","A",0.0873016,"G","CCGCC",0,0,0.2,0.8
"chr4_14814112","rs11721768","G",0.219577,"A","GAAGA",0.6,0,0.4,0
"chr6_27132529","rs9393791","G",0.313492,"C","CTCTT",0,0.6,0,0.4
"chr22_49102991","rs130139","A",0.330688,"G","GTAGG",0.2,0.2,0.6,0
"chr8_25475442","rs13280167","G",0.167989,"A","CAAGA",0.6,0,0.2,0.2
"chr7_157286469","rs73744951","G",0.00793651,"A","ACAGA",0.6,0,0.2,0.2
"chr6_161135313","rs4252097","A",0.010582,"G","TTGTT",0,0.8,0.2,0
"chr2_215701110","rs184907807","C",0.252646,"A","GGAGA",0.4,0,0.6,0
"chr18_70344229","rs8099349","T",0.451058,"C","CATTA",0.4,0.4,0,0.2
"chr14_55835227","rs11626751","C",0.42328,"T","ACTGC",0.2,0.2,0.2,0.4
"chr8_136817274","rs9644463","T",0.199735,"G","AGTGG",0.2,0.2,0.6,0
"chr7_64842625","rs59672155","G",0.12963,"T","GCTCG",0,0.2,0.4,0.4
"chr7_7129900","rs78770530","G",0.010582,"A","GCAGC",0.2,0,0.4,0.4
"chr10_52503009","rs4445583","G",0.167989,"A","ATGTA",0.4,0.4,0.2,0
"chr9_114004227","rs10980835","T",0.141534,"C","GGCGT",0,0.2,0.6,0.2
"chr11_67889375","rs11228137","C",0.392857,"G","GCCAC",0.2,0,0.2,0.6
"chr5_141464900","rs1960082","T",0.183862,"C","CGCGG",0,0,0.6,0.4
"chr8_22456949","rs184417638","C",0.353175,"A","CTACC",0.2,0.2,0,0.6
"chr12_57981348","rs2619439","C",0.255291,"T","AGCGG",0.2,0,0.6,0.2
"chr4_47916346","rs6826122","C",0.0185185,"G","GGCGA",0.2,0,0.6,0.2
"chr19_47924799","rs12609495","C",0.142857,"T","ACCGC",0.2,0,0.2,0.6
"chr2_557322","rs10209658","C",0.0846561,"T","ACTCT",0.2,0.4,0,0.4
"chr20_24937690","rs184996321","A",0.0529101,"G","AGGGA",0.4,0,0.6,0
"chr12_58289072","rs6650217","G",0.441799,"T","AATTT",0.4,0.6,0,0
"chr7_18375750","rs34685336","C",0.236772,"T","TCTTG",0,0.6,0.2,0.2
"chr7_115940567","rs1950022","C",0.238095,"T","TCTTC",0,0.6,0,0.4
"chr19_18458913","rs8112644","G",0.292328,"C","CACGA",0.4,0,0.2,0.4
"chrX_36624029","rs10442478","G",0.176166,"A","TCAGG",0.2,0.2,0.4,0.2
"chrX_84878727","rs147018941","T",0.241796,"C","GGCGC",0,0,0.6,0.4
"chr17_4835217","rs2243090","T",0.349206,"C","CCTGG",0,0.2,0.4,0.4
"chr15_50522468","rs8041910","G",0.142857,"T","ACTGT",0.2,0.4,0.2,0.2
"chr8_1406454","rs9785114","A",0.480159,"T","AATTC",0.4,0.4,0,0.2
"chr17_42460258","rs7223967","A",0.0595238,"C","CACCT",0.2,0.2,0,0.6
"chr18_29280613","rs11873601","T",0.0410053,"G","GGGTT",0,0.4,0.6,0
"chr11_65649984","rs687672","T",0.18254,"C","GATGT",0.2,0.4,0.4,0
"chr2_137300619","rs76893519","A",0.00925926,"G","GGGGA",0.2,0,0.8,0
"chr5_179722699","rs74731376","A",0.23545,"G","TCGGG",0,0.2,0.6,0.2
"chrX_24231758","rs5949242","C",0.298791,"T","TATAG",0.4,0.4,0.2,0
"chr2_179194460","rs78416442","C",0.0489418,"T","TTTAG",0.2,0.6,0.2,0
"chr5_166827460","rs1158821","C",0.48545,"A","ACAGG",0.4,0,0.4,0.2
"chr12_9881156","rs4763835","C",0.0899471,"T","GACAT",0.4,0.2,0.2,0.2
"chr19_13215111","rs75951249","A",0.100529,"G","CAGGA",0.4,0,0.4,0.2
"chr3_124476688","rs4678153","C",0.128307,"G","CTGAG",0.2,0.2,0.4,0.2
"chr6_31085770","rs551894425","G",0.470899,"A","AAGTA",0.6,0.2,0.2,0
"chr13_25338132","rs3809337","C",0.420635,"T","CTCAA",0.4,0.2,0,0.4
"chr6_24161724","rs9379646","C",0.164021,"A","TGAGC",0.2,0.2,0.4,0.2
"chr16_78041955","rs34349900","T",0.47619,"A","ACTGC",0.2,0.2,0.2,0.4
"chr17_65450530","rs66540117","A",0.287037,"T","ATTTC",0.2,0.6,0,0.2
"chr3_73005425","rs17742738","G",0.0833333,"C","GTCCA",0.2,0.2,0.2,0.4
"chr15_85112069","rs4125577","G",0.414021,"A","ATGGT",0.2,0.4,0.4,0
"chr8_6553393","rs117833428","G",0.037037,"A","CAAAT",0.6,0.2,0,0.2
"chr7_43994957","rs77756953","T",0.115079,"A","TGAAA",0.6,0.2,0.2,0
"chr10_52240232","rs7096968","C",0.157407,"T","GTTGG",0,0.4,0.6,0
"chr1_204583462","rs112829488","T",0.0542328,"C","GGCCT",0,0.2,0.4,0.4
"chr16_76837795","rs9933879","A",0.190476,"T","GTTCT",0,0.6,0.2,0.2
"chr7_10319397","rs12702994","A",0.133598,"G","TCGGA",0.2,0.2,0.4,0.2
"chr2_12065180","rs2581086","A",0.481481,"G","GGAGG",0.2,0,0.8,0
"chr22_45260929","rs8136460","T",0.339947,"C","CACAG",0.4,0,0.2,0.4
"chr17_216887","rs35770050","A",0.27381,"G","ACGTG",0.2,0.2,0.4,0.2
"chr13_28587135","rs9507977","A",0.456349,"G","CCAGC",0.2,0,0.2,0.6
"chr5_153871896","rs283435","C",0.0899471,"G","AGGCT",0.2,0.2,0.4,0.2
"chr9_37892652","rs12551827","T",0.152116,"C","AGCCT",0.2,0.2,0.2,0.4
"chr18_56578500","rs11659203","T",0.284392,"C","CTCAC",0.2,0.2,0,0.6
"chr11_5732027","rs12417849","T",0.0396825,"C","GTCTT",0,0.6,0.2,0.2
"chr1_120264823","rs12144094","G",0.136243,"C","CTCTA",0.2,0.4,0,0.4
"chr3_158788691","rs11717813","C",0.464286,"T","GGTTA",0.2,0.4,0.4,0
"chr2_85895704","rs3024791","T",0.12037,"C","CTCTT",0,0.6,0,0.4
"chr1_25907052","rs80134243","C",0.0846561,"G","GTGCG",0,0.2,0.6,0.2
"chr2_86299122","rs311579","G",0.404762,"A","TTATG",0.2,0.6,0.2,0
"chr10_15638751","rs1057969","A",0.435185,"G","ACGTA",0.4,0.2,0.2,0.2
"chr2_203381135","rs7565875","T",0.142857,"C","CACCT",0.2,0.2,0,0.6
"chr16_53165633","rs73590892","A",0.271164,"C","TGCCC",0,0.2,0.2,0.6
"chr5_34930387","rs35176895","C",0.460317,"T","CGTCC",0,0.2,0.2,0.6
"chrX_84203996","rs1829207","A",0.28152,"G","GGACA",0.4,0,0.4,0.2
"chr10_101409945","rs10786566","C",0.125661,"T","CTCTC",0,0.4,0,0.6
"chr15_31758161","rs11071070","T",0.30291,"C","ACCCC",0.2,0,0,0.8
"chr5_113158969","rs60568614","T",0.257937,"G","AAGTA",0.6,0.2,0.2,0
"chr12_105903617","rs58085209","C",0.111111,"G","AGGCT",0.2,0.2,0.4,0.2
"chrX_151203283","rs145886888","T",0.227979,"C","GGCGT",0,0.2,0.6,0.2
"chr12_129172019","rs11829045","T",0.133598,"C","GACTG",0.2,0.2,0.4,0.2
"chr13_42507471","rs9315873","C",0.325397,"T","TATCT",0.2,0.6,0,0.2
"chr3_196050834","rs35643777","T",0.107143,"C","GACGG",0.2,0,0.6,0.2
"chr6_32525373","rs187514978","A",0.162698,"C","TGCAT",0.2,0.4,0.2,0.2
"chr22_43580065","rs743808","C",0.440476,"T","CACGT",0.2,0.2,0.2,0.4
"chr17_43245614","rs73319049","C",0.472222,"T","GCCGA",0.2,0,0.4,0.4
"chr12_21117047","rs1502494","G",0.380952,"A","GCGTA",0.2,0.2,0.4,0.2
"chr10_70023053","rs10762198","A",0.260582,"G","GAAGA",0.6,0,0.4,0
"chr16_75579233","rs2738801","T",0.275132,"A","CAATG",0.4,0.2,0.2,0.2
"chr5_150294883","rs11739677","G",0.0992063,"A","CTATT",0.2,0.6,0,0.2
"chr2_232279155","rs10804374","G",0.137566,"A","ACATT",0.4,0.4,0,0.2
"chr16_89708682","rs187492937","G",0.0251323,"C","TGCTT",0,0.6,0.2,0.2
"chr17_79980756","rs3934983","C",0.44709,"A","CGCGC",0,0,0.4,0.6
"chr2_128601602","rs12692069","T",0.498677,"C","AGTGG",0.2,0.2,0.6,0
"chr18_21811317","rs2028736","T",0.48545,"C","GGCGT",0,0.2,0.6,0.2
"chr2_115919301","rs13313771","G",0.473545,"A","GGGGC",0,0,0.8,0.2
"chr6_11464871","rs6928854","T",0.207672,"A","TTAAA",0.6,0.4,0,0
"chr21_45759355","rs60027384","C",0.248677,"T","GGTGG",0,0.2,0.8,0
"chr16_79749031","rs7194711","C",0.414021,"T","TCTTA",0.2,0.6,0,0.2
"chr2_72459825","rs13416674","G",0.19709,"T","TGTAA",0.4,0.4,0.2,0
"chr2_112761653","rs4848933","C",0.380952,"G","TTCCC",0,0.4,0,0.6
"chr7_1442088","rs113240458","A",0.0621693,"C","TGCAG",0.2,0.2,0.4,0.2
"chr22_50146469","rs139826","T",0.0939153,"C","CGCTG",0,0.2,0.4,0.4
"chr15_42025221","rs1880938","G",0.15873,"A","CTGTC",0,0.4,0.2,0.4
"chr14_65562218","rs1953228","C",0.324074,"G","GTGCG",0,0.2,0.6,0.2
"chr2_88554885","rs76436798","T",0.0436508,"G","CTGTG",0,0.4,0.4,0.2
"chr3_56217171","rs7616016","C",0.435185,"T","GATTG",0.2,0.4,0.4,0
"chr3_70176801","rs9849630","G",0.234127,"C","TTCTA",0.2,0.6,0,0.2
"chr14_88411295","rs415076","G",0.474868,"A","GAATA",0.6,0.2,0.2,0
"chr10_51565548","rs7909927","T",0.449735,"C","GCTTG",0,0.4,0.4,0.2
"chr2_120160459","rs12469579","T",0.281746,"C","TTCAG",0.2,0.4,0.2,0.2
"chr4_122961343","rs1918177","C",0.169312,"A","CCCAC",0.2,0,0,0.8
"chr3_110969083","rs111556572","T",0.0661376,"C","AACGG",0.4,0,0.4,0.2
"chr11_134247728","rs12363198","G",0.119048,"C","CCCCA",0.2,0,0,0.8
"chr18_40032691","rs346184","T",0.203704,"C","TGTGG",0,0.4,0.6,0
"chr4_39129844","rs11728058","T",0.410053,"G","AATTA",0.6,0.4,0,0
"chr11_18537800","rs7942548","T",0.30291,"C","ATCAT",0.4,0.4,0,0.2
"chr11_58943442","rs7934971","T",0.301587,"G","ATGCA",0.4,0.2,0.2,0.2
"chr4_122797512","rs2706801","T",0.0026455,"C","GACAT",0.4,0.2,0.2,0.2
"chr3_63801561","rs72888208","T",0.026455,"C","GCCGG",0,0,0.6,0.4
"chr2_173096944","rs57752144","C",0.0436508,"T","CGTGT",0,0.4,0.4,0.2
"chr7_20032764","rs62455465","A",0.230159,"G","TGGGA",0.2,0.2,0.6,0
"chr3_24117881","rs9879256","C",0.451058,"T","CATGA",0.4,0.2,0.2,0.2
"chr14_86202699",".","T",0.433862,"C","CCCGC",0,0,0.2,0.8
"chr15_55836352","rs1659298","A",0.477513,"G","TTGTA",0.2,0.6,0.2,0
"chr5_103163206","rs6886731","A",0.124339,"C","CACGC",0.2,0,0.2,0.6
"chr8_124473085","rs3779988","G",0.40873,"A","TTGCA",0.2,0.4,0.2,0.2
"chr19_2006285","rs7248930","G",0.396825,"C","CGCTT",0,0.4,0.2,0.4
"chr14_61590267","rs60166695","A",0.223545,"G","ACGTC",0.2,0.2,0.2,0.4
"chr2_96782402","rs192933554","T",0.0330688,"C","GGCTG",0,0.2,0.6,0.2
"chr15_52080221","rs11638161","G",0.44709,"A","TAAGC",0.4,0.2,0.2,0.2
"chr10_109399672","rs1902735","G",0.219577,"A","CTGTT",0,0.6,0.2,0.2
"chr13_109646803","rs7331122","C",0.214286,"T","AGTAC",0.4,0.2,0.2,0.2
"chr15_52498360","rs4776016","G",0.285714,"A","CTGTC",0,0.4,0.2,0.4
"chr2_198155170","rs12617117","A",0.298942,"T","TATTG",0.2,0.6,0.2,0
"chr9_76397697","rs1841078","G",0.0462963,"C","CTGCA",0.2,0.2,0.2,0.4
"chr10_88872032","rs6586057","G",0.453704,"T","ATGTC",0.2,0.4,0.2,0.2
"chr19_20172035","rs11881031","C",0.216931,"T","TGTAG",0.2,0.4,0.4,0
"chr20_16480306","rs6131830","C",0.272487,"T","ATTTT",0.2,0.8,0,0
"chr12_21689882","rs10431213","A",0.407407,"T","TGTAG",0.2,0.4,0.4,0
"chr6_166672560","rs6901896","T",0.34127,"C","GGCTG",0,0.2,0.6,0.2
"chr2_70673684","rs11466308","G",0.0224868,"A","ACACT",0.4,0.2,0,0.4
"chr4_103850929","rs9991335","C",0.337302,"T","CTTTG",0,0.6,0.2,0.2
"chr3_115394293","rs11926976","C",0.431217,"T","GCCGG",0,0,0.6,0.4
"chr17_16148280","rs111593450","C",0.010582,"T","CATCA",0.4,0.2,0,0.4
"chr8_61858213","rs10957174","C",0.333333,"T","TGTGG",0,0.4,0.6,0
"chr3_170919419","rs9824475","G",0.28836,"T","AGGTT",0.2,0.4,0.4,0
"chr1_22691058","rs6680239","C",0.242063,"A","TGATC",0.2,0.4,0.2,0.2
"chr16_31017554","rs7203999","T",0.357143,"C","CCTTT",0,0.6,0,0.4
"chr5_114914429","rs2597","G",0.0886243,"T","CATGT",0.2,0.4,0.2,0.2
"chr6_88187896","rs2300899","G",0.347884,"A","CAAAA",0.8,0,0,0.2
"chr2_183999281","rs2176231","A",0.142857,"G","TGGTG",0,0.4,0.6,0
"chr7_32315746","rs71530580","C",0.0978836,"A","TGATT",0.2,0.6,0.2,0
"chr9_96933983","rs10993078","C",0.157407,"T","TATAT",0.4,0.6,0,0
"chr1_165862264","rs3790654","T",0.305556,"C","GACGG",0.2,0,0.6,0.2
"chr1_55247097","rs2286203","A",0.183862,"G","CCGCG",0,0,0.4,0.6
"chr13_32998362","rs169562","G",0.383598,"A","CAATC",0.4,0.2,0,0.4
"chr7_46691093","rs7777706","T",0.280423,"C","TGCCC",0,0.2,0.2,0.6
"chr9_17294776","rs77677612","G",0.140212,"T","AGTGA",0.4,0.2,0.4,0
"chr1_214476011","rs6540817","G",0.457672,"A","TCAAA",0.6,0.2,0,0.2
"chr16_54032562","rs8047473","T",0.402116,"C","GCCCT",0,0.2,0.2,0.6
"chr5_71452094","rs4301215","G",0.277778,"A","CTGCT",0,0.4,0.2,0.4
"chr16_49309959","rs41209","T",0.333333,"C","CATGT",0.2,0.4,0.2,0.2
"chr1_224395627","rs6669401","G",0.443122,"A","GTGCC",0,0.2,0.4,0.4
"chr10_6148374","rs41295155","C",0.031746,"T","GTTTT",0,0.8,0.2,0
"chr2_147628637","rs66484367","A",0.130952,"G","GGGGT",0,0.2,0.8,0
"chr3_137720585","rs57902744","T",0.268519,"G","AAGCC",0.4,0,0.2,0.4
"chr4_153483294","rs7686964","G",0.31746,"A","CCATG",0.2,0.2,0.2,0.4
"chr7_139272343","rs75192562","A",0.0595238,"G","GAGAT",0.4,0.2,0.4,0
"chr2_207986713","rs2543596","T",0.312169,"C","TGCCC",0,0.2,0.2,0.6
"chr3_195734217","rs11925423","G",0.388889,"A","GCGTG",0,0.2,0.6,0.2
"chrX_95532378","rs6620025","C",0.300518,"A","ACCAT",0.4,0.2,0,0.4
"chr1_248411057","rs4642918","G",0.251323,"T","CGGCT",0,0.2,0.4,0.4
"chr5_153527918","rs815617","C",0.391534,"G","GCCTG",0,0.2,0.4,0.4
"chr18_76233783","rs10853399","A",0.0251323,"G","TCGGT",0,0.4,0.4,0.2
"chr13_50179355","rs80038301","A",0.0542328,"G","ATGTG",0.2,0.4,0.4,0
"chr5_151379907","rs29666","G",0.349206,"C","GACTG",0.2,0.2,0.4,0.2
"chr10_38302759","rs118085716","T",0.0224868,"C","TCCGT",0,0.4,0.2,0.4
"chr4_187800153","rs322454","G",0.449735,"C","CAGAG",0.4,0,0.4,0.2
"chr14_31336354","rs179645","A",0.345238,"G","AAGAT",0.6,0.2,0.2,0
"chr9_139653493","rs7041329","A",0.126984,"T","GCTGT",0,0.4,0.4,0.2
"chr18_71820351","rs56090813","C",0.124339,"T","TGTGG",0,0.4,0.6,0
"chr3_125482527","rs2684982","G",0.27381,"A","AGGAC",0.4,0,0.4,0.2
"chr14_98186063","rs7147312","G",0.165344,"A","GAAAA",0.8,0,0.2,0
"chr15_50167106","rs16963008","C",0.177249,"A","ACATA",0.6,0.2,0,0.2
"chr2_74678129","rs7569977","T",0.130952,"C","ACCCC",0.2,0,0,0.8
"chr12_81550507","rs10862250","G",0.257937,"A","CCATA",0.4,0.2,0,0.4
"chr7_2345091","rs4318967","C",0.373016,"T","CCTGG",0,0.2,0.4,0.4
"chr13_103493825","rs4743","G",0.44709,"C","TACTT",0.2,0.6,0,0.2
"chr15_30951076","rs62014603","G",0.238095,"T","ATTAA",0.6,0.4,0,0
"chr2_45213477","rs1545371","C",0.443122,"T","TACGT",0.2,0.4,0.2,0.2
"chr6_49685171","rs2894763","T",0.472222,"G","AAGAA",0.8,0,0.2,0
"chr9_5681115","rs13293906","T",0.037037,"C","ACCGC",0.2,0,0.2,0.6
"chr8_82708819","rs902110","G",0.395503,"A","TCATA",0.4,0.4,0,0.2
"chr5_134739295","rs2652072","C",0.0449735,"T","CATCT",0.2,0.4,0,0.4
"chr9_34688366","rs3176817","A",0.231481,"G","ACGAG",0.4,0,0.4,0.2
"chr8_39909541","rs35171321","A",0.126984,"G","CCGTG",0,0.2,0.4,0.4
"chr3_2462852","rs13084976","G",0.325397,"A","CCATT",0.2,0.4,0,0.4
"chr19_34294901","rs4805059","A",0.433862,"G","TCGGA",0.2,0.2,0.4,0.2
"chr11_110802128","rs7116369","A",0.365079,"G","CCGGC",0,0,0.4,0.6
"chr17_1038663","rs7405543","G",0.443122,"A","TCGCA",0.2,0.2,0.2,0.4
"chr17_53279083","rs28448390","C",0.166667,"A","TCACT",0.2,0.4,0,0.4
"chr15_76192429","rs17427548","G",0.0621693,"A","CAATT",0.4,0.4,0,0.2
"chr5_50308194","rs62367435","T",0.206349,"C","CGCGA",0.2,0,0.4,0.4
"chr18_77488346","rs522934","T",0.281746,"C","CCTGC",0,0.2,0.2,0.6
"chr22_39224248","rs5757300","T",0.386243,"C","CATCC",0.2,0.2,0,0.6
"chr13_35061765","rs9541032","C",0.256614,"G","CAGAT",0.4,0.2,0.2,0.2
"chr22_19129672","rs55694607","G",0.216931,"A","ACACA",0.6,0,0,0.4
"chr2_112263039","rs12623013","T",0.335979,"C","GACGG",0.2,0,0.6,0.2
"chr13_28196033","rs2232679","C",0.12037,"G","TTGCT",0,0.6,0.2,0.2
"chr5_71350248","rs4703759","T",0.123016,"C","GGCGA",0.2,0,0.6,0.2
"chr11_3170474","rs10766693","T",0.440476,"C","GCCGG",0,0,0.6,0.4
"chr11_130008104","rs879780","C",0.104497,"T","GTTGA",0.2,0.4,0.4,0
"chr6_155360082","rs3923845","A",0.0701058,"T","GCATG",0.2,0.2,0.4,0.2
"chr2_223491922","rs12151627","G",0.382275,"A","CCAAT",0.4,0.2,0,0.4
"chr17_76123463","rs3813027","G",0.0515873,"C","CCCCA",0.2,0,0,0.8
"chr11_44248728","rs2034716","G",0.117725,"T","CCGGA",0.2,0,0.4,0.4
"chr4_109559439","rs2575607","C",0.324074,"T","TCTTT",0,0.8,0,0.2
"chr4_15201232","rs73228867","A",0.125661,"G","AGGAC",0.4,0,0.4,0.2
"chr18_32711017","rs77878499","T",0.0277778,"C","GACGT",0.2,0.2,0.4,0.2
"chr19_11411744","rs397707","A",0.293651,"G","CTGAG",0.2,0.2,0.4,0.2
"chr11_117491787","rs77974673","T",0.0304233,"C","GTCTA",0.2,0.4,0.2,0.2
"chr16_57011185","rs4784744","A",0.324074,"G","GCGGT",0,0.2,0.6,0.2
"chr17_32745735","rs16969797","A",0.00132275,"C","TTCTG",0,0.6,0.2,0.2
"chr17_28666645","rs11652929","T",0.047619,"G","ATGTA",0.4,0.4,0.2,0
"chr3_165642586","rs6774514","A",0.12963,"G","GCGAG",0.2,0,0.6,0.2
"chr7_97600785","rs7776611","C",0.23545,"T","GCTCC",0,0.2,0.2,0.6
"chr16_51234717","rs7188211","G",0.455026,"T","ACGCT",0.2,0.2,0.2,0.4
"chr13_48594454","rs189384089","G",0.0185185,"A","ATATA",0.6,0.4,0,0
"chr7_7996590","rs37950","A",0.210317,"G","TTATT",0.2,0.8,0,0
"chr7_139813711","rs11979761","T",0.271164,"G","GTGCT",0,0.4,0.4,0.2
"chr6_4118979","rs71553907","T",0.280423,"C","TACTT",0.2,0.6,0,0.2
"chr4_151973331","rs6833991","A",0.116402,"G","CAAAA",0.8,0,0,0.2
"chr18_40479192","rs533505","A",0.0674603,"G","TCAGT",0.2,0.4,0.2,0.2
"chr16_731725","rs6597","G",0.128307,"T","GCTCT",0,0.4,0.2,0.4
"chr4_147173862","rs13149037","A",0.439153,"G","CCGCA",0.2,0,0.2,0.6
"chr22_39384716","rs55698105","C",0.285714,"T","CTTTC",0,0.6,0,0.4
"chr20_20212845","rs78896545","T",0.00396825,"C","CACGG",0.2,0,0.4,0.4
"chr2_220894605","rs80303046","T",0.010582,"C","CTCTT",0,0.6,0,0.4
"chr18_29719074","rs4799633","T",0.492063,"C","GTCGC",0,0.2,0.4,0.4
"chr18_14931960","rs62087277","C",0.414021,"T","CCTTC",0,0.4,0,0.6
"chr3_64145165","rs62249933","T",0.395503,"C","CCCCA",0.2,0,0,0.8
"chr2_181867047","rs4346343","G",0.265873,"A","CTGTT",0,0.6,0.2,0.2
"chr20_62309554","rs41309367","C",0.312169,"T","CCCGC",0,0,0.2,0.8
"chr17_45913847","rs16948662","A",0.119048,"C","ACCCT",0.2,0.2,0,0.6
"chr14_59945536","rs1253098","G",0.44709,"A","GGAAT",0.4,0.2,0.4,0
"chr9_35780220","rs7847621","A",0.378307,"G","AGAAG",0.6,0,0.4,0
"chr10_85981351","rs11817531","A",0.214286,"G","ACGTA",0.4,0.2,0.2,0.2
"chr15_85325364",".","T",0.0119048,"C","GACAA",0.6,0,0.2,0.2
"chr5_62464167","rs13173303","C",0.460317,"T","AGTCT",0.2,0.4,0.2,0.2
"chr9_74975948","rs71505976","G",0.0529101,"C","CACTA",0.4,0.2,0,0.4
"chrX_101786583","rs5945882","T",0.400691,"A","TTAAA",0.6,0.4,0,0
"chr17_75378959",".","G",0.313492,"C","CCGCT",0,0.2,0.2,0.6
"chr2_128400433","rs74628990","A",0.0661376,"G","CCGCC",0,0,0.2,0.8
"chr6_152939714","rs7749155","C",0.0978836,"T","GGTGG",0,0.2,0.8,0
"chr3_64921757","rs9836637","G",0.126984,"A","ATACA",0.6,0.2,0,0.2
"chr11_101995570","rs10750632","A",0.367725,"G","GCGAT",0.2,0.2,0.4,0.2
"chr11_102353415","rs530227","C",0.12037,"G","TGCGC",0,0.2,0.4,0.4
"chr11_70350286","rs2155901","A",0.0145503,"G","ACGCA",0.4,0,0.2,0.4
"chr2_228636097","rs56679284","A",0.108466,"G","GGGCT",0,0.2,0.6,0.2
"chrX_78711397","rs72629960","A",0.074266,"C","CCCGT",0,0.2,0.2,0.6
"chr14_102414829","rs2474679","T",0.0806878,"C","CTCAC",0.2,0.2,0,0.6
"chr19_54938714","rs56031296","G",0.411376,"C","AGGTT",0.2,0.4,0.4,0
"chr3_178531774","rs9865062","T",0.439153,"C","TGCTG",0,0.4,0.4,0.2
"chr14_60443190","rs219326","C",0.108466,"T","TACGT",0.2,0.4,0.2,0.2
"chr10_70586459","rs884181","C",0.140212,"T","GGTAA",0.4,0.2,0.4,0
"chr17_29308489","rs9915124","T",0.00925926,"G","ATGTC",0.2,0.4,0.2,0.2
"chr7_99486238","rs4727438","C",0.480159,"T","GGTGG",0,0.2,0.8,0
"chr6_118748040","rs56130945","T",0.183862,"C","GACGG",0.2,0,0.6,0.2
"chr13_37836022","rs1359206","C",0.305556,"G","GACCA",0.4,0,0.2,0.4
"chr17_45152915","rs77919729","T",0.0925926,"C","ACCGT",0.2,0.2,0.2,0.4
"chr10_124186714","rs2292626","T",0.472222,"C","TTCCT",0,0.6,0,0.4
"chr1_173590112","rs12059094","G",0.276455,"T","AGTTG",0.2,0.4,0.4,0
"chr19_41218611","rs2604913","G",0.482804,"A","AGGTG",0.2,0.2,0.6,0
"chr6_159112334","rs113352823","G",0.0753968,"A","TCATG",0.2,0.4,0.2,0.2
"chr1_203459402","rs1077291","A",0.473545,"T","CCATT",0.2,0.4,0,0.4
"chr6_44599189","rs9395042","G",0.247354,"A","GCGGG",0,0,0.8,0.2
"chr11_95998695","rs12575683","A",0.108466,"G","ACGGA",0.4,0,0.4,0.2
"chr5_761736","rs11745487","A",0.417989,"G","ACGTG",0.2,0.2,0.4,0.2
"chr3_142047041","rs10935460","A",0.404762,"G","CTGGA",0.2,0.2,0.4,0.2
"chr13_75028307","rs61966783","G",0.0806878,"A","TTATT",0.2,0.8,0,0
"chr18_75380861","rs59668650","A",0.0224868,"C","GACGG",0.2,0,0.6,0.2
"chr3_109594122","rs9868598","A",0.123016,"C","GGCCA",0.2,0,0.4,0.4
"chr16_69232998","rs12924131","A",0.269841,"G","CCGTG",0,0.2,0.4,0.4
"chr1_64120613","rs12027168","C",0.230159,"T","CATGC",0.2,0.2,0.2,0.4
"chr8_70365008","rs10504444","A",0.320106,"G","TCGCG",0,0.2,0.4,0.4
"chr1_156218114","rs2540169","A",0.23545,"G","CCGTT",0,0.4,0.2,0.4
"chr7_144076764","rs1612590","A",0.43254,"G","TTAGG",0.2,0.4,0.4,0
"chr1_183172131","rs79062081","T",0.0026455,"A","TGATA",0.4,0.4,0.2,0
"chr6_118435086","rs117105580","A",0.0238095,"C","GTCAT",0.2,0.4,0.2,0.2
"chr8_6263326","rs2243662","C",0.190476,"T","AGCTG",0.2,0.2,0.4,0.2
"chr2_106900546","rs7585986","A",0.218254,"G","TCAGT",0.2,0.4,0.2,0.2
"chr1_740285","rs193160839","A",0.0396825,"G","CCGGG",0,0,0.6,0.4
"chr10_97600539","rs1342790","G",0.48545,"A","CAGTC",0.2,0.2,0.2,0.4
"chr16_63604322","rs2319353","C",0.456349,"T","TCCGA",0.2,0.2,0.2,0.4
"chr7_84398631","rs10269265","A",0.010582,"G","AAGTC",0.4,0.2,0.2,0.2
"chr1_15836720","rs4646030","C",0.462963,"T","CCCGG",0,0,0.4,0.6
"chr20_41954369","rs144933137","T",0.0462963,"G","CTGGT",0,0.4,0.4,0.2
"chr8_4789120","rs12334736","C",0.415344,"T","CGTTA",0.2,0.4,0.2,0.2
"chr7_1001974","rs10253153","A",0.277778,"G","CCGGC",0,0,0.4,0.6
"chr12_11203643","rs2597991","C",0.496032,"T","CATAT",0.4,0.4,0,0.2
"chr21_46281948","rs73238097","T",0.0753968,"C","AACGT",0.4,0.2,0.2,0.2
"chr1_171716779","rs11590714","C",0.162698,"G","TTGTT",0,0.8,0.2,0
"chr6_145267460","rs6904538","T",0.137566,"C","AGCGA",0.4,0,0.4,0.2
"chr19_36746273",".","C",0.436508,"G","CCGTT",0,0.4,0.2,0.4
"chr16_7790349","rs1029758","C",0.346561,"G","CTCGT",0,0.4,0.2,0.4
"chrX_92598321","rs5983476","A",0.19171,"G","CAGCA",0.4,0,0.2,0.4
"chr1_150753487","rs12404949","A",0.365079,"G","GCGAT",0.2,0.2,0.4,0.2
"chr5_178137161","rs4266420","C",0.289683,"G","TTGTA",0.2,0.6,0.2,0
"chr2_113943470","rs2241976","G",0.470899,"A","GGACA",0.4,0,0.4,0.2
"chrX_100884815","rs2752891","T",0.290155,"C","CATCA",0.4,0.2,0,0.4
"chrX_119797937","rs150892200","T",0.0345423,"A","CCATG",0.2,0.2,0.2,0.4
"chr6_36358289","rs1998266","T",0.138889,"C","GCTGT",0,0.4,0.4,0.2
"chr16_2014954","rs2302176","C",0.436508,"T","CGCCC",0,0,0.2,0.8
"chr4_44523532","rs10223016","T",0.162698,"A","AATAT",0.6,0.4,0,0
"chr11_74038848","rs10898978","T",0.496032,"C","CCTCT",0,0.4,0,0.6
"chr2_233206633","rs13396686","A",0.0277778,"G","ACGCA",0.4,0,0.2,0.4
"chr10_7458501","rs13353050","G",0.174603,"A","GTAGC",0.2,0.2,0.4,0.2
"chr15_33885512","rs583420","C",0.407407,"T","CTCTG",0,0.4,0.2,0.4
"chr17_80384976","rs59421485","T",0.119048,"C","TGCGC",0,0.2,0.4,0.4
"chr3_44401645","rs73090425","T",0.228836,"C","TCCGT",0,0.4,0.2,0.4
"chr3_75822037","rs6796345","A",0.353175,"G","TTGTG",0,0.6,0.4,0
"chr9_79997881","rs10869921","C",0.421958,"T","TTTAG",0.2,0.6,0.2,0
"chr5_160024083","rs4921153","C",0.219577,"T","CCCGC",0,0,0.2,0.8
"chr14_82417271","rs1953408","G",0.297619,"C","GTCTA",0.2,0.4,0.2,0.2
"chr1_185999560","rs10798032","T",0.472222,"A","TTTTT",0,1,0,0
"chr18_12439062","rs34448712","C",0.153439,"A","ACAGG",0.4,0,0.4,0.2
"chr10_60387972","rs4948528","C",0.437831,"T","TCTTA",0.2,0.6,0,0.2
"chr14_78016644","rs2012998","A",0.443122,"G","GCGCG",0,0,0.6,0.4
"chr3_188176637","rs1426259","G",0.468254,"A","TCGTG",0,0.4,0.4,0.2
"chr19_21985263","rs142265009","A",0.0171958,"G","GAGGT",0.2,0.2,0.6,0
"chr12_52692670","rs4325349","C",0.359788,"G","AACTG",0.4,0.2,0.2,0.2
"chr12_56375881","rs773112","T",0.320106,"C","CCCGG",0,0,0.4,0.6
"chr16_58685922","rs8063510","G",0.206349,"C","ACCCA",0.4,0,0,0.6
"chr8_21964224","rs2279355","G",0.472222,"A","CAACT",0.4,0.2,0,0.4
"chr16_48974666","rs57997302","T",0.37037,"C","TACTT",0.2,0.6,0,0.2
"chr2_24342532","rs1134516","A",0.162698,"G","ACGAC",0.4,0,0.2,0.4
"chr1_207119853","rs2275529","A",0.27381,"C","CCCAC",0.2,0,0,0.8
"chr11_76004202","rs747925","G",0.396825,"A","AGGCA",0.4,0,0.4,0.2
"chr7_97825188","rs11764933","G",0.484127,"A","GCGGG",0,0,0.8,0.2
"chr17_50487614","rs72837741","T",0.126984,"G","TCGAT",0.2,0.4,0.2,0.2
"chr6_29964102","rs9261001","A",0.0925926,"G","ACGCA",0.4,0,0.2,0.4
"chr7_48858562","rs12532623","A",0.244709,"G","TAGCA",0.4,0.2,0.2,0.2
"chrX_149727683","rs7066418","A",0.108808,"C","TACCA",0.4,0.2,0,0.4
"chr5_153285672","rs76858877","C",0.0489418,"T","AGTCC",0.2,0.2,0.2,0.4
"chr7_78040277","rs10269990","G",0.216931,"A","TCGTT",0,0.6,0.2,0.2
"chr7_9550586","rs12702920","A",0.486772,"G","TCAGT",0.2,0.4,0.2,0.2
"chrX_25776639","rs5944148","G",0.227979,"C","TGGTT",0,0.6,0.4,0
"chr17_8396010","rs3744653","G",0.382275,"A","TTAAA",0.6,0.4,0,0
"chr16_30119525","rs8061772","C",0.140212,"A","CACGG",0.2,0,0.4,0.4
"chr6_45340400","rs7744673","G",0.124339,"A","GTACT",0.2,0.4,0.2,0.2
"chr12_14707128","rs7296684","C",0.31746,"T","TCCCT",0,0.4,0,0.6
"chr6_169223411","rs13212149","T",0.458995,"C","TCCGT",0,0.4,0.2,0.4
"chr18_26647334","rs1813946","T",0.351852,"C","TTTCA",0.2,0.6,0,0.2
"chr19_35211534","rs12974808","A",0.369048,"G","TCGTC",0,0.4,0.2,0.4
"chr2_119690849","rs2118765","T",0.150794,"A","GGATC",0.2,0.2,0.4,0.2
"chr2_102118712","rs1110947","T",0.279101,"C","TCTCC",0,0.4,0,0.6
"chr1_66194959","rs12035209","G",0.431217,"A","AAGGT",0.4,0.2,0.4,0
"chr7_131944137","rs11773091","C",0.478836,"G","CAGTG",0.2,0.2,0.4,0.2
"chr3_38407772","rs704944","G",0.0608466,"A","GGGTG",0,0.2,0.8,0
"chr1_101816384","rs12096734","A",0.0780423,"C","TTCTA",0.2,0.6,0,0.2
"chr11_43418196","rs147322531","C",0.00661376,"T","CTTTT",0,0.8,0,0.2
"chr16_80964406","rs7185654","G",0.349206,"A","CCATT",0.2,0.4,0,0.4
"chr6_23604596","rs74352770","T",0.103175,"A","CAAAT",0.6,0.2,0,0.2
"chr8_6473356","rs1256","G",0.289683,"C","ACCGC",0.2,0,0.2,0.6
"chr3_54120003","rs9841622","A",0.424603,"G","CCGGA",0.2,0,0.4,0.4
"chr4_119055076","rs9307452","C",0.0753968,"G","AACCT",0.4,0.2,0,0.4
"chr22_49865198","rs7288192","A",0.0462963,"T","TTTAT",0.2,0.8,0,0
"chrX_152638744","rs67596711","T",0.487047,"G","TTTAT",0.2,0.8,0,0
"chr9_100615914","rs1867277","A",0.415344,"G","TCACG",0.2,0.2,0.2,0.4
"chr16_3488423","rs42223","T",0.216931,"C","GGCGT",0,0.2,0.6,0.2
"chr3_195335265","rs9886992","G",0.462963,"A","CAAGC",0.4,0,0.2,0.4
"chrX_13773924","rs11095625","A",0.236615,"C","TACAA",0.6,0.2,0,0.2
"chr5_94977132","rs10063774","T",0.388889,"C","GGCGT",0,0.2,0.6,0.2
"chr14_71361367",".","C",0.460317,"G","CCCAA",0.4,0,0,0.6
"chr1_238716996","rs654506","C",0.460317,"A","TTACA",0.4,0.4,0,0.2
"chr7_87139316","rs4437575","G",0.455026,"A","AGAAA",0.8,0,0.2,0
"chr4_72983188","rs11737827","A",0.320106,"C","AGCAA",0.6,0,0.2,0.2
"chr10_114711983","rs7094463","A",0.478836,"G","CGACT",0.2,0.2,0.2,0.4
"chr15_35436380","rs28485526","A",0.439153,"G","CCGGG",0,0,0.6,0.4
"chr7_21589374","rs7806495","C",0.465608,"A","TGCAA",0.4,0.2,0.2,0.2
"chr1_247273848","rs10924921","T",0.207672,"C","ACCGC",0.2,0,0.2,0.6
"chr13_113617086","rs2993345","C",0.328042,"T","CCCGT",0,0.2,0.2,0.6
"chr4_88286409","rs7691791","T",0.293651,"C","ATCAA",0.6,0.2,0,0.2
"chr3_195604421","rs75070205","C",0.189153,"T","AATAC",0.6,0.2,0,0.2
"chr6_1530985","rs6937266","T",0.322751,"C","AGCGC",0.2,0,0.4,0.4
"chr1_177534095","rs1252047","G",0.305556,"A","CCAAT",0.4,0.2,0,0.4
"chr14_103815090","rs8009817","G",0.259259,"T","AAGAA",0.8,0,0.2,0
"chr22_49000532","rs35769581","C",0.116402,"A","CCATC",0.2,0.2,0,0.6
"chr4_136437412","rs73864398","C",0.179894,"G","CTGTG",0,0.4,0.4,0.2
"chr7_89584034","rs1468616","A",0.30291,"T","ATAGA",0.6,0.2,0.2,0
"chr8_55472961","rs3802208","T",0.0396825,"C","ATTGG",0.2,0.4,0.4,0
"chr3_149221191","rs72996071","C",0.0383598,"T","AATAA",0.8,0.2,0,0
"chr8_146225112","rs2272714","T",0.0727513,"C","CACGA",0.4,0,0.2,0.4
"chr12_87959499","rs1845836","T",0.451058,"C","CTTGG",0,0.4,0.4,0.2
"chr5_72645773","rs6873486","A",0.0965608,"G","AGGAC",0.4,0,0.4,0.2
"chr10_42738375","rs56122457","G",0.366402,"C","CACCC",0.2,0,0,0.8
"chr5_36367125","rs4395661","C",0.359788,"T","ACCTT",0.2,0.4,0,0.4
"chr2_55191321","rs113965812","A",0.031746,"G","TGGAG",0.2,0.2,0.6,0
"chr1_82208043","rs77265472","C",0.0859788,"A","TAAAC",0.6,0.2,0,0.2
"chr14_37284084","rs820578","T",0.246032,"C","TATTG",0.2,0.6,0.2,0
"chr13_111933098","rs2296353","G",0.304233,"C","ATCAG",0.4,0.2,0.2,0.2
"chr3_132937947","rs4459903","A",0.396825,"G","TCGCT",0,0.4,0.2,0.4
"chr7_88428848","rs4728776","G",0.216931,"C","TACCT",0.2,0.4,0,0.4
"chr8_73417176","rs6991562","G",0.460317,"A","GTGCC",0,0.2,0.4,0.4
"chr14_21151461","rs138175896","A",0.0277778,"G","AGGAC",0.4,0,0.4,0.2
"chr19_47005844","rs62134752","T",0.223545,"C","GGCGC",0,0,0.6,0.4
"chr3_75565068","rs9857629","T",0.391534,"C","TACCT",0.2,0.4,0,0.4
"chr3_137865211","rs6809266","A",0.337302,"G","AAATA",0.8,0.2,0,0
"chr3_80776232","rs71326436","C",0.238095,"G","ATGAG",0.4,0.2,0.4,0
"chr8_3911237","rs72624073","T",0.121693,"A","GGAAA",0.6,0,0.4,0
"chr1_11972811","rs2179110","T",0.321429,"C","CACTT",0.2,0.4,0,0.4
"chr22_49051250","rs9617410","G",0.322751,"A","GCGTG",0,0.2,0.6,0.2
"chr4_68247025","rs34319587","A",0.279101,"G","GCGCC",0,0,0.4,0.6
"chr20_15785216","rs117478524","T",0.0251323,"C","TGCGT",0,0.4,0.4,0.2
"chr5_180488260","rs1053110","T",0.449735,"C","AGTAA",0.6,0.2,0.2,0
"chr3_184003161","rs1687231","C",0.0780423,"T","CATAT",0.4,0.4,0,0.2
"chr16_64452054","rs8047835","G",0.232804,"A","ACATT",0.4,0.4,0,0.2
"chr15_66335097","rs333597","T",0.0965608,"C","TCCGC",0,0.2,0.2,0.6
"chr15_40584164",".","A",0.223545,"C","AGCCC",0.2,0,0.2,0.6
"chr5_68750184","rs28661038","T",0.212963,"G","CATCT",0.2,0.4,0,0.4
"chr16_12532549","rs734022","C",0.398148,"T","GACCA",0.4,0,0.2,0.4
"chr13_85823243","rs2497428","G",0.448413,"A","TTGTG",0,0.6,0.4,0
"chr20_50691213","rs6063750","G",0.497354,"A","GCGAT",0.2,0.2,0.4,0.2
"chr5_43237656","rs78814121","T",0.026455,"C","TCCGT",0,0.4,0.2,0.4
"chr20_25085185","rs74173666","A",0.12963,"C","GGCTC",0,0.2,0.4,0.4
"chr12_104273777","rs2439622","G",0.294974,"T","ACGAT",0.4,0.2,0.2,0.2
"chr6_74195459","rs951332","T",0.0687831,"C","CCTGG",0,0.2,0.4,0.4
"chr17_7542871","rs1642796","C",0.128307,"T","TACAC",0.4,0.2,0,0.4
"chr21_35779955","rs77979171","A",0.0251323,"G","CCGAA",0.4,0,0.2,0.4
"chr11_2401665","rs2651842","A",0.178571,"G","ACACA",0.6,0,0,0.4
"chr17_43778828","rs62056877","G",0.232804,"T","AGTTC",0.2,0.4,0.2,0.2
"chr8_94349764","rs2638277","C",0.261905,"A","GACCC",0.2,0,0.2,0.6
"chr2_233824351","rs56162063","A",0.318783,"G","GCGCA",0.2,0,0.4,0.4
"chr22_41266520","rs144940044","T",0.00396825,"G","GGGTA",0.2,0.2,0.6,0
"chr16_26853088","rs195865","G",0.359788,"A","TGGAC",0.2,0.2,0.4,0.2
"chr14_105454529","rs2582574","G",0.202381,"A","CCAAT",0.4,0.2,0,0.4
"chr19_52550867","rs78543982","C",0.181217,"T","GTTTG",0,0.6,0.4,0
"chr2_119825943","rs13023205","A",0.175926,"T","GGAGC",0.2,0,0.6,0.2
"chr19_53400760","rs3810115","C",0.486772,"A","CTCAC",0.2,0.2,0,0.6
"chr4_124171834","rs11098699","C",0.137566,"G","AACTT",0.4,0.4,0,0.2
"chr14_33026888","rs17099273","T",0.0462963,"C","GGCTA",0.2,0.2,0.4,0.2
"chr5_113928229","rs3909600","T",0.149471,"C","TCCCA",0.2,0.2,0,0.6
"chr20_52697624","rs6068774","T",0.493386,"G","GGGGC",0,0,0.8,0.2
"chrX_35408898","rs1542734","T",0.433506,"A","TTTAA",0.4,0.6,0,0
"chr13_19918857","rs11620595","T",0.435185,"C","GGCGT",0,0.2,0.6,0.2
"chr14_66032934","rs7146742","G",0.444444,"A","TGGTA",0.2,0.4,0.4,0
"chr11_43367894","rs80303571","T",0.26455,"C","TACGG",0.2,0.2,0.4,0.2
"chr8_79575804","rs1021156","T",0.284392,"C","TATAA",0.6,0.4,0,0
"chr12_21680478","rs11046106","C",0.277778,"T","GCCCC",0,0,0.2,0.8
"chr17_33571546","rs11080327","G",0.482804,"A","AAGCC",0.4,0,0.2,0.4
"chr21_40670460","rs2056844","C",0.489418,"G","CTGGC",0,0.2,0.4,0.4
"chr11_65412467","rs2306364","A",0.435185,"G","GCGGG",0,0,0.8,0.2
"chr7_118587659","rs6979358","A",0.0661376,"C","GAACT",0.4,0.2,0.2,0.2
"chr11_125495078","rs61451117","T",0.0727513,"C","TTCTT",0,0.8,0,0.2
"chr13_30180006","rs7992839","C",0.0515873,"T","TGTTG",0,0.6,0.4,0
"chr17_20803134","rs7501645","G",0.489418,"A","TAGAA",0.6,0.2,0.2,0
"chr1_47580647","rs4609476","T",0.304233,"C","GCCGC",0,0,0.4,0.6
"chr6_22410565","rs17789734","A",0.179894,"G","AAGCA",0.6,0,0.2,0.2
"chr4_71172899","rs11943577","G",0.380952,"A","ATAAT",0.6,0.4,0,0
"chr9_41220925","rs182719768","G",0.0925926,"A","TAGGA",0.4,0.2,0.4,0
"chr17_44662558","rs62074061","G",0.320106,"C","GCGTG",0,0.2,0.6,0.2
"chr4_156698058","rs4399937","C",0.465608,"T","GGCCA",0.2,0,0.4,0.4
"chr3_15562246","rs4685251","G",0.345238,"A","CAAGA",0.6,0,0.2,0.2
"chr13_103991654","rs7994872","G",0.486772,"A","CCGTG",0,0.2,0.4,0.4
"chr17_47260979","rs72835429","T",0.121693,"C","CCCCC",0,0,0,1
"chr3_175118132","rs1862077","T",0.369048,"C","TTTTA",0.2,0.8,0,0
"chr8_76938350","rs830434","A",0.332011,"T","AAAAT",0.8,0.2,0,0
"chr4_81870251","rs10433930","C",0.100529,"T","ATTGA",0.4,0.4,0.2,0
"chr3_80754971","rs62257962","G",0.238095,"A","CGACA",0.4,0,0.2,0.4
"chr16_22959597","rs75713662","T",0.0185185,"C","GGCCG",0,0,0.6,0.4
"chr16_68304392","rs8056893","C",0.284392,"A","AGCGG",0.2,0,0.6,0.2
"chr11_8187000","rs7482535","C",0.310847,"T","TTTCA",0.2,0.6,0,0.2
"chr2_162101261","rs11678980","A",0.452381,"G","CGGCG",0,0,0.6,0.4
"chr11_65569930","rs34509162","T",0.215608,"G","GAGCA",0.4,0,0.4,0.2
"chr17_70380764","rs12937869","C",0.468254,"A","TCCTT",0,0.6,0,0.4
"chr7_77328329","rs10216002","C",0.124339,"A","CAAGT",0.4,0.2,0.2,0.2
"chr9_79955528","rs17424248","G",0.103175,"A","ATACC",0.4,0.2,0,0.4
"chr4_141786545","rs998013","C",0.275132,"T","GTCTG",0,0.4,0.4,0.2
"chr9_104589847","rs58676474","C",0.0171958,"G","GAGGG",0.2,0,0.8,0
"chr16_10804296","rs2719752","C",0.486772,"T","TTCGG",0,0.4,0.4,0.2
"chr9_95800202","rs10992599","T",0.037037,"C","CTCCA",0.2,0.2,0,0.6
"chr3_117625819","rs1563439","C",0.358466,"T","CACGT",0.2,0.2,0.2,0.4
"chr1_36184698","rs72659663","T",0.0833333,"A","TGATT",0.2,0.6,0.2,0
"chr3_169684433","rs9836316","A",0.154762,"G","CGGAG",0.2,0,0.6,0.2
"chr18_12471454","rs34512782","T",0.164021,"C","AGCTG",0.2,0.2,0.4,0.2
"chr20_4614670","rs2009153","G",0.481481,"T","AAGTT",0.4,0.4,0.2,0
"chr15_88593449","rs4887350","G",0.256614,"A","TCAAA",0.6,0.2,0,0.2
"chr2_127593533","rs61477456","A",0.448413,"G","CCGGG",0,0,0.6,0.4
"chr1_197972312","rs2181288","T",0.179894,"G","AATAA",0.8,0.2,0,0
"chr15_98245832","rs931892","G",0.0899471,"A","GGAGC",0.2,0,0.6,0.2
"chr14_74081365","rs11620812","T",0.433862,"C","ATCGC",0.2,0.2,0.2,0.4
"chr6_30141204","rs13213365","T",0.0608466,"C","CACGG",0.2,0,0.4,0.4
"chr5_131661349","rs273912","G",0.329365,"T","TTGTC",0,0.6,0.2,0.2
"chr3_178010689","rs75308293","T",0.0330688,"C","GGCTT",0,0.4,0.4,0.2
"chr9_132328799","rs1985591","T",0.263228,"G","CAGCT",0.2,0.2,0.2,0.4
"chr16_58074210","rs2304488","G",0.214286,"A","CCAGA",0.4,0,0.2,0.4
"chr16_68383519","rs4783621","A",0.494709,"C","CCCGA",0.2,0,0.2,0.6
"chr10_18882040","rs7075151","G",0.417989,"A","TCGTC",0,0.4,0.2,0.4
"chr3_161520740","rs1436742","T",0.353175,"G","TTGTC",0,0.6,0.2,0.2
"chr15_67845930","rs12905371","T",0.25,"C","ATCCG",0.2,0.2,0.2,0.4
"chr4_120265619","rs4643791","A",0.473545,"G","ACGCT",0.2,0.2,0.2,0.4
"chr2_96658588","rs11687113","G",0.378307,"A","ACATG",0.4,0.2,0.2,0.2
"chr17_19253981","rs4924783","A",0.214286,"G","AAAAT",0.8,0.2,0,0
"chr12_78605628","rs3803039","T",0.116402,"C","AGCGT",0.2,0.2,0.4,0.2
"chr14_31091758","rs229143","A",0.339947,"T","AGTTG",0.2,0.4,0.4,0
"chr15_82494210","rs10152695","T",0.0304233,"C","CTCCC",0,0.2,0,0.8
"chr14_36592753","rs12435959","G",0.0330688,"A","CCATC",0.2,0.2,0,0.6
"chr11_100548702","rs61908736","G",0.256614,"A","GGAGG",0.2,0,0.8,0
"chr1_35642331","rs3002664","G",0.0383598,"A","CCAGG",0.2,0,0.4,0.4
"chr20_1488236","rs6110261","G",0.12963,"C","TCCTA",0.2,0.4,0,0.4
"chr3_153361114","rs9817880","T",0.259259,"C","TCCTA",0.2,0.4,0,0.4
"chr9_80042378","rs4745634","C",0.420635,"T","TGCTC",0,0.4,0.2,0.4
"chr17_29026798","rs7212527","A",0.00661376,"G","CCGTG",0,0.2,0.4,0.4
"chr6_39891609","rs2984660","A",0.314815,"G","ACAGG",0.4,0,0.4,0.2
"chr8_27582162","rs11778465","A",0.0952381,"G","GCAAG",0.4,0,0.4,0.2
"chr12_51219440","rs829124","A",0.137566,"G","GAAAC",0.6,0,0.2,0.2
"chr17_73003617","rs60715646","T",0.00132275,"C","GCCGC",0,0,0.4,0.6
"chr6_134703701","rs11756222","G",0.343915,"C","CACGT",0.2,0.2,0.2,0.4
"chrX_114912208","rs5987983","G",0.0241796,"A","TCAGG",0.2,0.2,0.4,0.2
"chr1_23659141","rs12140750","T",0.187831,"C","GCCGA",0.2,0,0.4,0.4
"chr4_39110516","rs4974931","T",0.410053,"G","TCTAA",0.4,0.4,0,0.2
"chr16_50059314","rs9924833","A",0.112434,"G","GGAGC",0.2,0,0.6,0.2
"chr11_101299800","rs9787793","A",0.0251323,"C","TCCTT",0,0.6,0,0.4
"chr14_39244241","rs3864903","T",0.482804,"C","TACGC",0.2,0.2,0.2,0.4
"chr5_176520243","rs351855","A",0.28836,"G","CCGGG",0,0,0.6,0.4
"chr6_20540582","rs12212600","G",0.362434,"A","AAACA",0.8,0,0,0.2
"chr12_124430812","rs4765335","A",0.343915,"G","CCGCC",0,0,0.2,0.8
"chr10_5062212","rs1937883","A",0.297619,"G","TTGTT",0,0.8,0.2,0
"chr1_151782407","rs4845587","G",0.384921,"T","ACGCT",0.2,0.2,0.2,0.4
"chr7_76923550","rs17151246","T",0.256614,"C","AACAG",0.6,0,0.2,0.2
"chr1_221040171","rs1389750","G",0.395503,"T","AATTT",0.4,0.6,0,0
"chrX_115224053","rs4469636","A",0.381693,"C","CACCC",0.2,0,0,0.8
"chr12_131577100","rs10848282","T",0.357143,"C","GGCCA",0.2,0,0.4,0.4
"chr17_79213305","rs2659009","G",0.474868,"A","TGGCT",0,0.4,0.4,0.2
"chr8_132926770","rs16904548","A",0.214286,"G","CCGAG",0.2,0,0.4,0.4
"chr10_85766865","rs11592286","A",0.0238095,"G","GTGGG",0,0.2,0.8,0
"chr3_154996207","rs62279087","A",0.369048,"G","CCAAG",0.4,0,0.2,0.4
"chr17_18018592","rs11654240","T",0.0396825,"C","CCCTC",0,0.2,0,0.8
"chr2_203202958","rs1105047","G",0.257937,"A","AAAGA",0.8,0,0.2,0
"chr19_36031398","rs11882238","A",0.351852,"C","CTCGT",0,0.4,0.2,0.4
"chr2_190517821","rs6726636","T",0.161376,"C","GGCGC",0,0,0.6,0.4
"chr4_190315052","rs11132646","C",0.375661,"G","GACAA",0.6,0,0.2,0.2
"chr4_154904679","rs2405195","A",0.334656,"G","GGGCC",0,0,0.6,0.4
"chrX_54888768","rs6611381","G",0.433506,"A","TCGTA",0.2,0.4,0.2,0.2
"chr22_19038847","rs6518518","T",0.357143,"C","CACCT",0.2,0.2,0,0.6
"chr20_13786587","rs6079180","G",0.12037,"A","TAATA",0.6,0.4,0,0
"chr10_116577475","rs12416635","A",0.0132275,"C","CTCAT",0.2,0.4,0,0.4
"chr11_45619678","rs11038561","T",0.0899471,"C","CCCGT",0,0.2,0.2,0.6
"chr16_84463382","rs74038226","C",0.037037,"T","TATTC",0.2,0.6,0,0.2
"chr3_194074107","rs4974528","C",0.333333,"T","ACTGC",0.2,0.2,0.2,0.4
"chrX_114958309","rs5988008","G",0.153713,"A","AAGGA",0.6,0,0.4,0
"chr19_621712","rs2238547","G",0.489418,"A","AAAGC",0.6,0,0.2,0.2
"chr15_90798272","rs1533327","A",0.427249,"G","GCGGC",0,0,0.6,0.4
"chr5_7942036","rs80221434","C",0.0291005,"T","TATCC",0.2,0.4,0,0.4
"chr3_33343822","rs6807330","T",0.330688,"G","TGGTG",0,0.4,0.6,0
"chr12_63699092","rs1146110","G",0.365079,"A","CCGAA",0.4,0,0.2,0.4
"chr1_232584462","rs57063260","A",0.0238095,"G","ACGGT",0.2,0.2,0.4,0.2
"chr2_241627836","rs1003972","C",0.103175,"G","GCGCA",0.2,0,0.4,0.4
"chr1_5729261","rs1763334","C",0.234127,"T","TTTCT",0,0.8,0,0.2
"chr7_120900004","rs12539571","C",0.431217,"T","TGTGG",0,0.4,0.6,0
"chr7_3250405","rs10244878","T",0.342593,"G","GGTCT",0,0.4,0.4,0.2
"chr19_46274972","rs915915","C",0.465608,"A","GGATG",0.2,0.2,0.6,0
"chr19_51373744","rs12983994","T",0.0436508,"C","GCCTG",0,0.2,0.4,0.4
"chr2_107423395","rs1470590","T",0.390212,"G","ATTAT",0.4,0.6,0,0
"chr3_44029540","rs116633784","C",0.0462963,"T","ACTCT",0.2,0.4,0,0.4
"chr5_42316065","rs80202294","A",0.0529101,"G","GGGCC",0,0,0.6,0.4
"chr11_121224198","rs60949529","C",0.0026455,"T","TCTCC",0,0.4,0,0.6
"chr5_39827070","rs6880515","A",0.268519,"G","CCGAG",0.2,0,0.4,0.4
"chr21_46350019","rs9975055","G",0.359788,"T","TGTCC",0,0.4,0.2,0.4
"chr5_67646694","rs62355983","G",0.312169,"A","CCACC",0.2,0,0,0.8
"chr15_24952181","rs111835220","T",0.416667,"C","CTCGT",0,0.4,0.2,0.4
"chr8_123520130","rs4587341","T",0.179894,"C","AACAT",0.6,0.2,0,0.2
"chr17_43212963","rs2291447","T",0.478836,"G","TAGGT",0.2,0.4,0.4,0
"chr8_112600713","rs12679274","T",0.470899,"C","TGCCC",0,0.2,0.2,0.6
"chr5_138860604","rs7380272","T",0.150794,"C","CCCAC",0.2,0,0,0.8
"chr11_50398404","rs545715","C",0.425926,"T","GGCAG",0.2,0,0.6,0.2
"chr14_24734645","rs2180196","A",0.154762,"G","GCGCA",0.2,0,0.4,0.4
"chr15_68670838","rs8024015","A",0.194444,"G","CCAGG",0.2,0,0.4,0.4
"chr2_54568287","rs10196726","A",0.242063,"G","AGAAT",0.6,0.2,0.2,0
"chr13_108849329","rs78938123","G",0.0899471,"A","TGATT",0.2,0.6,0.2,0
"chr12_74467704","rs11179903","C",0.435185,"T","ACTGA",0.4,0.2,0.2,0.2
"chr15_94672577","rs77695692","T",0.391534,"A","ACATC",0.4,0.2,0,0.4
"chr16_19117861","rs4567695","G",0.363757,"A","TCGGG",0,0.2,0.6,0.2
"chr1_42242858","rs6687088","C",0.48545,"T","GGCAA",0.4,0,0.4,0.2
"chr12_6947732","rs3759348","T",0.279101,"C","ACCAG",0.4,0,0.2,0.4
"chr4_42374671","rs2719945","C",0.216931,"T","CCTGA",0.2,0.2,0.2,0.4
"chr3_171775451","rs16856838","G",0.425926,"A","ATGCT",0.2,0.4,0.2,0.2
"chr15_75810203","rs12909600","G",0.0820106,"A","TCATT",0.2,0.6,0,0.2
"chr3_120617053","rs6800520","A",0.112434,"C","CTCCT",0,0.4,0,0.6
"chr3_158455281","rs74618709","C",0.162698,"G","ACGAA",0.6,0,0.2,0.2
"chr7_76743290","rs114511432","A",0.261905,"C","GACTG",0.2,0.2,0.4,0.2
"chr4_178278921","rs7682807","G",0.179894,"C","AACAA",0.8,0,0,0.2
"chr6_2008537","rs9405537","T",0.287037,"C","TTTTA",0.2,0.8,0,0
"chr8_144490357","rs111900927","T",0.0925926,"C","GCCCC",0,0,0.2,0.8
"chr17_73877459","rs66496607","T",0.128307,"C","GACTG",0.2,0.2,0.4,0.2
"chr15_41819998","rs11070334","A",0.429894,"G","AGGAA",0.6,0,0.4,0
"chr1_19106254","rs11261065","C",0.206349,"A","ACAAA",0.8,0,0,0.2
"chr22_27117690","rs5761703","G",0.310847,"A","AGACC",0.4,0,0.2,0.4
"chr4_44775928","rs10938364","C",0.410053,"G","TTCCA",0.2,0.4,0,0.4
"chr6_16691136","rs16878791","T",0.48545,"C","GCCCC",0,0,0.2,0.8
"chr9_16640682","rs1003070","C",0.411376,"T","TTTAA",0.4,0.6,0,0
"chr3_8514038","rs10866089","C",0.404762,"T","CACGT",0.2,0.2,0.2,0.4
"chrX_79643254","rs113198975","A",0.110535,"G","ATGTT",0.2,0.6,0.2,0
"chr1_1505041","rs6603792","C",0.346561,"T","CATGT",0.2,0.4,0.2,0.2
"chr2_41190263","rs13033357","C",0.415344,"G","GACTT",0.2,0.4,0.2,0.2
"chr2_74726760","rs11688069","T",0.150794,"C","CTCGG",0,0.2,0.4,0.4
"chr7_8720287","rs17153659","G",0.0026455,"T","GCTTA",0.2,0.4,0.2,0.2
"chr16_57284259",".","T",0.0343915,"C","AACGA",0.6,0,0.2,0.2
"chr19_17325910","rs8103557","G",0.0714286,"T","CCTAA",0.4,0.2,0,0.4
"chr2_86074388","rs17026666","C",0.0462963,"A","TCAAG",0.4,0.2,0.2,0.2
"chr5_180288913","rs249318","A",0.444444,"T","TTTAA",0.4,0.6,0,0
"chr2_110983945","rs12613552","A",0.376984,"C","CTCCC",0,0.2,0,0.8
"chr6_5170707","rs72811688","T",0.117725,"C","CACTT",0.2,0.4,0,0.4
"chr16_783173","rs2071952","C",0.268519,"T","CATGC",0.2,0.2,0.2,0.4
"chr18_45577269","rs56136868","C",0.136243,"T","TCTTC",0,0.6,0,0.4
"chr11_106992253","rs7933177","T",0.489418,"G","CTTTG",0,0.6,0.2,0.2
"chr3_168168821","rs3933540","A",0.252646,"G","CCGCA",0.2,0,0.2,0.6
"chr6_42928758","rs2296805","T",0.402116,"G","TGTCT",0,0.6,0.2,0.2
"chr3_50967904","rs7429494","A",0.12037,"G","CGATG",0.2,0.2,0.4,0.2
"chr22_18455830","rs453557","A",0.477513,"G","GCATC",0.2,0.2,0.2,0.4
"chr1_103264776","rs115947105","A",0.0489418,"G","GCGTA",0.2,0.2,0.4,0.2
"chr11_71115244","rs147829255","T",0.0198413,"A","TCAGA",0.4,0.2,0.2,0.2
"chr13_24177631","rs74573889","G",0.104497,"A","CTAAT",0.4,0.4,0,0.2
"chr4_42027445","rs4241695","T",0.206349,"A","CTTGA",0.2,0.4,0.2,0.2
"chr22_50964153","rs131805","T",0.236772,"C","CCTTC",0,0.4,0,0.6
"chr3_23982330","rs13325754","T",0.193122,"C","TACGT",0.2,0.4,0.2,0.2
"chr2_10908893","rs1198849","G",0.378307,"A","ACAAC",0.6,0,0,0.4
"chr2_131578201","rs6757831","G",0.321429,"A","GGGGC",0,0,0.8,0.2
"chr9_123683834","rs2191959","A",0.0674603,"T","AGTGG",0.2,0.2,0.6,0
"chr6_53856538","rs2182274","T",0.148148,"A","AAATT",0.6,0.4,0,0
"chr16_54032274","rs16952756","C",0.037037,"T","CTTGT",0,0.6,0.2,0.2
"chr16_54608683","rs113271964","T",0.0251323,"G","GAGCC",0.2,0,0.4,0.4
"chr19_54677189","rs8736","T",0.448413,"C","AGCGC",0.2,0,0.4,0.4
"chr3_8928911","rs166095","C",0.267196,"T","TCCTC",0,0.4,0,0.6
"chrX_10290577","rs113678402","G",0.0518135,"A","GAAAA",0.8,0,0.2,0
"chr16_3006013","rs7200229","C",0.335979,"A","CCCCA",0.2,0,0,0.8
"chr3_57371490","rs9876799","T",0.00132275,"C","GACCA",0.4,0,0.2,0.4
"chr16_70581279","rs116107373","C",0.00396825,"A","TAAAT",0.6,0.4,0,0
"chrX_3039441","rs4092290","A",0.210708,"G","CAGCT",0.2,0.2,0.2,0.4
"chr13_88778909","rs2346844","T",0.337302,"C","CATAT",0.4,0.4,0,0.2
"chr15_90709994","rs12899149","C",0.126984,"G","CAGCC",0.2,0,0.2,0.6
"chr1_47006279","rs116173944","G",0.015873,"T","CATAG",0.4,0.2,0.2,0.2
"chr11_61943235","rs11230955","C",0.382275,"A","GGAGT",0.2,0.2,0.6,0
"chr12_115129316","rs10850364","A",0.44709,"G","ACAAT",0.6,0.2,0,0.2
"chr10_67269108","rs10996483","T",0.412698,"C","TCCCC",0,0.2,0,0.8
"chr8_120152703","rs13262749","A",0.444444,"C","TTCTC",0,0.6,0,0.4
"chr15_42140414","rs1197668","A",0.44709,"G","TGGCA",0.2,0.2,0.4,0.2
"chr19_53618445","rs8099853","G",0.289683,"A","CCAGG",0.2,0,0.4,0.4
"chr19_53964226","rs73597325","C",0.156085,"T","CATTG",0.2,0.4,0.2,0.2
"chr2_171822576","rs3770436","T",0.0132275,"C","CTCCA",0.2,0.2,0,0.6
"chr9_117190749","rs12002094","A",0.210317,"G","ACATC",0.4,0.2,0,0.4
"chr11_66008470","rs10791861","A",0.178571,"G","CCGCA",0.2,0,0.2,0.6
"chr5_133814865","rs10214413","T",0.48545,"C","CACCA",0.4,0,0,0.6
"chr4_7104965","rs115982136","T",0.0357143,"C","CCCCA",0.2,0,0,0.8
"chr2_73855507","rs10178409","T",0.21164,"G","CAGCA",0.4,0,0.2,0.4
"chr1_938116","rs2710869","T",0.047619,"G","TGTAT",0.2,0.6,0.2,0
"chr5_159831664","rs2961939","T",0.332011,"C","GGCGG",0,0,0.8,0.2
"chr11_63241790","rs79304790","C",0.0224868,"G","AAGCC",0.4,0,0.2,0.4
"chr6_42426075","rs9367144","A",0.291005,"G","CTAGT",0.2,0.4,0.2,0.2
"chr4_7219933","rs4234798","T",0.363757,"G","AGTAG",0.4,0.2,0.4,0
"chr14_22913153","rs12885433","C",0.240741,"G","AGGGG",0.2,0,0.8,0
"chr2_211749072","rs13002981","C",0.133598,"G","TGGTG",0,0.4,0.6,0
"chr4_36208647","rs4256241","A",0.117725,"G","AAAGG",0.6,0,0.4,0
"chr10_90443942","rs4933484","C",0.0396825,"T","TTTAT",0.2,0.8,0,0
"chr2_220401663","rs72969461","T",0.145503,"C","TCCGG",0,0.2,0.4,0.4
"chr18_8599797","rs1442686","C",0.309524,"G","TACAG",0.4,0.2,0.2,0.2
"chr6_84200221","rs9350981","T",0.388889,"C","GATAA",0.6,0.2,0.2,0
"chr11_35598927",".","T",0.181217,"C","CTCGA",0.2,0.2,0.2,0.4
"chr1_52818188","rs7513934","A",0.457672,"G","TAGAT",0.4,0.4,0.2,0
"chr21_46659017","rs10470246","G",0.285714,"C","CACTA",0.4,0.2,0,0.4
"chr18_33225480","rs77183566","C",0.0555556,"T","GCTGC",0,0.2,0.4,0.4
"chr10_38625071","rs2754415","G",0.484127,"A","GCGGA",0.2,0,0.6,0.2
"chr20_16532420","rs4814507","C",0.456349,"A","AACAC",0.6,0,0,0.4
"chr10_30640315","rs10826785","A",0.44709,"C","CCACC",0.2,0,0,0.8
"chr12_52996772","rs11170191","T",0.382275,"G","GGGTG",0,0.2,0.8,0
"chr15_66113664","rs2727087","A",0.148148,"C","ACATA",0.6,0.2,0,0.2
"chr7_87673997","rs138022635","T",0.0343915,"A","TCATG",0.2,0.4,0.2,0.2
"chr4_177154196","rs2128427","T",0.111111,"A","TAAAA",0.8,0.2,0,0
"chr6_4021279","rs9392547","T",0.363757,"C","CCTAA",0.4,0.2,0,0.4
"chr11_134403004","rs33999186","T",0.18254,"C","GCCGC",0,0,0.4,0.6
"chr11_88349719","rs12802054","A",0.243386,"G","CCGGG",0,0,0.6,0.4
"chr10_134212309","rs28461301","A",0.259259,"G","CCGCC",0,0,0.2,0.8
"chr11_83635876","rs10898180","C",0.0542328,"T","TGTGG",0,0.4,0.6,0
"chr19_52771097","rs8112349","T",0.367725,"C","CCCGT",0,0.2,0.2,0.6
"chr2_136633771","rs191079","C",0.404762,"T","CCTGG",0,0.2,0.4,0.4
"chr16_80640263","rs7196676","C",0.253968,"T","CCTCA",0.2,0.2,0,0.6
"chr1_152165878","rs1552991","C",0.411376,"T","AACGT",0.4,0.2,0.2,0.2
"chr20_42422055","rs6031120","T",0.272487,"G","AAGAA",0.8,0,0.2,0
"chr22_32769351","rs5998464","C",0.0568783,"T","TATGT",0.2,0.6,0.2,0
"chr15_50409500","rs55946881","A",0.230159,"G","CAGCC",0.2,0,0.2,0.6
"chr5_169595252","rs55775465","C",0.26455,"T","CATAC",0.4,0.2,0,0.4
"chr19_35239926","rs7260218","T",0.321429,"A","CAAAT",0.6,0.2,0,0.2
"chr6_120271173","rs9374849","T",0.283069,"C","GCCTG",0,0.2,0.4,0.4
"chr11_128614150","rs113938935","T",0.0410053,"C","AGCGG",0.2,0,0.6,0.2
"chr21_43153109","rs11701171","T",0.482804,"C","TCCAC",0.2,0.2,0,0.6
"chr8_3794086","rs1829857","A",0.21164,"T","GAAGA",0.6,0,0.4,0
"chr18_7269766","rs56044035","A",0.0582011,"G","ACGGG",0.2,0,0.6,0.2
"chr10_46144772","rs12766066","T",0.227513,"C","AACGT",0.4,0.2,0.2,0.2
"chr2_187308037","rs13029766","T",0.297619,"C","CCCTG",0,0.2,0.2,0.6
"chr5_23241797","rs17375683","T",0.154762,"C","TGCTT",0,0.6,0.2,0.2
"chr3_128149700","rs2981029","T",0.305556,"G","ACTGT",0.2,0.4,0.2,0.2
"chr2_208903820","rs1545503","T",0.255291,"C","GCTTC",0,0.4,0.2,0.4
"chr2_27568565","rs10205219","C",0.390212,"T","TATGT",0.2,0.6,0.2,0
"chr8_65898764","rs2002700","A",0.440476,"G","CAGTC",0.2,0.2,0.2,0.4
"chr12_131929950","rs74718946","G",0.0277778,"A","CCAGG",0.2,0,0.4,0.4
"chr17_10898819","rs758114","C",0.359788,"T","CATAA",0.6,0.2,0,0.2
"chr3_105203693","rs9857705","T",0.488095,"C","AACTG",0.4,0.2,0.2,0.2
"chr6_1529444","rs35412353","T",0.181217,"C","TGCCA",0.2,0.2,0.2,0.4
"chr10_79597888","rs1270912","A",0.37963,"G","CTATC",0.2,0.4,0,0.4
"chr20_17814600","rs806768","G",0.386243,"A","AAAAT",0.8,0.2,0,0
"chr10_48566155","rs12244320","G",0.0026455,"A","AAACC",0.6,0,0,0.4
"chr2_37356555","rs13410628","A",0.128307,"C","CACCT",0.2,0.2,0,0.6
"chrX_122447564","rs16997305","T",0.205527,"C","ACCTA",0.4,0.2,0,0.4
"chr14_35502163","rs7158547","G",0.374339,"A","GCACC",0.2,0,0.2,0.6
"chr18_75215456","rs6565989","G",0.0912698,"A","ACGGT",0.2,0.2,0.4,0.2
"chr2_202660241","rs1023578","C",0.260582,"T","TTTCT",0,0.8,0,0.2
"chr7_154724654","rs55644641","T",0.330688,"C","GGCTC",0,0.2,0.4,0.4
"chr13_113737385","rs498836","C",0.376984,"T","TCCGG",0,0.2,0.4,0.4
"chr11_35998242","rs12223302","G",0.380952,"C","GTCTC",0,0.4,0.2,0.4
"chr17_19849510","rs734302","T",0.325397,"C","TACAT",0.4,0.4,0,0.2
"chr9_132414424","rs140495687","T",0.0992063,"C","TGCGC",0,0.2,0.4,0.4
"chr3_47074906","rs11713693","C",0.369048,"T","CATGG",0.2,0.2,0.4,0.2
"chr11_6508124","rs2256920","G",0.470899,"C","TTGTT",0,0.8,0.2,0
"chr1_36789546","rs12116935","G",0.42328,"A","AAATA",0.8,0.2,0,0
"chr9_8011813","rs10815739","A",0.186508,"G","CTGTA",0.2,0.4,0.2,0.2
"chr1_53554305","rs2306459","A",0.0515873,"G","GGGAA",0.4,0,0.6,0
"chr7_28182306","rs10280937","C",0.0833333,"T","AGTAT",0.4,0.4,0.2,0
"chr7_94959815","rs73422012","A",0.0224868,"C","AACCC",0.4,0,0,0.6
"chr18_11371526","rs7230862","T",0.194444,"C","GTTGC",0,0.4,0.4,0.2
"chr10_126823475","rs7080079","C",0.407407,"G","CGGTA",0.2,0.2,0.4,0.2
"chr19_11500871","rs111616124","T",0.0687831,"C","GGCGA",0.2,0,0.6,0.2
"chr2_184446780","rs1590084","A",0.378307,"C","ATCAC",0.4,0.2,0,0.4
"chr5_122872040","rs1532613","A",0.421958,"G","ATAAA",0.8,0.2,0,0
"chr17_62044195","rs4968677","T",0.0978836,"C","GGTTA",0.2,0.4,0.4,0
"chr17_64264882","rs11657176","T",0.0912698,"G","GAGCT",0.2,0.2,0.4,0.2
"chr1_40087973","rs79178056","T",0.179894,"C","CCCGC",0,0,0.2,0.8
"chr18_19925896","rs2385480","A",0.395503,"G","GCGTG",0,0.2,0.6,0.2
"chr7_44226101","rs2971670","T",0.181217,"C","GACGT",0.2,0.2,0.4,0.2
"chr3_112825573","rs2613946","G",0.384921,"A","GGAGG",0.2,0,0.8,0
"chr5_141532226","rs14449","T",0.0343915,"C","AACCA",0.6,0,0,0.4
"chr6_116626782","rs4607460","A",0.0436508,"G","TAGCT",0.2,0.4,0.2,0.2
"chr17_70636647","rs111800738","C",0.433862,"T","CCTCG",0,0.2,0.2,0.6
"chr1_19142961","rs74605331","G",0.0687831,"A","CAACT",0.4,0.2,0,0.4
"chr4_20741823","rs2322687","T",0.492063,"G","AGTCA",0.4,0.2,0.2,0.2
"chr3_93609459","rs4857466","T",0.201058,"C","GCCGA",0.2,0,0.4,0.4
"chr11_118990253","rs79873791","T",0.469577,"C","CTCAG",0.2,0.2,0.2,0.4
"chr9_115307963","rs6477950","T",0.0621693,"C","TCTGG",0,0.4,0.4,0.2
"chr6_92470874","rs9451807","C",0.313492,"G","AGGCT",0.2,0.2,0.4,0.2
"chr10_29265018","rs788045","A",0.251323,"T","CATGG",0.2,0.2,0.4,0.2
"chr10_7884078","rs1625706","A",0.177249,"G","TGGCC",0,0.2,0.4,0.4
"chr2_231827816","rs74861450","G",0.0238095,"T","GCTAT",0.2,0.4,0.2,0.2
"chr1_194081676","rs61831426","T",0.12963,"C","TACGA",0.4,0.2,0.2,0.2
"chr13_58888983","rs9537998","A",0.239418,"G","GCGTG",0,0.2,0.6,0.2
"chr2_239147036","rs8835","G",0.338624,"C","CTCAG",0.2,0.2,0.2,0.4
"chr5_3146994","rs72731251","G",0.0145503,"A","ATAAA",0.8,0.2,0,0
"chr16_5020954","rs9927293","A",0.448413,"C","TACAA",0.6,0.2,0,0.2
"chr13_73504759","rs117398953","G",0.021164,"A","GTACA",0.4,0.2,0.2,0.2
"chr11_10896470","rs7126125","C",0.142857,"T","AATGT",0.4,0.4,0.2,0
"chr2_106701128","rs56102567","T",0.0661376,"C","GTCGA",0.2,0.2,0.4,0.2
"chr2_130217112","rs10198026","C",0.238095,"T","CTCGC",0,0.2,0.2,0.6
"chr19_12544454","rs4804697","T",0.284392,"G","CAGGA",0.4,0,0.4,0.2
"chr18_77256499","rs62096906","G",0.0582011,"A","CAAGC",0.4,0,0.2,0.4
"chr5_144692199","rs12515239","T",0.268519,"C","TTCAC",0.2,0.4,0,0.4
"chr13_79961144","rs3742121","C",0.0912698,"G","TAGAG",0.4,0.2,0.4,0
"chr15_67455630","rs56062135","T",0.212963,"C","TCCCT",0,0.4,0,0.6
"chr7_101761545","rs11973970","T",0.0568783,"C","CGCGG",0,0,0.6,0.4
"chr2_241899111","rs12468628","A",0.472222,"G","TTGGC",0,0.4,0.4,0.2
"chr5_15397366","rs6871759","G",0.0462963,"C","AGGTG",0.2,0.2,0.6,0
"chr18_61833720","rs17724685","A",0.452381,"G","TCGGA",0.2,0.2,0.4,0.2
"chr7_144816307","rs112495067","G",0.0185185,"A","CTAGG",0.2,0.2,0.4,0.2
"chr1_108891814","rs59395777","C",0.0608466,"G","TGGCT",0,0.4,0.4,0.2
"chr7_51190564","rs113916171","A",0.0846561,"G","GCGAC",0.2,0,0.4,0.4
"chr11_78275206","rs7129552","A",0.234127,"G","CCAAA",0.6,0,0,0.4
"chr16_84231193","rs11646337","C",0.412698,"T","TTTAG",0.2,0.6,0.2,0
"chr9_78072761","rs4745404","T",0.411376,"C","CATCA",0.4,0.2,0,0.4
"chr14_99519484","rs11624965","T",0.111111,"A","TGAGG",0.2,0.2,0.6,0
"chr19_48781053","rs73942217","G",0.240741,"T","GGTGT",0,0.4,0.6,0
"chr1_226348355","rs16860230","T",0.166667,"C","CTCAT",0.2,0.4,0,0.4
"chr9_30135713","rs10969567","A",0.419312,"G","CCGCC",0,0,0.2,0.8
"chr1_105242254","rs11581761","C",0.189153,"T","AGTGT",0.2,0.4,0.4,0
"chr19_33795709","rs41344151","A",0.0859788,"G","GGGGA",0.2,0,0.8,0
"chr7_135247752","rs6467595","C",0.214286,"T","TTCAC",0.2,0.4,0,0.4
"chr19_53931031","rs76645009","A",0.214286,"G","AGGTG",0.2,0.2,0.6,0
"chr9_111482861","rs2900472","G",0.306878,"T","CCGGG",0,0,0.6,0.4
"chr22_33941915","rs5749627","C",0.484127,"T","TGTGC",0,0.4,0.4,0.2
"chr12_31113401","rs7980214","C",0.425926,"T","TATGG",0.2,0.4,0.4,0
"chr5_176730678","rs9313754","G",0.124339,"C","GGCTC",0,0.2,0.4,0.4
"chr20_33870053","rs6120889","A",0.199735,"G","CAGAG",0.4,0,0.4,0.2
"chr16_64434771","rs1437156","C",0.22619,"A","TTATC",0.2,0.6,0,0.2
"chr12_93290502","rs144961179","A",0.0806878,"G","CCGGG",0,0,0.6,0.4
"chr2_138149238","rs56193592","G",0.259259,"C","AACAG",0.6,0,0.2,0.2
"chr18_14188003","rs117657747","A",0.0555556,"G","TAGGA",0.4,0.2,0.4,0
"chr17_28874852","rs77671274","G",0.247354,"A","CCATG",0.2,0.2,0.2,0.4
"chr5_68678131","rs17229894","A",0.0185185,"G","TAGGT",0.2,0.4,0.4,0
"chrX_67408506","rs11094074","C",0.246978,"T","CTCCT",0,0.4,0,0.6
"chr2_185188572","rs10183564","T",0.230159,"C","CTTGC",0,0.4,0.2,0.4
"chr8_28333166","rs28626183","A",0.296296,"G","ACGCT",0.2,0.2,0.2,0.4
"chr1_178637460","rs35141992","G",0.484127,"A","GCAGT",0.2,0.2,0.4,0.2
"chr1_200250436","rs6671242","A",0.424603,"G","TGAGG",0.2,0.2,0.6,0
"chr8_146259920","rs71522415","C",0.205026,"T","ATTGT",0.2,0.6,0.2,0
"chr1_15671483","rs486089","A",0.351852,"G","GCGGT",0,0.2,0.6,0.2
"chr2_10716716","rs12996735","A",0.384921,"C","TGCTC",0,0.4,0.2,0.4
"chr2_177351121","rs6433594","T",0.445767,"C","AGTCA",0.4,0.2,0.2,0.2
"chr10_114888771","rs73360287","A",0.0634921,"G","GCGAG",0.2,0,0.6,0.2
"chr14_24610733","rs2236352","C",0.284392,"T","AGTCC",0.2,0.2,0.2,0.4
"chr10_14296825","rs76954705","A",0.0939153,"G","GGGGA",0.2,0,0.8,0
"chrX_113604384","rs5946153","A",0.234888,"G","ATGTG",0.2,0.4,0.4,0
"chr1_155585537","rs383358","G",0.0026455,"A","ACATC",0.4,0.2,0,0.4
"chr13_94253329","rs3898859","A",0.387566,"G","GGGGA",0.2,0,0.8,0
"chr2_56451643","rs116198816","C",0.0701058,"G","ATGTG",0.2,0.4,0.4,0
"chr9_115046117","rs4979094","T",0.473545,"C","GCCCT",0,0.2,0.2,0.6
"chr3_8546102","rs9312023","G",0.424603,"A","AAGGG",0.4,0,0.6,0
"chr12_10501124","rs140528171","G",0.380952,"T","TTTCT",0,0.8,0,0.2
"chr10_35907392","rs622286","C",0.195767,"T","CATGG",0.2,0.2,0.4,0.2
"chr10_52545928","rs7475186","T",0.390212,"G","TCGTC",0,0.4,0.2,0.4
"chr9_70646511","rs62551517","T",0.246032,"C","GCCTC",0,0.2,0.2,0.6
"chr11_85149780","rs77576327","C",0.0198413,"T","TTTAT",0.2,0.8,0,0
"chr22_30371350","rs9614123","G",0.253968,"A","AGATA",0.6,0.2,0.2,0
"chr16_28508069","rs151174","T",0.35582,"C","GGCGC",0,0,0.6,0.4
"chrX_34577969","rs12383244","G",0.222798,"A","CTATC",0.2,0.4,0,0.4
"chr3_148755934","rs13090196","G",0.314815,"C","TACGT",0.2,0.4,0.2,0.2
"chr22_45167436","rs116957356","G",0.203704,"T","TATTT",0.2,0.8,0,0
"chr2_3504819","rs34240449","G",0.419312,"A","TCACA",0.4,0.2,0,0.4
"chr15_55739838","rs622097","T",0.350529,"C","CATGG",0.2,0.2,0.4,0.2
"chr5_77799836","rs6453397","T",0.265873,"C","GTCTG",0,0.4,0.4,0.2
"chr11_120195689","rs61898347","A",0.232804,"G","TAGTA",0.4,0.4,0.2,0
"chr11_133654066","rs7942611","G",0.386243,"A","CAAAT",0.6,0.2,0,0.2
"chr8_111806325","rs7819843","A",0.0330688,"G","CCGCA",0.2,0,0.2,0.6
"chr14_100390766","rs72710067","C",0.116402,"T","TATAT",0.4,0.6,0,0
"chrX_35952199","rs6527523","T",0.145078,"C","ATCCT",0.2,0.4,0,0.4
"chr12_25318307","rs112778766","C",0.373016,"T","ACTGC",0.2,0.2,0.2,0.4
"chr3_120190180","rs73180200","G",0.0740741,"A","AAATC",0.6,0.2,0,0.2
"chr3_128627623","rs876756","A",0.174603,"G","ATGTG",0.2,0.4,0.4,0
"chr17_44363136","rs150752307","G",0.378307,"C","GAGTC",0.2,0.2,0.4,0.2
"chr17_44185410","rs74518378","T",0.113757,"C","ACCCT",0.2,0.2,0,0.6
"chr19_58868480","rs12609654","T",0.398148,"G","GAGTG",0.2,0.2,0.6,0
"chr5_158759900","rs2546890","G",0.497354,"A","CCACA",0.4,0,0,0.6
"chr12_31599557","rs2682674","A",0.395503,"G","GCGCA",0.2,0,0.4,0.4
"chr19_51835278","rs28399053","C",0.100529,"G","GTGAT",0.2,0.4,0.4,0
"chr14_51270816","rs10137260","C",0.00132275,"T","CACGC",0.2,0,0.2,0.6
"chr2_227046060","rs13389251","T",0.14418,"C","AGCCA",0.4,0,0.2,0.4
"chr1_1539369","rs6656591","T",0.275132,"C","ACTTC",0.2,0.4,0,0.4
"chr9_93567958","rs17488335","G",0.219577,"A","CCATG",0.2,0.2,0.2,0.4
"chr9_126028395","rs7863265","C",0.297619,"G","TTCCA",0.2,0.4,0,0.4
"chr5_26838935","rs12519694","G",0.448413,"A","CCAAT",0.4,0.2,0,0.4
"chr12_80162188","rs34419087","G",0.353175,"C","TGGGT",0,0.4,0.6,0
"chr17_54072892","rs9897669","G",0.494709,"T","AGGTG",0.2,0.2,0.6,0
"chr4_56690155","rs2053743","C",0.37963,"T","TACGT",0.2,0.4,0.2,0.2
"chr1_241060796","rs12747216","T",0.162698,"C","GCCGC",0,0,0.4,0.6
"chr10_17544529","rs11593604","G",0.171958,"A","TCACT",0.2,0.4,0,0.4
"chr7_46451098","rs6959948","G",0.294974,"A","ACAGC",0.4,0,0.2,0.4
"chr7_76601924","rs60407021","T",0.0489418,"G","CAGAG",0.4,0,0.4,0.2
"chr7_5036988","rs12535548","A",0.0992063,"G","ACGAT",0.4,0.2,0.2,0.2
"chr21_15386191","rs117287102","A",0.0780423,"G","GCGGC",0,0,0.6,0.4
"chr3_13985222","rs111910231","A",0.43254,"G","TGATG",0.2,0.4,0.4,0
"chr10_120762045","rs10787891","G",0.333333,"T","AGTCT",0.2,0.4,0.2,0.2
"chr7_156729596","rs12671913","T",0.149471,"C","TGCAT",0.2,0.4,0.2,0.2
"chr6_31021325","rs2428516","T",0.40873,"C","ACTTC",0.2,0.4,0,0.4
"chr21_31218534","rs2409349","T",0.149471,"C","ACCCC",0.2,0,0,0.8
"chr1_91086089","rs151317720","T",0.031746,"C","GCCGG",0,0,0.6,0.4
"chr16_14625166","rs117886093","C",0.0595238,"G","AGGTG",0.2,0.2,0.6,0
"chr19_11451163","rs11666478","C",0.43254,"T","AATAC",0.6,0.2,0,0.2
"chr8_130374305","rs35761135","T",0.34127,"C","GCCAC",0.2,0,0.2,0.6
"chr1_93656588","rs7541687","A",0.335979,"G","AAAGT",0.6,0.2,0.2,0
"chr2_48573895","rs79073127","C",0.123016,"G","CAGTG",0.2,0.2,0.4,0.2
"chr1_43460561","rs841833","A",0.205026,"G","GCATG",0.2,0.2,0.4,0.2
"chr3_128067441","rs11721213","T",0.112434,"G","ATGGT",0.2,0.4,0.4,0
"chr11_125621611","rs140903483","G",0.037037,"T","ATTCC",0.2,0.4,0,0.4
"chr10_129652393","rs11018359","T",0.133598,"A","CCAGG",0.2,0,0.4,0.4
"chr11_93668721","rs34082624","T",0.283069,"C","ATCTT",0.2,0.6,0,0.2
"chr2_45943563","rs10175151","T",0.125661,"C","CACGA",0.4,0,0.2,0.4
"chr19_14687573","rs111235285","G",0.0489418,"T","ACTCC",0.2,0.2,0,0.6
"chr3_124900242","rs57180082","C",0.164021,"G","TCGAG",0.2,0.2,0.4,0.2
"chr22_22694294","rs5757911","G",0.32672,"A","CAAAG",0.6,0,0.2,0.2
"chr11_4536230","rs2566221","T",0.223545,"C","TGCGG",0,0.2,0.6,0.2
"chr3_172998787","rs9832854","A",0.280423,"G","CAGTT",0.2,0.4,0.2,0.2
"chr21_26118250","rs2829317","G",0.40873,"A","AGAGC",0.4,0,0.4,0.2
"chr4_902160","rs79695461","A",0.0145503,"G","ACGTG",0.2,0.2,0.4,0.2
"chr12_32123094","rs57665268","A",0.117725,"T","CATCC",0.2,0.2,0,0.6
"chr12_7953315","rs7133676","C",0.460317,"G","ACGTG",0.2,0.2,0.4,0.2
"chr2_230270746","rs10184352","A",0.130952,"G","CAGAA",0.6,0,0.2,0.2
"chr9_107486228","rs4743746","A",0.191799,"G","AGGGC",0.2,0,0.6,0.2
"chr12_96154260","rs7955568","C",0.458995,"T","CCCTG",0,0.2,0.2,0.6
"chr21_28040954","rs11088007","G",0.185185,"A","CGATC",0.2,0.2,0.2,0.4
"chr13_113570995","rs2993334","T",0.297619,"C","GACGG",0.2,0,0.6,0.2
"chr7_150210148",".","T",0.246032,"C","ACTGT",0.2,0.4,0.2,0.2
"chr9_135693306","rs2809254","G",0.194444,"A","TCGTA",0.2,0.4,0.2,0.2
"chr1_155135335","rs4460629","T",0.484127,"C","TATGG",0.2,0.4,0.4,0
"chr13_94093894","rs4378503","T",0.246032,"G","AGGTT",0.2,0.4,0.4,0
"chr10_74890321","rs16930362","G",0.0542328,"T","ACTGA",0.4,0.2,0.2,0.2
"chr12_56623347","rs57343616","T",0.0740741,"C","CCCGT",0,0.2,0.2,0.6
"chr3_166874661","rs28541819","A",0.298942,"G","TTGGT",0,0.6,0.4,0
"chr5_140015495","rs2569193","A",0.256614,"G","CTGTC",0,0.4,0.2,0.4
"chr21_35898205","rs58532264","T",0.12963,"A","TTAAA",0.6,0.4,0,0
"chr1_165583496","rs149163792","T",0.0357143,"C","AGCAG",0.4,0,0.4,0.2
"chr3_2470154",".","A",0.328042,"G","GCGGG",0,0,0.8,0.2
"chr19_14020573","rs12971500","C",0.251323,"T","CATCA",0.4,0.2,0,0.4
"chr16_63183101","rs74802640","T",0.470899,"C","ATTGA",0.4,0.4,0.2,0
"chr2_84709215","rs7581224","T",0.384921,"G","TTGCC",0,0.4,0.2,0.4
"chr21_47687144","rs2839183","A",0.411376,"G","GCGTG",0,0.2,0.6,0.2
"chr16_1845144","rs7498918","G",0.42328,"A","CAGGT",0.2,0.2,0.4,0.2
"chr3_195671682","rs9878111","C",0.230159,"G","CGGGT",0,0.2,0.6,0.2
"chr14_31103434","rs179287","G",0.342593,"A","ACAGT",0.4,0.2,0.2,0.2
"chr6_78353362","rs2504284","T",0.236772,"C","AATCA",0.6,0.2,0,0.2
"chr17_46681763","rs9912500","A",0.153439,"G","AGGGA",0.4,0,0.6,0
"chr14_74447112","rs62006136","A",0.412698,"G","GCGTG",0,0.2,0.6,0.2
"chr13_46868013","rs597059","A",0.026455,"G","CTGTA",0.2,0.4,0.2,0.2
"chr8_17531309","rs6586624","C",0.132275,"G","CTGTG",0,0.4,0.4,0.2
"chr18_36733340","rs62079374","T",0.402116,"G","GGTTA",0.2,0.4,0.4,0
"chr4_75841545","rs113978195","A",0.0886243,"G","GGGAA",0.4,0,0.6,0
"chr10_45455543","rs72780655","G",0.107143,"C","AGCAA",0.6,0,0.2,0.2
"chr4_150137865","rs72967964","T",0.0555556,"C","TGCAG",0.2,0.2,0.4,0.2
"chr20_31590745","rs6059011","C",0.107143,"T","CATAG",0.4,0.2,0.2,0.2
"chr11_131149110","rs11222559","T",0.387566,"G","GTTTT",0,0.8,0.2,0
"chr20_2588658","rs112307729","C",0.0185185,"T","GCTAC",0.2,0.2,0.2,0.4
"chr5_125610205","rs74928035","C",0.0899471,"A","CAAAA",0.8,0,0,0.2
"chr8_142580283","rs1466775","C",0.27381,"T","GGCGA",0.2,0,0.6,0.2
"chr19_52794639","rs116881233","G",0.0343915,"A","CAAAA",0.8,0,0,0.2
"chr22_42903579","rs2413693","T",0.390212,"G","TCGTG",0,0.4,0.4,0.2
"chr12_6946545","rs4963510","C",0.425926,"A","CCCTT",0,0.4,0,0.6
"chr21_42689637","rs66817580","T",0.126984,"G","TGGTC",0,0.4,0.4,0.2
"chrX_47641999","rs2506773","A",0.416235,"G","CCAGT",0.2,0.2,0.2,0.4
"chr7_31644483","rs36101043","A",0.108466,"C","GCCTC",0,0.2,0.2,0.6
"chr18_14219119","rs7237992","A",0.185185,"G","TTGGT",0,0.6,0.4,0
"chr1_224364713",".","A",0.223545,"G","TCGGG",0,0.2,0.6,0.2
"chr4_158897049","rs4580697","C",0.123016,"T","TGCTA",0.2,0.4,0.2,0.2
"chr15_90238561","rs11858209","A",0.395503,"G","CAGTA",0.4,0.2,0.2,0.2
"chr3_75074899","rs62258895","C",0.207672,"T","CATTC",0.2,0.4,0,0.4
"chr9_93569818","rs4002564","T",0.216931,"G","TGGTA",0.2,0.4,0.4,0
"chr2_224987120","rs12991598","G",0.398148,"T","CAGAA",0.6,0,0.2,0.2
"chr17_48812740","rs28605133","A",0.390212,"G","AAGGC",0.4,0,0.4,0.2
"chr15_25339076","rs77873907","G",0.047619,"A","GCATA",0.4,0.2,0.2,0.2
"chr22_19949644","rs3810595","C",0.403439,"G","GTGAC",0.2,0.2,0.4,0.2
"chr7_156548195","rs73166124","G",0.0410053,"A","ACACA",0.6,0,0,0.4
"chr16_31060647","rs11640767","A",0.354497,"G","TCGGC",0,0.2,0.4,0.4
"chr6_156930531","rs149905176","T",0.498677,"G","TGGAG",0.2,0.2,0.6,0
"chr15_36994934","rs8028902","A",0.152116,"G","AGGCA",0.4,0,0.4,0.2
"chr1_237382689","rs6661229","T",0.37037,"C","GACGT",0.2,0.2,0.4,0.2
"chr14_50036824","rs113288494","C",0.477513,"T","GACGC",0.2,0,0.4,0.4
"chr21_47617489","rs11909555","G",0.203704,"T","GATGC",0.2,0.2,0.4,0.2
"chr4_149343376","rs17024715","C",0.031746,"T","TATAG",0.4,0.4,0.2,0
"chr8_25051766","rs11994029","C",0.18254,"T","CACGC",0.2,0,0.2,0.6
"chr16_49616775",".","G",0.136243,"C","CACAG",0.4,0,0.2,0.4
"chr16_11500955","rs11074978","C",0.445767,"G","CGCCC",0,0,0.2,0.8
"chr3_134521382","rs935516","G",0.181217,"A","AGGCT",0.2,0.2,0.4,0.2
"chr20_20850108","rs67408917","C",0.190476,"T","TCTTT",0,0.8,0,0.2
"chr16_845819","rs2294446","G",0.0145503,"A","GCACC",0.2,0,0.2,0.6
"chr19_19359420","rs10423659","T",0.00396825,"C","AGCGA",0.4,0,0.4,0.2
"chr1_218568482","rs6604609","A",0.047619,"T","TGTGA",0.2,0.4,0.4,0
"chr13_36849095","rs2322994","T",0.037037,"C","CCTGC",0,0.2,0.2,0.6
"chr4_9456676","rs10470804","C",0.248677,"G","ATCGT",0.2,0.4,0.2,0.2
"chr20_34131396","rs12481365","T",0.133598,"C","TTCGT",0,0.6,0.2,0.2
"chr7_146621918","rs1916934","C",0.402116,"T","CTTAT",0.2,0.6,0,0.2
"chr10_30794241","rs3118955","T",0.296296,"C","CGCTT",0,0.4,0.2,0.4
"chr7_64293731","rs1464928","A",0.353175,"C","AACAA",0.8,0,0,0.2
"chr13_66335891","rs79324901","A",0.0489418,"G","GAGAA",0.6,0,0.4,0
"chr10_29231521","rs77197836","C",0.026455,"T","CATCT",0.2,0.4,0,0.4
"chr7_92777742","rs75504870","A",0.0410053,"G","CAGTT",0.2,0.4,0.2,0.2
"chr2_232896479","rs4447598","G",0.407407,"A","CTGTG",0,0.4,0.4,0.2
"chr3_112614946","rs1354055","A",0.353175,"G","ATGTC",0.2,0.4,0.2,0.2
"chr19_46577233","rs16980289","C",0.0238095,"T","AATCA",0.6,0.2,0,0.2
"chr3_175547879","rs34317493","C",0.0687831,"T","TGTTC",0,0.6,0.2,0.2
"chr9_139990906","rs4880199","T",0.232804,"C","ATTGC",0.2,0.4,0.2,0.2
"chr18_71062335","rs11876443","A",0.164021,"T","ATTGA",0.4,0.4,0.2,0
"chr17_21503255","rs11204367","A",0.435185,"G","TGGGT",0,0.4,0.6,0
"chr4_146843410","rs7658773","C",0.425926,"T","TGTGT",0,0.6,0.4,0
"chr7_2598757","rs6963930","C",0.31746,"T","ATTCC",0.2,0.4,0,0.4
"chr1_158624528","rs35948326","T",0.031746,"G","CAGCC",0.2,0,0.2,0.6
"chr10_44109915","rs118059186","C",0.0780423,"T","TTTTT",0,1,0,0
"chr2_9656781","rs12471640","T",0.496032,"C","GGTTG",0,0.4,0.6,0
"chr11_47191321","rs12803718","A",0.411376,"G","GTGAG",0.2,0.2,0.6,0
"chr4_146663390","rs11934305","C",0.472222,"T","ACCGT",0.2,0.2,0.2,0.4
"chr4_94252621","rs28545592","T",0.465608,"C","TTTTG",0,0.8,0.2,0
"chr20_3088010","rs864140","A",0.328042,"G","CCGAG",0.2,0,0.4,0.4
"chr10_7776831","rs1926937","C",0.419312,"T","TGCGC",0,0.2,0.4,0.4
"chr20_51724209","rs2801000","G",0.407407,"A","CCATG",0.2,0.2,0.2,0.4
"chr10_52516665","rs1133222","C",0.287037,"T","CACTG",0.2,0.2,0.2,0.4
"chr10_82269238","rs10785897","C",0.457672,"T","CTCCC",0,0.2,0,0.8
"chr2_223403895","rs11674691","T",0.376984,"A","GGATT",0.2,0.4,0.4,0
"chr7_30067348","rs3763449","C",0.205026,"T","ACTTA",0.4,0.4,0,0.2
"chr3_197107062","rs145653734","G",0.0251323,"A","ACAGA",0.6,0,0.2,0.2
"chr1_101513708","rs11166538","G",0.183862,"A","GAATA",0.6,0.2,0.2,0
"chr1_109639190","rs6765","T",0.175926,"G","GAGGT",0.2,0.2,0.6,0
"chr3_20057456","rs2686324","T",0.428571,"G","ATTTT",0.2,0.8,0,0
"chr7_87716300","rs6951172","T",0.451058,"C","ATCCT",0.2,0.4,0,0.4
"chr15_78706774","rs6495298","T",0.357143,"A","CAATG",0.4,0.2,0.2,0.2
"chr7_28018952","rs9648343","C",0.44709,"A","ACAGT",0.4,0.2,0.2,0.2
"chr7_797715","rs62432242","G",0.195767,"A","CCGGG",0,0,0.6,0.4
"chr16_27984960","rs79389160","A",0.0687831,"G","AGGGA",0.4,0,0.6,0
"chr16_30980054","rs4502227","A",0.374339,"G","GCAGA",0.4,0,0.4,0.2
"chr1_113081176","rs7512948","G",0.452381,"A","CCGGG",0,0,0.6,0.4
"chr17_78324352","rs11654408","A",0.140212,"G","AGGGA",0.4,0,0.6,0
"chr18_712356","rs3786350","G",0.466931,"T","GCGTA",0.2,0.2,0.4,0.2
"chr9_111372608","rs10816688","C",0.353175,"T","ACTTA",0.4,0.4,0,0.2
"chr10_51791241","rs7096836","T",0.153439,"C","GGTGT",0,0.4,0.6,0
"chr2_29180123","rs74175081","A",0.214286,"G","GCGTG",0,0.2,0.6,0.2
"chr9_9043239","rs10977450","T",0.171958,"A","ACATC",0.4,0.2,0,0.4
"chr9_79234712","rs700802","G",0.190476,"A","ACGAG",0.4,0,0.4,0.2
"chr9_106861281","rs10820601","G",0.443122,"A","CTGCC",0,0.2,0.2,0.6
"chr2_102997721","rs7584093","C",0.477513,"T","GGCCA",0.2,0,0.4,0.4
"chr2_15516718","rs3828464","C",0.382275,"G","ACCTG",0.2,0.2,0.2,0.4
"chr1_170041721","rs6427232","A",0.255291,"G","AGAGA",0.6,0,0.4,0
"chr6_33149152","rs539497048","G",0.145503,"C","CCCCA",0.2,0,0,0.8
"chr7_73156211","rs10266412","G",0.47619,"A","AGAGT",0.4,0.2,0.4,0
"chr5_93883403","rs6886954","A",0.00529101,"G","CAGTG",0.2,0.2,0.4,0.2
"chr20_42751335","rs74780086","T",0.0357143,"C","AACGC",0.4,0,0.2,0.4
"chr7_137245215","rs1728498","G",0.0119048,"C","AGCAT",0.4,0.2,0.2,0.2
"chr5_175323249",".","G",0.433862,"C","CCGCT",0,0.2,0.2,0.6
"chr2_78710320","rs2861613","C",0.26455,"T","AGCTG",0.2,0.2,0.4,0.2
"chr6_65067813","rs625112","T",0.28836,"C","TATTT",0.2,0.8,0,0
"chr7_100890252","rs59937851","T",0.0595238,"A","AAACT",0.6,0.2,0,0.2
"chr16_18551586","rs28439381","C",0.224868,"T","TCCTG",0,0.4,0.2,0.4
"chr19_7701748","rs7359905","C",0.419312,"T","CCTGC",0,0.2,0.2,0.6
"chr20_1443370","rs2317513","A",0.460317,"G","CCATG",0.2,0.2,0.2,0.4
"chr19_55516975","rs6509913","C",0.269841,"T","GATCC",0.2,0.2,0.2,0.4
"chr19_2491364","rs12972273","C",0.0859788,"G","CAGGC",0.2,0,0.4,0.4
"chr20_42438914","rs415751","G",0.15873,"T","TTGGT",0,0.6,0.4,0
"chr9_105360231","rs146884013","C",0.021164,"T","AATTG",0.4,0.4,0.2,0
"chr12_125387877","rs68099344","T",0.223545,"A","CCAGG",0.2,0,0.4,0.4
"chr3_141388509","rs62282039","G",0.136243,"A","ATATC",0.4,0.4,0,0.2
"chrX_135831361","rs5930985","G",0.255613,"T","TTTGT",0,0.8,0.2,0
"chr19_5882939","rs61507041","A",0.412698,"C","GTCCC",0,0.2,0.2,0.6
"chr14_20996382","rs78849700","C",0.037037,"A","CTAAT",0.4,0.4,0,0.2
"chr7_130080985",".","A",0.031746,"G","GGGCA",0.2,0,0.6,0.2
"chr9_20701305","rs1332311","T",0.202381,"G","CTGTT",0,0.6,0.2,0.2
"chr16_31083324","rs6565217","A",0.366402,"G","ACGTC",0.2,0.2,0.2,0.4
"chr2_86215059","rs4480982","T",0.387566,"C","TCTCG",0,0.4,0.2,0.4
"chr16_56005605","rs72810563","C",0.222222,"T","ACTTG",0.2,0.4,0.2,0.2
"chrX_149022205","rs183104424","C",0.00172712,"A","AAAAA",1,0,0,0
"chr8_517195","rs2084418","C",0.145503,"G","TACAA",0.6,0.2,0,0.2
"chr9_97024694","rs12336524","T",0.00661376,"C","GCCGG",0,0,0.6,0.4
"chr7_128543117","rs55902134","A",0.156085,"C","TTCTG",0,0.6,0.2,0.2
"chr10_89127191","rs61858526","C",0.351852,"T","CTTGG",0,0.4,0.4,0.2
"chr10_91789337","rs10785929","C",0.351852,"G","AGGCA",0.4,0,0.4,0.2
"chr19_36646522","rs149488253","A",0.0489418,"G","GGGAA",0.4,0,0.6,0
"chr17_36886828","rs11658500","A",0.134921,"G","AGGAC",0.4,0,0.4,0.2
"chr10_127849181","rs10901543","T",0.175926,"C","CCCAC",0.2,0,0,0.8
"chr14_74073461","rs10137762","T",0.359788,"C","CCCTG",0,0.2,0.2,0.6
"chr4_177532335","rs11733029","A",0.488095,"G","GTATC",0.2,0.4,0.2,0.2
"chrX_65701463","rs5965217","T",0.252159,"C","TGTGG",0,0.4,0.6,0
"chr17_6419116","rs4429343","T",0.343915,"C","TGCTT",0,0.6,0.2,0.2
"chr7_17270742","rs74421301","T",0.026455,"C","TGCCT",0,0.4,0.2,0.4
"chr6_26210808","rs113205297","C",0.15873,"A","ACACC",0.4,0,0,0.6
"chr5_28693553","rs12188097","G",0.411376,"A","TAACA",0.6,0.2,0,0.2
"chr13_24684320","rs17080058","G",0.0859788,"A","AAACT",0.6,0.2,0,0.2
"chrX_119222604","rs6645619","G",0.0829016,"A","CAACT",0.4,0.2,0,0.4
"chr7_141439907","rs6464453","C",0.468254,"G","AGGTC",0.2,0.2,0.4,0.2
"chr5_92555377","rs7442897","G",0.0687831,"A","GGATG",0.2,0.2,0.6,0
"chr10_29739681","rs11007591","C",0.482804,"T","CTTGC",0,0.4,0.2,0.4
"chr21_16551257","rs2823121","G",0.419312,"A","AAATT",0.6,0.4,0,0
"chr12_53360531","rs9634243","T",0.121693,"C","CACGC",0.2,0,0.2,0.6
"chr7_135885832","rs6966016","A",0.0224868,"G","TCGAC",0.2,0.2,0.2,0.4
"chr17_41468856","rs6503375","T",0.415344,"C","GCTGG",0,0.2,0.6,0.2
"chr11_65027156","rs675671","G",0.111111,"A","GCATA",0.4,0.2,0.2,0.2
"chr17_18125471","rs4925150","A",0.395503,"C","ATCCT",0.2,0.4,0,0.4
"chr13_45603775","rs6561195","A",0.00793651,"C","TTACT",0.2,0.6,0,0.2
"chr17_27457181","rs3890060","C",0.0449735,"T","GGTGT",0,0.4,0.6,0
"chrX_122008161","rs6648910","G",0.196891,"A","ATAAC",0.6,0.2,0,0.2
"chr1_181602002","rs199913","A",0.169312,"G","CCATG",0.2,0.2,0.2,0.4
"chr6_32345086","rs12528797","G",0.126984,"A","CTAAA",0.6,0.2,0,0.2
"chr12_70002265","rs39679","A",0.268519,"G","ATAAC",0.6,0.2,0,0.2
"chr14_33778247","rs67958427","C",0.291005,"T","ATTTG",0.2,0.6,0.2,0
"chr11_77737885","rs10793271","T",0.37037,"C","ACCTG",0.2,0.2,0.2,0.4
"chr22_24157537","rs35370296","C",0.121693,"T","CATGG",0.2,0.2,0.4,0.2
"chrX_137738632","rs12006805","T",0.286701,"C","TCCAG",0.2,0.2,0.2,0.4
"chr2_136512545","rs4954409","A",0.0410053,"G","GGAAT",0.4,0.2,0.4,0
"chr2_9543852","rs11537589","A",0.212963,"G","GCGGC",0,0,0.6,0.4
"chr17_26849673","rs12938658","C",0.357143,"T","AACAA",0.8,0,0,0.2
"chr1_45508306","rs12760109","A",0.222222,"G","ATGTC",0.2,0.4,0.2,0.2
"chr10_27259471","rs12573313","C",0.18254,"T","GGTCC",0,0.2,0.4,0.4
"chr21_34848995","rs2843722","A",0.458995,"G","GGGAG",0.2,0,0.8,0
"chr6_33736285","rs7774620","T",0.474868,"A","GGTTC",0,0.4,0.4,0.2
"chr10_114047059","rs7905078","G",0.0595238,"T","AGTGC",0.2,0.2,0.4,0.2
"chr1_151008928","rs7550434","G",0.0873016,"A","CCGAG",0.2,0,0.4,0.4
"chr7_134011411","rs13225086","T",0.437831,"C","TGCAC",0.2,0.2,0.2,0.4
"chr3_184047930","rs3792302","C",0.279101,"A","GCAGA",0.4,0,0.4,0.2
"chr17_38085385","rs4795402","A",0.28836,"C","AGAAA",0.8,0,0.2,0
"chr14_29008123","rs1951257","G",0.421958,"A","TCAGC",0.2,0.2,0.2,0.4
"chr2_242147264","rs9679681","A",0.420635,"C","ACCCG",0.2,0,0.2,0.6
"chr14_26920200","rs178229","T",0.0026455,"C","TCTTA",0.2,0.6,0,0.2
"chr7_75493831","rs4732459","A",0.429894,"G","TTAAT",0.4,0.6,0,0
"chr11_12157802","rs7122292","C",0.359788,"T","TATAG",0.4,0.4,0.2,0
"chr11_29531530","rs16919216","G",0.125661,"C","GACAA",0.6,0,0.2,0.2
"chr15_74284805","rs11633520","C",0.415344,"G","GACCC",0.2,0,0.2,0.6
"chr19_950384","rs1683572","T",0.179894,"C","AATGG",0.4,0.2,0.4,0
"chr6_108990207","rs191550813","T",0.0555556,"C","CTCGG",0,0.2,0.4,0.4
"chr11_61200387","rs55951851","G",0.0859788,"A","CAAAT",0.6,0.2,0,0.2
"chr13_48614211","rs77321164","T",0.0714286,"G","TTGAG",0.2,0.4,0.4,0
"chr6_46075632","rs11754760","C",0.46164,"T","AGCGT",0.2,0.2,0.4,0.2
"chr5_66207539","rs9688014","T",0.0132275,"G","GGGCA",0.2,0,0.6,0.2
"chr19_29825180","rs2865877","C",0.398148,"T","CATTC",0.2,0.4,0,0.4
"chr7_70514550","rs2091275","A",0.347884,"C","CCAGG",0.2,0,0.4,0.4
"chr16_11650325","rs3743582","A",0.478836,"G","GAGGG",0.2,0,0.8,0
"chr5_166363302","rs67559146","A",0.332011,"G","CAGTG",0.2,0.2,0.4,0.2
"chr5_49413264","rs181925799","G",0.0846561,"C","GCCCT",0,0.2,0.2,0.6
"chr13_30300871","rs9579475","A",0.433862,"C","GGCCA",0.2,0,0.4,0.4
"chr1_200619031","rs34428088","T",0.416667,"C","GGCGC",0,0,0.6,0.4
"chr16_71653464","rs12923781","A",0.141534,"G","GAGTG",0.2,0.2,0.6,0
"chr7_142496230","rs12531368","A",0.481481,"T","AGAGA",0.6,0,0.4,0
"chr16_66052131","rs12448752","G",0.333333,"A","ACAGA",0.6,0,0.2,0.2
"chr1_247196603","rs10924895","G",0.322751,"A","CCAAG",0.4,0,0.2,0.4
"chr1_1293343","rs4970438","C",0.0396825,"T","TGTCT",0,0.6,0.2,0.2
"chr1_18013089","rs12729433","G",0.186508,"C","TTCGG",0,0.4,0.4,0.2
"chr12_102286101","rs4764833","C",0.496032,"T","CACCT",0.2,0.2,0,0.6
"chr9_12786509","rs72702669","C",0.0330688,"T","TCTAA",0.4,0.4,0,0.2
"chr3_189878785","rs56398833","A",0.202381,"G","TCGCA",0.2,0.2,0.2,0.4
"chr20_4996005","rs6053037","T",0.404762,"A","TTAAA",0.6,0.4,0,0
"chr4_143276611","rs2200841","A",0.373016,"G","CTGAC",0.2,0.2,0.2,0.4
"chr16_63771553","rs72785265","A",0.119048,"C","AGCTG",0.2,0.2,0.4,0.2
"chr1_220827553","rs78175180","G",0.010582,"A","CAATT",0.4,0.4,0,0.2
"chr9_127889750","rs7022708","C",0.406085,"G","ACGCT",0.2,0.2,0.2,0.4
"chr2_16826500","rs72777952","T",0.133598,"C","CACCT",0.2,0.2,0,0.6
"chr7_143776218","rs2951350","G",0.462963,"A","TTAGC",0.2,0.4,0.2,0.2
"chr7_100956261","rs12669565","T",0.174603,"C","CACGT",0.2,0.2,0.2,0.4
"chr6_34893910","rs2473615","C",0.276455,"G","CTGTG",0,0.4,0.4,0.2
"chr12_69354059","rs11177416","T",0.0145503,"C","GACGT",0.2,0.2,0.4,0.2
"chr1_178630662","rs187368079","A",0.0251323,"G","ACGCC",0.2,0,0.2,0.6
"chr14_76814714","rs2360998","G",0.123016,"A","CAACG",0.4,0,0.2,0.4
"chr17_1405415","rs150274876","A",0.112434,"G","GCGGG",0,0,0.8,0.2
"chr14_20897064","rs7145318","C",0.391534,"T","AGCGG",0.2,0,0.6,0.2
"chr16_87175053","rs11644576","T",0.337302,"C","AACGT",0.4,0.2,0.2,0.2
"chr14_43465081","rs75993946","A",0.141534,"G","GAGAC",0.4,0,0.4,0.2
"chr11_94037211","rs78679470","C",0.145503,"T","TATCC",0.2,0.4,0,0.4
"chr6_37865300","rs35849984","C",0.154762,"T","TATAT",0.4,0.6,0,0
"chr8_64565164","rs73269092","C",0.00793651,"G","AAGAG",0.6,0,0.4,0
"chr9_32518362","rs10971009","T",0.469577,"C","GTCCT",0,0.4,0.2,0.4
"chrX_48087065","rs7886936","T",0.404145,"C","GGCGC",0,0,0.6,0.4
"chr7_138050870","rs1691674","C",0.186508,"T","ACCCA",0.4,0,0,0.6
"chr1_74159941","rs7515628","A",0.488095,"T","GGAGC",0.2,0,0.6,0.2
"chr13_43374052","rs7336982","A",0.271164,"G","AGAGG",0.4,0,0.6,0
"chr17_48779704","rs9891970","C",0.345238,"T","AGCGA",0.4,0,0.4,0.2
"chr1_111968487","rs1264890","A",0.391534,"G","GTGGC",0,0.2,0.6,0.2
"chr7_97937981","rs4729431","A",0.417989,"T","AATAT",0.6,0.4,0,0
"chrX_141317397","rs5954580","A",0.438687,"G","AAGCC",0.4,0,0.2,0.4
"chr14_21585745","rs56969446","T",0.021164,"C","CCCGT",0,0.2,0.2,0.6
"chr4_10123377","rs35523212","A",0.412698,"G","TTAGC",0.2,0.4,0.2,0.2
"chr5_172595998","rs72816171","T",0.119048,"G","CCGCA",0.2,0,0.2,0.6
"chr22_47158444","rs2295441","C",0.304233,"T","CGTCG",0,0.2,0.4,0.4
"chr17_48786069","rs9896810","C",0.0555556,"T","TGTTG",0,0.6,0.4,0
"chr20_8274275","rs6055716","C",0.260582,"T","CATTG",0.2,0.4,0.2,0.2
"chr10_94938881","rs11187311","A",0.132275,"C","GACAC",0.4,0,0.2,0.4
"chr6_42182762","rs7765328","C",0.366402,"A","TTCAA",0.4,0.4,0,0.2
"chr14_37122790","rs1018464","G",0.22619,"A","TTATT",0.2,0.8,0,0
"chr13_72627874","rs2612834","G",0.27381,"A","CAGGA",0.4,0,0.4,0.2
"chr18_37781497","rs1943600","C",0.316138,"T","TATAT",0.4,0.6,0,0
"chr18_33767749","rs4267398","A",0.37963,"G","TTGAA",0.4,0.4,0.2,0
"chr9_34362348","rs7865870","T",0.150794,"C","CACGC",0.2,0,0.2,0.6
"chr12_6468303","rs6489711","C",0.376984,"T","TTTTG",0,0.8,0.2,0
"chr22_46874026","rs738462","G",0.0621693,"A","GGAGC",0.2,0,0.6,0.2
"chr1_23169257","rs12410872","T",0.437831,"G","ATTCA",0.4,0.4,0,0.2
"chr17_72972019","rs9797145","A",0.498677,"G","ACGGA",0.4,0,0.4,0.2
"chr17_72271426","rs12940226","T",0.444444,"C","ACCTT",0.2,0.4,0,0.4
"chr19_57969289","rs77870638","T",0.287037,"C","CACCA",0.4,0,0,0.6
"chr19_57949536","rs3746224","T",0.484127,"C","ACTGT",0.2,0.4,0.2,0.2
"chr22_26080790","rs16980559","C",0.0185185,"A","AAAAT",0.8,0.2,0,0
"chr16_9993266","rs11649106","C",0.240741,"T","TCTAG",0.2,0.4,0.2,0.2
"chr15_73390790","rs8031718","G",0.0899471,"A","GTATT",0.2,0.6,0.2,0
"chr17_37351285","rs534012","C",0.177249,"T","CTTGC",0,0.4,0.2,0.4
"chr3_28653629","rs4680766","G",0.218254,"A","TTGGG",0,0.4,0.6,0
"chr20_57113257","rs79048259","A",0.010582,"G","CCGTC",0,0.2,0.2,0.6
"chr8_144657269","rs2290417","G",0.275132,"C","CAGGG",0.2,0,0.6,0.2
"chr15_97417892","rs184532425","C",0.010582,"G","TTGTG",0,0.6,0.4,0
"chr9_34124860","rs2275003","A",0.469577,"G","GAACA",0.6,0,0.2,0.2
"chr14_73460113","rs11159002","G",0.199735,"A","AAAAA",1,0,0,0
"chr3_8996154","rs11709366","A",0.100529,"G","TGGGC",0,0.2,0.6,0.2
"chr5_97546497","rs10057820","G",0.312169,"T","TAGTA",0.4,0.4,0.2,0
"chrX_20543398","rs12839657","A",0.134715,"G","TCGTT",0,0.6,0.2,0.2
"chr6_113949589","rs55677919","G",0.457672,"A","TTATT",0.2,0.8,0,0
"chr4_145986668","rs1455137","C",0.383598,"A","AAATA",0.8,0.2,0,0
"chr19_42038433","rs62119413","C",0.0489418,"A","CAATG",0.4,0.2,0.2,0.2
"chr4_1053654","rs10084887","G",0.260582,"A","GCGGG",0,0,0.8,0.2
"chr7_64779851","rs2943352","A",0.404762,"G","ATATA",0.6,0.4,0,0
"chr3_14251411","rs11128685","C",0.481481,"T","CTTAT",0.2,0.6,0,0.2
"chr17_81026725","rs9899350","A",0.34127,"G","CGGCA",0.2,0,0.4,0.4
"chr12_86663551","rs7138786","T",0.0026455,"G","AAGAA",0.8,0,0.2,0
"chr14_53606976","rs7161567","A",0.148148,"G","TGATG",0.2,0.4,0.4,0
"chr19_51336466","rs60621230","G",0.0767196,"A","GGAGG",0.2,0,0.8,0
"chr4_472365","rs76602572","C",0.0330688,"T","AATAG",0.6,0.2,0.2,0
"chr1_16488669","rs12408813","A",0.363757,"G","CAGTG",0.2,0.2,0.4,0.2
"chr20_24263375","rs75247279","C",0.0198413,"G","GAGGG",0.2,0,0.8,0
"chr8_85706462","rs2467212","A",0.27381,"G","GCGAT",0.2,0.2,0.4,0.2
"chr1_113491361","rs11102568","C",0.30291,"G","AGGTG",0.2,0.2,0.6,0
"chr6_111929862","rs9481169","T",0.107143,"G","GTGGG",0,0.2,0.8,0
"chr1_28219658","rs17185038","G",0.0582011,"C","ATCAG",0.4,0.2,0.2,0.2
"chr7_76596954","rs150996856","A",0.0727513,"G","GCGCT",0,0.2,0.4,0.4
"chr4_74377739","rs1919480","T",0.0224868,"C","GATAT",0.4,0.4,0.2,0
"chr6_108489600","rs393427","T",0.411376,"A","CTTGA",0.2,0.4,0.2,0.2
"chr2_48819691","rs2204306","T",0.293651,"C","GCCTC",0,0.2,0.2,0.6
"chr2_132440073","rs6720375","G",0.410053,"C","CAGTT",0.2,0.4,0.2,0.2
"chr10_77646553","rs9415126","T",0.240741,"C","CTCCT",0,0.4,0,0.6
"chr9_35689949","rs3793538","T",0.261905,"A","CTAAA",0.6,0.2,0,0.2
"chr11_10767669","rs10734657","C",0.162698,"G","ACCTG",0.2,0.2,0.2,0.4
"chr4_129522518","rs904477","A",0.296296,"G","GGGAG",0.2,0,0.8,0
"chr7_47139672","rs73100369","G",0.0462963,"A","TGACA",0.4,0.2,0.2,0.2
"chr7_90235219","rs6978099","G",0.0502646,"A","AAGCA",0.6,0,0.2,0.2
"chr7_143599197","rs3735381","A",0.107143,"G","AGGAG",0.4,0,0.6,0
"chr11_71112784","rs1792327","A",0.0740741,"G","GTACC",0.2,0.2,0.2,0.4
"chr6_131303853","rs9321264","G",0.177249,"A","CTAAT",0.4,0.4,0,0.2
"chrX_22459254","rs182191671","C",0.0466321,"A","GCAAG",0.4,0,0.4,0.2
"chr7_53007965","rs1406758","A",0.460317,"G","ACATT",0.4,0.4,0,0.2
"chr10_48366391","rs11204207","G",0.23545,"A","CAACA",0.6,0,0,0.4
"chr1_109711750","rs12036588","C",0.365079,"T","TATAT",0.4,0.6,0,0
"chr10_113011293","rs4597006","G",0.267196,"A","AAACA",0.8,0,0,0.2
"chr19_12826596","rs8107663","A",0.0436508,"G","GGGCT",0,0.2,0.6,0.2
"chr7_94227276","rs10247562","T",0.296296,"G","GCTCC",0,0.2,0.2,0.6
"chrX_118988247","rs4825678","C",0.464594,"A","GCCGG",0,0,0.6,0.4
"chr2_24398446","rs2042468","A",0.392857,"T","TGAGA",0.4,0.2,0.4,0
"chr9_95953292","rs10821086","A",0.48545,"G","AGATG",0.4,0.2,0.4,0
"chr15_40297219","rs28515996","A",0.362434,"T","AATTT",0.4,0.6,0,0
"chr1_223323745","rs79614123","G",0.0304233,"T","TTTTT",0,1,0,0
"chr13_24472982","rs111942972","T",0.12963,"C","TTCAC",0.2,0.4,0,0.4
"chr6_137243020","rs9389450","G",0.462963,"T","CTGAT",0.2,0.4,0.2,0.2
"chr3_131082680","rs17354529","G",0.152116,"A","CAATT",0.4,0.4,0,0.2
"chr4_126977773","rs11932010","G",0.346561,"C","CCGGA",0.2,0,0.4,0.4
"chr5_49891685","rs114007427","G",0.0767196,"A","GGATA",0.4,0.2,0.4,0
"chr14_69226115","rs78495572","T",0.021164,"C","GTCGC",0,0.2,0.4,0.4
"chr2_74714604","rs13390859","T",0.150794,"C","CCCGA",0.2,0,0.2,0.6
"chr17_4641369","rs60894000","G",0.469577,"C","GTGAG",0.2,0.2,0.6,0
"chr7_33153085","rs75313461","C",0.0568783,"T","ACTCA",0.4,0.2,0,0.4
"chr17_4699273","rs114626123","T",0.0793651,"G","GGGGT",0,0.2,0.8,0
"chr3_62305073","rs41276485","C",0.166667,"G","TTGGC",0,0.4,0.4,0.2
"chr6_169811294","rs368028","C",0.156085,"T","ATCTC",0.2,0.4,0,0.4
"chr1_215928321","rs2820727","C",0.443122,"T","GGCTT",0,0.4,0.4,0.2
"chr4_120920173","rs7669161","T",0.224868,"C","CCCCA",0.2,0,0,0.8
"chr7_120688703","rs2110276","T",0.251323,"C","ATTGG",0.2,0.4,0.4,0
"chr14_100076059","rs4905865","T",0.195767,"G","CATCG",0.2,0.2,0.2,0.4
"chr11_18487305","rs17851143","G",0.10582,"C","CCCAA",0.4,0,0,0.6
"chr19_27774194","rs143124706","G",0.115079,"C","GTCTA",0.2,0.4,0.2,0.2
"chr10_120709474","rs4384316","A",0.410053,"G","CAGCC",0.2,0,0.2,0.6
"chr16_4811667","rs116065240","A",0.026455,"C","AGCGA",0.4,0,0.4,0.2
"chr15_41156884","rs12592641","A",0.0026455,"G","ACGCC",0.2,0,0.2,0.6
"chr21_27009923","rs76155986","T",0.031746,"C","CCCGA",0.2,0,0.2,0.6
"chr11_71590682","rs115457937","A",0.031746,"T","AATAT",0.6,0.4,0,0
"chr19_21066770","rs11085399","T",0.296296,"G","TATTG",0.2,0.6,0.2,0
"chr15_90890440","rs2084852","T",0.376984,"C","CACGG",0.2,0,0.4,0.4
"chr17_30659006","rs1019152","T",0.199735,"A","AATGA",0.6,0.2,0.2,0
"chr20_4297967","rs6076654","G",0.376984,"C","TACAA",0.6,0.2,0,0.2
"chr17_64369909","rs8075066","A",0.301587,"G","AAAAT",0.8,0.2,0,0
"chrX_37909678","rs983547","C",0.246978,"G","TTGTA",0.2,0.6,0.2,0
"chr6_104598248","rs6571168","G",0.448413,"A","CCAGT",0.2,0.2,0.2,0.4
"chr1_34291676","rs12067054","C",0.43254,"T","ACCAG",0.4,0,0.2,0.4
"chr5_94412560","rs10061397","A",0.042328,"T","TTACC",0.2,0.4,0,0.4
"chr4_16056664","rs114317383","A",0.0171958,"T","ATTCC",0.2,0.4,0,0.4
"chr6_41068600","rs76209811","G",0.119048,"A","AGAAT",0.6,0.2,0.2,0
"chr11_43878485","rs57635800","A",0.285714,"G","ACGTA",0.4,0.2,0.2,0.2
"chr8_71535043","rs28550678","G",0.167989,"A","ATATG",0.4,0.4,0.2,0
"chr17_76789754","rs12953123","A",0.342593,"G","GCGCT",0,0.2,0.4,0.4
"chr13_52603194","rs3742289","G",0.285714,"T","GGGCC",0,0,0.6,0.4
"chr19_22829870","rs7409331","C",0.117725,"T","CTTTT",0,0.8,0,0.2
"chr16_894152","rs62012402","A",0.0687831,"G","AGGGA",0.4,0,0.6,0
"chr4_16239272","rs68114846","T",0.232804,"C","GGCGA",0.2,0,0.6,0.2
"chr2_154396396","rs12693750","A",0.251323,"G","AAGCA",0.6,0,0.2,0.2
"chr18_77758837","rs4020401","T",0.174603,"C","TGTCA",0.2,0.4,0.2,0.2
"chr3_26620708","rs13093383","G",0.186508,"C","TACTT",0.2,0.6,0,0.2
"chr2_97552614","rs2314653","G",0.313492,"A","GTATG",0.2,0.4,0.4,0
"chr1_209211352","rs75459463","A",0.00132275,"G","TCGAT",0.2,0.4,0.2,0.2
"chr12_67817499","rs7968191","G",0.267196,"C","TGGGC",0,0.2,0.6,0.2
"chr2_232434661","rs10460338","C",0.107143,"T","TCCGT",0,0.4,0.2,0.4
"chr1_53502810","rs148705313","G",0.00793651,"A","CAAAA",0.8,0,0,0.2
"chr8_26239383","rs3758098","A",0.128307,"C","ATCTG",0.2,0.4,0.2,0.2
"chr8_118490741","rs78661944","C",0.257937,"G","GGGGT",0,0.2,0.8,0
"chr15_82392146","rs12593799","T",0.187831,"G","TTGTA",0.2,0.6,0.2,0
"chr11_103971128","rs141273013","A",0.0304233,"C","CCCAA",0.4,0,0,0.6
"chr6_42981633","rs116750300","A",0.0224868,"C","CTCAC",0.2,0.2,0,0.6
"chr12_24238554","rs11047252","A",0.285714,"C","ACCTT",0.2,0.4,0,0.4
"chr19_18383506","rs11666808","T",0.415344,"C","TCTGC",0,0.4,0.2,0.4
"chr19_20345126","rs72998683","A",0.149471,"G","TCGGC",0,0.2,0.4,0.4
"chr2_31598485","rs2070294","C",0.308201,"T","GCTGT",0,0.4,0.4,0.2
"chr9_6610326","rs35374927","T",0.275132,"C","ACCTC",0.2,0.2,0,0.6
"chr2_670125","rs73153245","T",0.101852,"C","GACGT",0.2,0.2,0.4,0.2
"chr11_73611349","rs2067912","C",0.0806878,"G","TTGTT",0,0.8,0.2,0
"chr15_83838099","rs11259967","A",0.190476,"G","GCGGA",0.2,0,0.6,0.2
"chr9_470234",".","T",0.46164,"A","CGTGG",0,0.2,0.6,0.2
"chr3_171001121","rs4894745","T",0.0291005,"C","CTCTT",0,0.6,0,0.4
"chr2_103362966","rs2732832","A",0.253968,"C","CCCAT",0.2,0.2,0,0.6
"chr14_62777259","rs8007627","T",0.443122,"G","CTTCT",0,0.6,0,0.4
"chr12_89997478","rs17465678","C",0.0291005,"T","ACTGA",0.4,0.2,0.2,0.2
"chr9_80599719","rs60501721","T",0.43254,"C","TCCCT",0,0.4,0,0.6
"chr9_111991981","rs2012370","C",0.441799,"T","CATTG",0.2,0.4,0.2,0.2
"chr1_48043413","rs2136121","T",0.0462963,"C","ACCTA",0.4,0.2,0,0.4
"chr8_75288831","rs74903266","A",0.181217,"G","CCGCC",0,0,0.2,0.8
"chr8_80714713","rs2247008","C",0.335979,"A","TCCTA",0.2,0.4,0,0.4
"chr7_75523782","rs141051550","C",0.0343915,"T","TATTA",0.4,0.6,0,0
"chr9_19379367","rs957","A",0.0806878,"G","AAGCA",0.6,0,0.2,0.2
"chr10_19051607","rs12358248","C",0.231481,"A","CAAAA",0.8,0,0,0.2
"chr13_111464635","rs9521952","A",0.473545,"G","AAGCC",0.4,0,0.2,0.4
"chr7_158126054","rs145105920","G",0.244709,"T","ACTCA",0.4,0.2,0,0.4
"chr6_169820381","rs438465","T",0.156085,"C","CATCC",0.2,0.2,0,0.6
"chr1_23828151","rs11580109","C",0.30291,"T","GGCGA",0.2,0,0.6,0.2
"chr11_45692479","rs66798082","A",0.109788,"G","CCGGG",0,0,0.6,0.4
"chr7_45160148","rs4720496","T",0.436508,"C","ACCAT",0.4,0.2,0,0.4
"chr3_174867947","rs7426467","A",0.284392,"T","TATAA",0.6,0.4,0,0
"chr2_198173536","rs13033821","G",0.296296,"T","GATGT",0.2,0.4,0.4,0
"chr11_37591610","rs80228009","A",0.0291005,"C","GACTT",0.2,0.4,0.2,0.2
"chr17_41877757","rs147958087","A",0.243386,"G","CCGGC",0,0,0.4,0.6
"chr4_138268961","rs115157750","T",0.047619,"G","TGGGT",0,0.4,0.6,0
"chr7_24727267","rs1053430","T",0.0687831,"C","CTCTT",0,0.6,0,0.4
"chr7_64479658","rs12533804","A",0.420635,"G","ACGGT",0.2,0.2,0.4,0.2
"chr11_14079358","rs2697821","A",0.497354,"G","ACGTA",0.4,0.2,0.2,0.2
"chr3_95173459","rs12486997","T",0.46164,"C","TCCCA",0.2,0.2,0,0.6
"chr14_41544462","rs17667951","C",0.411376,"A","TTCAA",0.4,0.4,0,0.2
"chr2_232779223","rs2679184","C",0.284392,"T","ACTTG",0.2,0.4,0.2,0.2
"chr20_46849816","rs4809684","A",0.0119048,"C","TTCCA",0.2,0.4,0,0.4
"chr13_97599647","rs9556643","A",0.346561,"G","CTGTT",0,0.6,0.2,0.2
"chrX_99857386","rs7054231","G",0.388601,"A","GCACC",0.2,0,0.2,0.6
"chr15_74095740","rs4886630","A",0.108466,"C","ACCAG",0.4,0,0.2,0.4
"chr2_114387907","rs1964835","T",0.28836,"C","AACTA",0.6,0.2,0,0.2
"chrX_136051521","rs6635354","G",0.141623,"A","AGATC",0.4,0.2,0.2,0.2
"chr2_217730567","rs1179727","A",0.257937,"C","AGCTC",0.2,0.2,0.2,0.4
"chr17_45958467","rs71377322","A",0.00925926,"G","CCGAG",0.2,0,0.4,0.4
"chr9_87676170","rs12350350","G",0.146825,"C","GGCAT",0.2,0.2,0.4,0.2
"chr7_54944910","rs11770731","T",0.201058,"C","GACCT",0.2,0.2,0.2,0.4
"chr3_27076880","rs939836","C",0.0145503,"A","ACCCA",0.4,0,0,0.6
"chrX_153211538","rs3027869","A",0.193437,"G","GAGGC",0.2,0,0.6,0.2
"chr3_104413896","rs2633684","A",0.375661,"G","CCGTT",0,0.4,0.2,0.4
"chr8_54574854","rs7830514","A",0.0555556,"G","GAGAA",0.6,0,0.4,0
"chr5_5537539","rs2578535","A",0.142857,"G","TGAGT",0.2,0.4,0.4,0
"chr12_56076919","rs6581079","A",0.376984,"G","GCGAT",0.2,0.2,0.4,0.2
"chr2_195673846","rs4850552","G",0.236772,"A","AGGCT",0.2,0.2,0.4,0.2
"chr19_47513516","rs143669743","T",0.492063,"C","TTTTG",0,0.8,0.2,0
"chr15_90420673","rs12440156","G",0.263228,"A","ACGTA",0.4,0.2,0.2,0.2
"chr18_66902015","rs17827157","C",0.478836,"T","TCCTT",0,0.6,0,0.4
"chr15_70347362","rs4777227","C",0.321429,"A","GGCGG",0,0,0.8,0.2
"chr6_29915826","rs9260260","G",0.255291,"C","AACAG",0.6,0,0.2,0.2
"chr3_97538277","rs9879815","A",0.186508,"G","CCAAG",0.4,0,0.2,0.4
"chr10_69289913","rs10997696","A",0.12963,"G","ATGAA",0.6,0.2,0.2,0
"chr7_143432454","rs59507392","C",0.0952381,"G","GGGTG",0,0.2,0.8,0
"chr3_145873139","rs57655223","T",0.384921,"A","AAATA",0.8,0.2,0,0
"chr16_23034842","rs7187131","C",0.392857,"T","CACTT",0.2,0.4,0,0.4
"chr2_56457718","rs56265195","G",0.436508,"C","GCCCA",0.2,0,0.2,0.6
"chr8_131922215","rs55864148","A",0.116402,"G","TTGCT",0,0.6,0.2,0.2
"chr13_114458576","rs117655047","A",0.0462963,"G","TCGGC",0,0.2,0.4,0.4
"chrX_30982891","rs6527040","C",0.231434,"A","AGCCA",0.4,0,0.2,0.4
"chr12_45003342","rs4768562","G",0.403439,"T","GCTGT",0,0.4,0.4,0.2
"chr10_84043331","rs11193410","C",0.338624,"T","TATAA",0.6,0.4,0,0
"chr19_56892828","rs12610899","A",0.134921,"G","CAGGC",0.2,0,0.4,0.4
"chr3_87073115","rs2575802","A",0.251323,"G","CTACT",0.2,0.4,0,0.4
"chr4_137575282","rs2406049","T",0.369048,"C","AATTT",0.4,0.6,0,0
"chr16_10828260","rs9926096","G",0.411376,"A","AAAGG",0.6,0,0.4,0
"chr9_33054162","rs7872744","T",0.396825,"C","ACCGC",0.2,0,0.2,0.6
"chr9_101570116","rs10987768","A",0.0529101,"G","CCGGG",0,0,0.6,0.4
"chr22_26921725","rs4275","G",0.465608,"A","GTAAG",0.4,0.2,0.4,0
"chr11_67229994","rs73506004","C",0.00132275,"T","TTTTT",0,1,0,0
"chr5_132793878","rs72787322","A",0.257937,"G","CCGCC",0,0,0.2,0.8
"chr20_61435594","rs11907427","C",0.234127,"G","AGGAG",0.4,0,0.6,0
"chr22_46403039","rs28469186","A",0.0555556,"G","CCGGG",0,0,0.6,0.4
"chr11_96164038","rs12146690","G",0.390212,"C","TTCAA",0.4,0.4,0,0.2
"chr10_95672409","rs10882365","G",0.477513,"A","ATGCT",0.2,0.4,0.2,0.2
"chr15_38916906","rs9920715","T",0.469577,"C","GCCTT",0,0.4,0.2,0.4
"chr7_140099719","rs9791872","C",0.0489418,"T","TTTAC",0.2,0.6,0,0.2
"chr8_145170440","rs12543080","A",0.0833333,"C","CAAGC",0.4,0,0.2,0.4
"chr9_116282951","rs16905607","C",0.026455,"T","TTTTG",0,0.8,0.2,0
"chr3_48872998","rs9681717","A",0.343915,"G","CCAGG",0.2,0,0.4,0.4
"chr5_116261687","rs2416450","T",0.238095,"C","TGCTG",0,0.4,0.4,0.2
"chr19_541685","rs7150","T",0.448413,"C","CCCTC",0,0.2,0,0.8
"chr12_27027201","rs10506012","A",0.202381,"G","ACGGA",0.4,0,0.4,0.2
"chr10_17171265","rs2281648","G",0.00661376,"C","ACGAG",0.4,0,0.4,0.2
"chr17_26250109","rs1157502","G",0.242063,"T","CTGGT",0,0.4,0.4,0.2
"chr1_171437244","rs2421840","G",0.314815,"C","AAGAA",0.8,0,0.2,0
"chr1_149693044","rs61804942","C",0.0238095,"T","TGCAT",0.2,0.4,0.2,0.2
"chr19_23800734","rs76034258","C",0.383598,"A","ATCCA",0.4,0.2,0,0.4
"chr8_23280198","rs4872130","T",0.31746,"C","GCCTG",0,0.2,0.4,0.4
"chr11_67370766","rs4024254","G",0.369048,"A","ATACT",0.4,0.4,0,0.2
"chr11_74197326","rs649460","A",0.375661,"C","AAAAT",0.8,0.2,0,0
"chr7_73149302","rs13233747","A",0.351852,"G","GTGGG",0,0.2,0.8,0
"chr22_25161052","rs11912167","C",0.0687831,"T","GCTGT",0,0.4,0.4,0.2
"chr5_161082534","rs7707122","G",0.300265,"A","TAATG",0.4,0.4,0.2,0
"chr14_35540225","rs79288297","T",0.162698,"C","GACGG",0.2,0,0.6,0.2
"chr15_63415843","rs2652787","G",0.353175,"A","TGGGT",0,0.4,0.6,0
"chr13_53055991","rs9536092","A",0.0542328,"T","TATGT",0.2,0.6,0.2,0
"chr1_8653733","rs922366","C",0.388889,"A","CCCCA",0.2,0,0,0.8
"chr7_143072207","rs57293827","A",0.19709,"G","CTGAA",0.4,0.2,0.2,0.2
"chr12_6644256","rs3741918","A",0.205026,"T","AGTCC",0.2,0.2,0.2,0.4
"chr12_65349306","rs117438780","A",0.0238095,"G","CAGAG",0.4,0,0.4,0.2
"chr10_108140325","rs141937713","C",0.0343915,"T","AGTGC",0.2,0.2,0.4,0.2
"chr5_149865242","rs2545348","G",0.466931,"A","CCGGG",0,0,0.6,0.4
"chr16_90091535","rs28582207","A",0.455026,"C","TCCTG",0,0.4,0.2,0.4
"chr8_129235735","rs1024885","C",0.12963,"T","CCCAC",0.2,0,0,0.8
"chr1_247362990","rs55768801","A",0.308201,"G","AAGAA",0.8,0,0.2,0
"chr8_674610","rs7841305","C",0.462963,"T","GGTCA",0.2,0.2,0.4,0.2
"chr2_160862094","rs2667004","G",0.412698,"A","GGGCC",0,0,0.6,0.4
"chr3_54173258","rs6765381","T",0.248677,"C","TTTGT",0,0.8,0.2,0
"chr15_31741216","rs1075232","A",0.0436508,"C","CGCGT",0,0.2,0.4,0.4
"chr7_66762050","rs10245535","T",0.412698,"A","GGACT",0.2,0.2,0.4,0.2
"chr5_145378345","rs1974569","G",0.383598,"A","GTGCG",0,0.2,0.6,0.2
"chr16_77138775","rs12597045","G",0.239418,"C","TGCCC",0,0.2,0.2,0.6
"chr9_83334254","rs7043440","C",0.146825,"G","CCGGA",0.2,0,0.4,0.4
"chr4_138484686","rs10002368","C",0.428571,"G","ATGAG",0.4,0.2,0.4,0
"chr9_84565837","rs6559647","C",0.113757,"T","CTTAA",0.4,0.4,0,0.2
"chr19_38790635","rs35436012","C",0.346561,"A","CCAAA",0.6,0,0,0.4
"chr11_18180388","rs11024508","A",0.280423,"C","AACAC",0.6,0,0,0.4
"chr15_75937669","rs78004537","T",0.236772,"C","CTCGG",0,0.2,0.4,0.4
"chr16_27250506","rs34722339","T",0.335979,"C","TTCTA",0.2,0.6,0,0.2
"chr11_24072469","rs11027684","G",0.325397,"A","GAAAC",0.6,0,0.2,0.2
"chr14_36447752","rs11156899","T",0.0383598,"A","AAACA",0.8,0,0,0.2
"chr4_8520611","rs9291393","A",0.232804,"G","GCGGA",0.2,0,0.6,0.2
"chr6_169294130","rs9455768","T",0.498677,"C","GCCGT",0,0.2,0.4,0.4
"chr5_177735903","rs10447305","A",0.0687831,"G","ACGCA",0.4,0,0.2,0.4
"chr19_52357472","rs10424471","T",0.316138,"C","ATCCT",0.2,0.4,0,0.4
"chr9_116356373","rs12350531","G",0.298942,"C","CTGTC",0,0.4,0.2,0.4
"chr3_187023952","rs710475","T",0.297619,"C","GGCAA",0.4,0,0.4,0.2
"chr9_138998610","rs959016","C",0.496032,"A","CCACC",0.2,0,0,0.8
"chr12_133349893","rs3741484","A",0.104497,"G","AGAAG",0.6,0,0.4,0
"chr18_36272110","rs34380551","C",0.345238,"T","TGTGT",0,0.6,0.4,0
"chr22_43619645","rs5759222","C",0.0899471,"T","TCTGG",0,0.4,0.4,0.2
"chr17_13317678","rs16947829","A",0.207672,"C","TTCAC",0.2,0.4,0,0.4
"chr20_43529679","rs6031859","C",0.271164,"T","AGTGC",0.2,0.2,0.4,0.2
"chr4_46230661","rs115497444","T",0.042328,"C","ACCGT",0.2,0.2,0.2,0.4
"chr11_75311704","rs658601","T",0.46164,"C","GTTCA",0.2,0.4,0.2,0.2
"chr11_64789077","rs663767","A",0.342593,"C","ACATG",0.4,0.2,0.2,0.2
"chr3_50243801","rs35219849","T",0.30291,"C","TTCTT",0,0.8,0,0.2
"chr9_136600773","rs2905214","T",0.300265,"C","TTCCC",0,0.4,0,0.6
"chr6_33048457",".","G",0.265873,"C","ACCTT",0.2,0.4,0,0.4
"chr2_51317471","rs6734633","G",0.294974,"A","AGGTC",0.2,0.2,0.4,0.2
"chr7_76459036","rs38572","C",0.00793651,"T","CATGG",0.2,0.2,0.4,0.2
"chr19_33028185","rs34420223","T",0.0224868,"C","CTCGC",0,0.2,0.2,0.6
"chr1_69194540","rs1492065","G",0.103175,"C","GTGAT",0.2,0.4,0.4,0
"chrX_135263178","rs5930895","A",0.274611,"C","ACAGG",0.4,0,0.4,0.2
"chr22_20113777","rs175163","C",0.281746,"T","TCTCT",0,0.6,0,0.4
"chr4_103713346","rs223448","G",0.477513,"A","AGACT",0.4,0.2,0.2,0.2
"chr2_68507833","rs17035173","G",0.358466,"A","AAATC",0.6,0.2,0,0.2
"chr16_26959708","rs62029776","A",0.453704,"G","CCACC",0.2,0,0,0.8
"chr15_24634524","rs28393285","C",0.0330688,"T","AATTG",0.4,0.4,0.2,0
"chr6_167403873","rs933243","A",0.371693,"C","AACAC",0.6,0,0,0.4
"chr15_78235765","rs11854044","T",0.277778,"C","CCCGG",0,0,0.4,0.6
"chr7_38242908","rs62443325","C",0.109788,"G","CAGAA",0.6,0,0.2,0.2
"chr13_94929571","rs9524397","A",0.358466,"G","AGGTT",0.2,0.4,0.4,0
"chr9_35772789","rs12553619","T",0.187831,"A","CAAAA",0.8,0,0,0.2
"chr22_22872244","rs17497134","G",0.0621693,"A","GTATC",0.2,0.4,0.2,0.2
"chr2_188156452","rs1728673","G",0.337302,"C","TCGTA",0.2,0.4,0.2,0.2
"chr11_73772773","rs4537786","C",0.187831,"T","AATAA",0.8,0.2,0,0
"chr12_15024329","rs10846074","C",0.358466,"G","AAGAG",0.6,0,0.4,0
"chr2_54145636","rs805327","A",0.261905,"G","ACGTC",0.2,0.2,0.2,0.4
"chr8_1751738","rs7831191","T",0.395503,"G","CCTCC",0,0.2,0,0.8
"chr1_203156080","rs10399931","T",0.220899,"C","TCTGG",0,0.4,0.4,0.2
"chr9_99992220","rs10817265","T",0.493386,"C","GGTCT",0,0.4,0.4,0.2
"chr11_107616683","rs10890759","G",0.185185,"A","CAAGA",0.6,0,0.2,0.2
"chr19_49402686","rs117744769","T",0.133598,"G","CGGGT",0,0.2,0.6,0.2
"chr5_120845398","rs56375344","A",0.343915,"G","CAGTT",0.2,0.4,0.2,0.2
"chr6_143365527","rs72986682","A",0.0330688,"C","CCCCT",0,0.2,0,0.8
"chr3_122131777","rs3828362","G",0.407407,"C","TGCCA",0.2,0.2,0.2,0.4
"chr17_47535820","rs77384631","A",0.0277778,"G","ACGTG",0.2,0.2,0.4,0.2
"chr4_18382035","rs1506040","T",0.453704,"C","TACAG",0.4,0.2,0.2,0.2
"chr5_177370658","rs148635045","C",0.164021,"G","AACGC",0.4,0,0.2,0.4
"chr2_171316458","rs35456883","T",0.223545,"C","CCCGG",0,0,0.4,0.6
"chr2_70204029","rs6711147","T",0.0634921,"C","AACTG",0.4,0.2,0.2,0.2
"chr6_41808351","rs2488338","G",0.488095,"A","TTAGG",0.2,0.4,0.4,0
"chr1_54562444","rs7524477","G",0.0291005,"A","GAATA",0.6,0.2,0.2,0
"chr15_85086986","rs609513","G",0.486772,"A","CCGAC",0.2,0,0.2,0.6
"chr2_171673475","rs3749034","A",0.234127,"G","ACGCC",0.2,0,0.2,0.6
"chr5_173782331","rs12521800","C",0.281746,"T","TATGG",0.2,0.4,0.4,0
"chr12_99112323","rs12581119","G",0.283069,"A","GTAAA",0.6,0.2,0.2,0
"chr4_66659690","rs4860708","G",0.314815,"A","CTATT",0.2,0.6,0,0.2
"chr5_180303043","rs249324","C",0.378307,"T","CGTTC",0,0.4,0.2,0.4
"chr6_2680732","rs2038760","T",0.141534,"C","GCCTG",0,0.2,0.4,0.4
"chr16_56600685","rs145695903","G",0.103175,"A","AAAGA",0.8,0,0.2,0
"chr21_40672344","rs28542479","A",0.107143,"G","AGGTG",0.2,0.2,0.6,0
"chr3_195752777","rs1976213","T",0.0846561,"A","ATAAG",0.6,0.2,0.2,0
"chr17_7215536","rs1054378","T",0.417989,"C","CCTAT",0.2,0.4,0,0.4
"chr11_96108105","rs11021562","G",0.157407,"A","ATAAG",0.6,0.2,0.2,0
"chr16_11418328","rs12325495","T",0.472222,"C","CCCCC",0,0,0,1
"chr12_64257917","rs74322518","C",0.0555556,"T","CATAC",0.4,0.2,0,0.4
"chr1_22173554","rs35286527","A",0.0502646,"G","ACGCT",0.2,0.2,0.2,0.4
"chr1_89568621","rs6428501","T",0.42328,"A","AAAAT",0.8,0.2,0,0
"chr17_19935901","rs10459969","C",0.18254,"T","CCTTT",0,0.6,0,0.4
"chr6_36445773","rs6926796","G",0.210317,"A","CTAAG",0.4,0.2,0.2,0.2
"chr11_66806043","rs61891299","A",0.0674603,"G","CTGGT",0,0.4,0.4,0.2
"chr7_55884326","rs73132810","T",0.165344,"C","TACTA",0.4,0.4,0,0.2
"chr15_63686403","rs1985178","G",0.328042,"A","GGAAG",0.4,0,0.6,0
"chr2_37225195","rs2691103","A",0.0026455,"T","CATTC",0.2,0.4,0,0.4
"chr22_32603796","rs5998302","C",0.452381,"T","TGTCT",0,0.6,0.2,0.2
"chr14_58755574","rs2233754","A",0.0582011,"C","CACCA",0.4,0,0,0.6
"chr22_44208162","rs146937075","T",0.0436508,"G","CCGAG",0.2,0,0.4,0.4
"chr12_52715363","rs1540095","T",0.357143,"C","ATCTT",0.2,0.6,0,0.2
"chr7_14930132","rs73056941","G",0.478836,"A","GCACA",0.4,0,0.2,0.4
"chr4_82203648","rs113205279","G",0.021164,"T","TGTGG",0,0.4,0.6,0
"chr16_69141138","rs3759983","T",0.246032,"C","GGCTG",0,0.2,0.6,0.2
"chr7_25837689","rs6461881","T",0.0238095,"A","CCAGC",0.2,0,0.2,0.6
"chr13_21499770","rs73167478","T",0.367725,"C","AGTGC",0.2,0.2,0.4,0.2
"chr9_19696761","rs12001364","G",0.0608466,"T","TGTGT",0,0.6,0.4,0
"chr10_16555528","rs1055340","A",0.458995,"T","ATAGG",0.4,0.2,0.4,0
"chr6_44953786","rs9296450","C",0.243386,"T","AATAT",0.6,0.4,0,0
"chr17_2592031","rs1109451","A",0.428571,"G","ATGGA",0.4,0.2,0.4,0
"chr22_29166830","rs6005869","G",0.293651,"C","ACCCC",0.2,0,0,0.8
"chr1_8931463","rs1006950","T",0.189153,"C","GCTCC",0,0.2,0.2,0.6
"chr14_103677551","rs7400845","T",0.0820106,"G","GAGCT",0.2,0.2,0.4,0.2
"chr5_110822927","rs766444","G",0.111111,"A","CAATA",0.6,0.2,0,0.2
"chr8_93277429","rs13274294","T",0.291005,"C","CACAC",0.4,0,0,0.6
"chr7_76137375","rs2110464","T",0.404762,"C","GTCGA",0.2,0.2,0.4,0.2
"chr9_113519830","rs77333759","G",0.0965608,"A","TTATC",0.2,0.6,0,0.2
"chr4_44927286","rs78650209","T",0.0899471,"C","TTCCT",0,0.6,0,0.4
"chr1_161483977","rs11801022","G",0.134921,"C","GACAG",0.4,0,0.4,0.2
"chr12_47921252","rs11519956","A",0.220899,"G","AGGAG",0.4,0,0.6,0
"chr5_68359574","rs140104859","A",0.246032,"G","TCGGC",0,0.2,0.4,0.4
"chr8_59093388","rs2977388","A",0.117725,"G","TAGGG",0.2,0.2,0.6,0
"chr14_65345813","rs2884307","G",0.148148,"A","GAGGA",0.4,0,0.6,0
"chr17_79307021","rs4969267","T",0.165344,"C","TCCGA",0.2,0.2,0.2,0.4
"chr3_168180663","rs6791901","G",0.0529101,"A","TCACT",0.2,0.4,0,0.4
"chr1_187736969","rs3127517","T",0.318783,"G","GGGCT",0,0.2,0.6,0.2
"chr6_33101079","rs3116984","G",0.239418,"T","GCTCC",0,0.2,0.2,0.6
"chr1_230446556","rs12133061","T",0.212963,"C","TCCGA",0.2,0.2,0.2,0.4
"chrX_153724827","rs2315326","T",0.129534,"G","TTGTT",0,0.8,0.2,0
"chr19_56211317","rs4801264","C",0.28836,"T","CTTGC",0,0.4,0.2,0.4
"chr16_76849373","rs57405010","A",0.12963,"G","TGGGG",0,0.2,0.8,0
"chr1_161614382","rs61346200","C",0.0820106,"A","GCAGA",0.4,0,0.4,0.2
"chr10_135211029","rs34032255","A",0.230159,"C","GGCTG",0,0.2,0.6,0.2
"chr7_43223803","rs12702020","G",0.189153,"T","ACTGG",0.2,0.2,0.4,0.2
"chr18_322109","rs7236292","G",0.367725,"A","ATAAC",0.6,0.2,0,0.2
"chr12_57031090","rs7956952","C",0.0132275,"G","CTGCA",0.2,0.2,0.2,0.4
"chr6_6816138","rs79752622","C",0.0185185,"T","ATTGA",0.4,0.4,0.2,0
"chr4_70448668","rs10013866","A",0.349206,"G","TGGCA",0.2,0.2,0.4,0.2
"chr1_158162770","rs1633124","C",0.431217,"T","CCTGA",0.2,0.2,0.2,0.4
"chr5_168462611","rs28572216","G",0.0582011,"A","GCACC",0.2,0,0.2,0.6
"chr12_74092327","rs2730541","G",0.231481,"A","CTGAA",0.4,0.2,0.2,0.2
"chr12_58301211","rs4553410","A",0.44709,"G","TCGGA",0.2,0.2,0.4,0.2
"chr10_38170306","rs1735625","T",0.265873,"C","TCCGC",0,0.2,0.2,0.6
"chr11_67346458","rs597297","C",0.345238,"A","GGAAG",0.4,0,0.6,0
"chr9_140624798","rs10867056","G",0.276455,"T","TTTTC",0,0.8,0,0.2
"chr2_212145719","rs4471829","G",0.460317,"T","GCGAA",0.4,0,0.4,0.2
"chr15_34320203","rs718690","G",0.186508,"C","TGCCC",0,0.2,0.2,0.6
"chr5_158862238","rs2161417","T",0.314815,"G","ATGCA",0.4,0.2,0.2,0.2
"chr22_19935148","rs9332334","C",0.0502646,"T","TGTTA",0.2,0.6,0.2,0
"chr8_7687731","rs192741695","G",0.111111,"A","ATGAA",0.6,0.2,0.2,0
"chr14_74103323","rs73295368","A",0.00132275,"G","ACGGT",0.2,0.2,0.4,0.2
"chr11_5712260","rs1995162","A",0.0701058,"G","ACGGG",0.2,0,0.6,0.2
"chr22_50311793","rs73443969","A",0.0026455,"G","GCGCG",0,0,0.6,0.4
"chr7_88978460","rs67915807","G",0.179894,"C","ATCTT",0.2,0.6,0,0.2
"chr15_31479286","rs12442141","T",0.0330688,"C","TACGT",0.2,0.4,0.2,0.2
"chr12_11037429","rs2418216","T",0.384921,"G","GGTGC",0,0.2,0.6,0.2
"chr10_53318924","rs79735066","C",0.0515873,"T","TATTA",0.4,0.6,0,0
"chr12_6055132","rs6489682","T",0.171958,"G","CATCT",0.2,0.4,0,0.4
"chr17_52078718","rs2331969","G",0.416667,"T","TTTCC",0,0.6,0,0.4
"chr15_47644573","rs79950948","C",0.145503,"T","TTTAT",0.2,0.8,0,0
"chr18_44862488","rs7233173","T",0.0568783,"G","TTGGG",0,0.4,0.6,0
"chr12_10213189","rs73054678","C",0.0238095,"G","AAGGA",0.6,0,0.4,0
"chr7_29036257","rs77215789","T",0.0859788,"C","TTCCT",0,0.6,0,0.4
"chrX_35287707","rs5928785","C",0.267703,"T","TACTT",0.2,0.6,0,0.2
"chr11_23184237","rs148133613","T",0.119048,"C","CACCC",0.2,0,0,0.8
"chr3_93511746","rs142797909","C",0.103175,"T","GATGA",0.4,0.2,0.4,0
"chr5_68461956","rs350099","C",0.411376,"T","ATTGG",0.2,0.4,0.4,0
"chr22_45998867","rs57414718","A",0.0912698,"G","GGGGC",0,0,0.8,0.2
"chr16_15150833","rs2280018","A",0.416667,"C","CAAGG",0.4,0,0.4,0.2
"chr1_38463504","rs7366048","T",0.406085,"C","CACGG",0.2,0,0.4,0.4
"chr1_206667441",".","A",0.480159,"G","TCGAA",0.4,0.2,0.2,0.2
"chr14_37949235","rs7159004","G",0.284392,"C","GAGGT",0.2,0.2,0.6,0
"chr1_31856525","rs6674406","A",0.152116,"G","ACGAT",0.4,0.2,0.2,0.2
"chr22_23249040","rs2854095","T",0.489418,"C","TATGG",0.2,0.4,0.4,0
"chr2_26046845","rs3731638","C",0.296296,"T","CATAG",0.4,0.2,0.2,0.2
"chr19_4364703","rs149976629","C",0.026455,"G","CAGGC",0.2,0,0.4,0.4
"chr6_135295081","rs4896122","C",0.494709,"T","TATAT",0.4,0.6,0,0
"chr20_36380182","rs45530738","A",0.0582011,"G","AGGGA",0.4,0,0.6,0
"chr15_85096076","rs55691725","G",0.183862,"A","GAATT",0.4,0.4,0.2,0
"chr13_86268478","rs12429649","C",0.0978836,"G","CAGGA",0.4,0,0.4,0.2
"chr10_79743330","rs1469378","C",0.43254,"T","GGCGC",0,0,0.6,0.4
"chr7_116570738","rs12532926","G",0.310847,"C","ATCCT",0.2,0.4,0,0.4
"chr18_28088814","rs1025880","A",0.42328,"T","AATGA",0.6,0.2,0.2,0
"chr12_96337997","rs7486703","A",0.412698,"G","GGACC",0.2,0,0.4,0.4
"chr8_57746054","rs1424682","A",0.199735,"T","AGTGA",0.4,0.2,0.4,0
"chr5_79834564",".","A",0.251323,"C","CCCGC",0,0,0.2,0.8
"chr9_281845","rs17720878","G",0.161376,"A","CCACA",0.4,0,0,0.6
"chr17_10636313","rs202307","A",0.46164,"G","ACGTT",0.2,0.4,0.2,0.2
"chr3_184698444","rs6801142","G",0.0939153,"T","TTTCA",0.2,0.6,0,0.2
"chr4_57827119","rs13113032","A",0.272487,"T","ATTTA",0.4,0.6,0,0
"chr5_171120026","rs13184816","A",0.272487,"C","CCCCT",0,0.2,0,0.8
"chr8_128680999","rs12543549","A",0.285714,"G","GGGCC",0,0,0.6,0.4
"chr2_12712219","rs13006205","G",0.259259,"C","AGCTG",0.2,0.2,0.4,0.2
"chr2_108005561","rs35885705","A",0.224868,"C","CACTT",0.2,0.4,0,0.4
"chr3_17167392","rs56836323","T",0.10582,"C","CTCCA",0.2,0.2,0,0.6
"chr2_175555714","rs56181519","T",0.277778,"C","GGCAC",0.2,0,0.4,0.4
"chr4_183443383","rs7655468","A",0.349206,"G","GTGAA",0.4,0.2,0.4,0
"chr10_99476017","rs4919133","C",0.21164,"A","CAATG",0.4,0.2,0.2,0.2
"chr1_214366917","rs1223810","T",0.399471,"A","AATGC",0.4,0.2,0.2,0.2
"chr12_7877961","rs10734866","T",0.382275,"G","GGTCG",0,0.2,0.6,0.2
"chr19_15261371","rs10420466","G",0.12037,"T","GGGTC",0,0.2,0.6,0.2
"chr9_126534756","rs77167631","C",0.104497,"G","TTGTT",0,0.8,0.2,0
"chr9_37520440","rs10758437","C",0.300265,"T","CCCCC",0,0,0,1
"chr4_44953480","rs7684184","C",0.230159,"T","TTTAA",0.4,0.6,0,0
"chr15_30953483","rs11070510","G",0.481481,"A","AAAGA",0.8,0,0.2,0
"chr3_182722869","rs9848057","T",0.0886243,"C","CACCT",0.2,0.2,0,0.6
"chr8_21820479","rs1032094","T",0.456349,"A","TTAAT",0.4,0.6,0,0
"chr6_31166301","rs79278836","T",0.0767196,"C","CCCCC",0,0,0,1
"chr9_6826815","rs6477113","C",0.361111,"T","GCTGA",0.2,0.2,0.4,0.2
"chrX_74627118","rs6647721","C",0.0466321,"T","CCCCT",0,0.2,0,0.8
"chr3_56579538","rs6791987","T",0.406085,"C","AACAA",0.8,0,0,0.2
"chr16_25077424","rs79423608","T",0.119048,"C","AACGG",0.4,0,0.4,0.2
"chr8_55472998","rs3802207","C",0.0396825,"T","TGCGG",0,0.2,0.6,0.2
"chr2_112400193","rs74603535","G",0.0436508,"A","TCATA",0.4,0.4,0,0.2
"chr4_152859171","rs360906","G",0.0767196,"A","CCAGT",0.2,0.2,0.2,0.4
"chr12_6300353","rs138224728","A",0.125661,"G","ACGCC",0.2,0,0.2,0.6
"chr22_48206356","rs5768005","A",0.261905,"G","GCGCC",0,0,0.4,0.6
"chr9_98832374","rs73540677","A",0.0568783,"C","TCCTT",0,0.6,0,0.4
"chr7_88105488","rs4728751","G",0.321429,"A","GCGAA",0.4,0,0.4,0.2
"chr9_14835557","rs2818936","A",0.14418,"G","AAGAA",0.8,0,0.2,0
"chr11_60927195","rs28581838","T",0.457672,"A","AATAA",0.8,0.2,0,0
"chr7_107614370","rs2023273","G",0.449735,"T","GGTGT",0,0.4,0.6,0
"chr2_20883561","rs12622106","T",0.251323,"C","TCCAC",0.2,0.2,0,0.6
"chr14_77074361","rs77079758","G",0.0687831,"A","GAATA",0.6,0.2,0.2,0
"chr1_199778760","rs1366977","A",0.429894,"C","TGCAG",0.2,0.2,0.4,0.2
"chr3_125949980","rs62263436","C",0.47619,"T","CATGA",0.4,0.2,0.2,0.2
"chr14_31438178","rs10872848","G",0.247354,"A","AAGGT",0.4,0.2,0.4,0
"chr13_96314624","rs9561926","C",0.365079,"T","CCCTG",0,0.2,0.2,0.6
"chr22_20748053","rs2266945","A",0.271164,"G","GGGCT",0,0.2,0.6,0.2
"chr16_16038160","rs35039467","C",0.104497,"G","GAGTT",0.2,0.4,0.4,0
"chr9_33059760","rs74726311","A",0.149471,"G","CAGGC",0.2,0,0.4,0.4
"chr4_27673646","rs10009520","T",0.304233,"C","GCTTC",0,0.4,0.2,0.4
"chr11_35260927","rs11033036","T",0.456349,"G","AAGAA",0.8,0,0.2,0
"chr12_47174316","rs180427","A",0.429894,"G","CAGAA",0.6,0,0.2,0.2
"chr4_110786517","rs7679303","A",0.359788,"G","GTACA",0.4,0.2,0.2,0.2
"chr20_10482484","rs225154","T",0.228836,"A","TTAAA",0.6,0.4,0,0
"chr8_63759350","rs2086370","G",0.214286,"T","TTGAT",0.2,0.6,0.2,0
"chr4_14907990","rs75738561","G",0.170635,"A","ACATA",0.6,0.2,0,0.2
"chr19_17772716","rs4808090","T",0.287037,"C","ACCGC",0.2,0,0.2,0.6
"chr16_59666217","rs1604120","T",0.347884,"C","TACGG",0.2,0.2,0.4,0.2
"chr11_67392813","rs10791908","T",0.425926,"C","AATGC",0.4,0.2,0.2,0.2
"chr16_89713980","rs413636","T",0.472222,"C","AGTGC",0.2,0.2,0.4,0.2
"chr2_31140172","rs62139532","T",0.265873,"G","GGGTG",0,0.2,0.8,0
"chr22_50990669","rs6520149","A",0.0251323,"G","CCGGT",0,0.2,0.4,0.4
"chr12_95397552","rs835044","T",0.351852,"C","TCTCA",0.2,0.4,0,0.4
"chr7_107494470","rs6965705","G",0.17328,"C","TACCC",0.2,0.2,0,0.6
"chr17_9346530","rs60864581","A",0.252646,"C","CACCA",0.4,0,0,0.6
"chr7_152917274","rs7384332","T",0.416667,"C","GATCA",0.4,0.2,0.2,0.2
"chr1_248085409","rs4925774","A",0.142857,"T","ATTCC",0.2,0.4,0,0.4
"chr8_15869703","rs10108591","C",0.437831,"G","AAGAC",0.6,0,0.2,0.2
"chr22_27069907","rs1018834","A",0.416667,"T","AAAAT",0.8,0.2,0,0
"chr5_1618843","rs10064943","A",0.236772,"C","CTCCA",0.2,0.2,0,0.6
"chr9_27417832","rs7036512","C",0.0132275,"G","GCCGG",0,0,0.6,0.4
"chr16_1018816","rs34597582","T",0.137566,"C","CTCGT",0,0.4,0.2,0.4
"chr18_58056744","rs9949383","T",0.113757,"A","ACATA",0.6,0.2,0,0.2
"chr10_27607905","rs237601","G",0.321429,"C","CCGCA",0.2,0,0.2,0.6
"chr4_175844270","rs28750347","A",0.108466,"G","GCGAT",0.2,0.2,0.4,0.2
"chr2_113346480","rs41278942","A",0.126984,"G","ACGGC",0.2,0,0.4,0.4
"chr7_68593216","rs6976718","C",0.497354,"T","CCCGC",0,0,0.2,0.8
"chr1_111317129","rs343802","A",0.251323,"G","TTGTT",0,0.8,0.2,0
"chr13_53394421","rs17089897","A",0.128307,"G","CAGGG",0.2,0,0.6,0.2
"chr5_139791506","rs12657867","A",0.465608,"G","GCGCA",0.2,0,0.4,0.4
"chr19_53705680",".","A",0.357143,"G","TCGCA",0.2,0.2,0.2,0.4
"chr21_42705405","rs388656","C",0.0502646,"T","TCTGC",0,0.4,0.2,0.4
"chr5_125416515","rs72778830","C",0.104497,"A","CAAAC",0.6,0,0,0.4
"chr20_12483701","rs4814127","G",0.0449735,"A","ACATG",0.4,0.2,0.2,0.2
"chr6_31572009","rs116599460","A",0.0357143,"G","ACGTG",0.2,0.2,0.4,0.2
"chr18_56149424","rs3744866","A",0.436508,"C","ATAAG",0.6,0.2,0.2,0
"chr1_247665340","rs10925064","T",0.305556,"G","AGGAT",0.4,0.2,0.4,0
"chr1_210507519",".","G",0.465608,"A","GTGTC",0,0.4,0.4,0.2
"chr12_56075263","rs4759187","T",0.252646,"C","CCCCC",0,0,0,1
"chr16_811433","rs2235505","G",0.248677,"A","CCATG",0.2,0.2,0.2,0.4
"chr7_19393994","rs73077270","C",0.308201,"G","AAGGG",0.4,0,0.6,0
"chr12_77865008","rs79804750","G",0.0449735,"A","AAAAA",1,0,0,0
"chr17_4011602","rs4328477","G",0.243386,"A","AGATA",0.6,0.2,0.2,0
"chr12_12812508","rs4303310","A",0.021164,"G","TCGGG",0,0.2,0.6,0.2
"chr14_66424839","rs113352735","G",0.0251323,"T","GTTCC",0,0.4,0.2,0.4
"chr18_14132402","rs9958799","C",0.227513,"G","AAGCC",0.4,0,0.2,0.4
"chr4_44133335","rs12649937","A",0.115079,"T","GATGC",0.2,0.2,0.4,0.2
"chr6_10743972","rs521417","T",0.398148,"G","ACGAT",0.4,0.2,0.2,0.2
"chr2_166138549","rs9287856","T",0.206349,"C","CCCTC",0,0.2,0,0.8
"chr2_141966440","rs300352","C",0.189153,"T","TCCGT",0,0.4,0.2,0.4
"chr2_56461906","rs1861772","G",0.437831,"T","CCTTT",0,0.6,0,0.4
"chr1_230898737","rs2282320","C",0.34127,"G","GTGGC",0,0.2,0.6,0.2
"chr8_27176470","rs62502390","T",0.457672,"G","TTTCG",0,0.6,0.2,0.2
"chr11_6495600","rs11605881","G",0.169312,"A","CTATC",0.2,0.4,0,0.4
"chr10_56576334","rs16906560","G",0.0740741,"A","AAAAG",0.8,0,0.2,0
"chr2_128600609","rs17600636","C",0.410053,"T","CATTG",0.2,0.4,0.2,0.2
"chr10_11784088","rs3814626","C",0.275132,"T","GCTAA",0.4,0.2,0.2,0.2
"chr16_771234","rs55708282","T",0.22619,"C","GCCGG",0,0,0.6,0.4
"chr10_79566365","rs10762764","G",0.350529,"T","TTTTG",0,0.8,0.2,0
"chr1_180895528","rs11587899","G",0.279101,"C","CTCTA",0.2,0.4,0,0.4
"chr13_45229455","rs9525994","C",0.428571,"A","AAAAT",0.8,0.2,0,0
"chr1_205774897","rs823075","T",0.400794,"C","CTCGA",0.2,0.2,0.2,0.4
"chr12_6840371","rs11227","G",0.351852,"T","AGGCA",0.4,0,0.4,0.2
"chrX_92323324","rs5939982","A",0.314335,"T","CTTCA",0.2,0.4,0,0.4
"chr3_52870618","rs4687663","A",0.259259,"T","CATGA",0.4,0.2,0.2,0.2
"chrX_16182025","rs12846590","A",0.366149,"G","GGGGT",0,0.2,0.8,0
"chr7_38826335","rs17700752","G",0.194444,"A","AGATC",0.4,0.2,0.2,0.2
"chr4_75675667","rs7673066","A",0.31746,"G","TAAAT",0.6,0.4,0,0
"chrX_101281144","rs143756122","T",0.0379965,"C","CACCA",0.4,0,0,0.6
"chr1_23525599","rs7533524","T",0.328042,"C","GGCGT",0,0.2,0.6,0.2
"chr15_98811091","rs35055023","C",0.386243,"T","AGCCC",0.2,0,0.2,0.6
"chr3_64141653","rs13072811","G",0.39418,"C","ATCCA",0.4,0.2,0,0.4
"chr6_26762747","rs10946851","G",0.257937,"T","TTTCC",0,0.6,0,0.4
"chr15_34536090","rs59209438","T",0.115079,"C","ATCGA",0.4,0.2,0.2,0.2
"chr11_18096091","rs7943725","T",0.240741,"C","TCCCA",0.2,0.2,0,0.6
"chr16_15990416","rs62033071","C",0.108466,"G","TCGGC",0,0.2,0.4,0.4
"chr8_125287350","rs41327151","T",0.177249,"G","CAGTG",0.2,0.2,0.4,0.2
"chr1_170633896","rs659580","T",0.230159,"C","GCTAG",0.2,0.2,0.4,0.2
"chr4_61901449","rs35787204","T",0.30291,"G","CTGAT",0.2,0.4,0.2,0.2
"chr21_43919977","rs8129819","G",0.433862,"C","GGCGC",0,0,0.6,0.4
"chr2_226516346","rs11884382","C",0.169312,"T","TTTCG",0,0.6,0.2,0.2
"chr3_71931045","rs4478047","G",0.484127,"A","AGGCC",0.2,0,0.4,0.4
"chrX_151899818","rs2233056","C",0.374784,"T","ACCCC",0.2,0,0,0.8
"chr12_1613442","rs11061789","A",0.480159,"G","ACGGA",0.4,0,0.4,0.2
"chr6_84761801","rs2497162","G",0.181217,"A","TCATG",0.2,0.4,0.2,0.2
"chr20_57112959","rs4812013","T",0.0529101,"C","TTTCT",0,0.8,0,0.2
"chr15_78583531","rs876364","C",0.488095,"T","TACGC",0.2,0.2,0.2,0.4
"chr20_19806332","rs4814904","T",0.469577,"C","AATGC",0.4,0.2,0.2,0.2
"chr1_19677642","rs214334","G",0.292328,"A","CTGAT",0.2,0.4,0.2,0.2
"chr17_13933598","rs62054069","C",0.210317,"T","CTTGT",0,0.6,0.2,0.2
"chr2_207020936","rs62195387","G",0.460317,"A","CCAAG",0.4,0,0.2,0.4
"chr4_67130297","rs17838961","C",0.0489418,"T","AATGC",0.4,0.2,0.2,0.2
"chr3_137824569","rs7627226","G",0.0515873,"T","CATAT",0.4,0.4,0,0.2
"chr3_49016056","rs7621015","A",0.345238,"G","TCATA",0.4,0.4,0,0.2
"chr1_186371319","rs17521977","T",0.339947,"A","CTATT",0.2,0.6,0,0.2
"chr2_4680485","rs139031694","A",0.103175,"G","CGGGG",0,0,0.8,0.2
"chr12_29246235","rs6487759","A",0.0132275,"T","AAAAG",0.8,0,0.2,0
"chr18_46603552","rs73439684","A",0.0595238,"G","TCGTC",0,0.4,0.2,0.4
"chr22_48606311","rs9306510","G",0.373016,"A","ACATT",0.4,0.4,0,0.2
"chr19_20386909","rs12460238","G",0.150794,"A","CAAGC",0.4,0,0.2,0.4
"chr2_136702601","rs6743537","A",0.215608,"G","TCGTC",0,0.4,0.2,0.4
"chr12_22554857","rs11046421","G",0.0767196,"A","GGACC",0.2,0,0.4,0.4
"chr14_97086310","rs234593","T",0.305556,"C","GCTCA",0.2,0.2,0.2,0.4
"chr6_168417242","rs227238","C",0.309524,"G","CAGTC",0.2,0.2,0.2,0.4
"chr2_6200387","rs13014761","A",0.220899,"G","GGGAA",0.4,0,0.6,0
"chr22_50712314","rs5771116","T",0.210317,"A","AAATA",0.8,0.2,0,0
"chr1_211395420","rs3111245","T",0.201058,"C","AGCTC",0.2,0.2,0.2,0.4
"chr1_107617707","rs1730859","G",0.31746,"A","AAGTG",0.4,0.2,0.4,0
"chr4_41245302","rs13111006","G",0.132275,"A","TCAAA",0.6,0.2,0,0.2
"chr11_82771894","rs11233444","C",0.253968,"T","TGTTG",0,0.6,0.4,0
"chr7_56555045","rs117119447","A",0.047619,"G","ACGCC",0.2,0,0.2,0.6
"chr17_31018703","rs113602044","A",0.186508,"T","GGTGT",0,0.4,0.6,0
"chr5_140512202","rs78083835","A",0.0767196,"C","ACCAA",0.6,0,0,0.4
"chr2_98275354","rs11692435","A",0.0925926,"G","CAGCC",0.2,0,0.2,0.6
"chr12_75727140","rs7136911","G",0.387566,"A","ATATC",0.4,0.4,0,0.2
"chr22_40014952","rs77350194","A",0.0634921,"G","ATGTT",0.2,0.6,0.2,0
"chr18_73607635","rs1460271","A",0.457672,"G","TGGCT",0,0.4,0.4,0.2
"chr5_1981174","rs61656301","A",0.43254,"G","ATGTC",0.2,0.4,0.2,0.2
"chr16_3102629","rs12596137","G",0.194444,"A","GGAGA",0.4,0,0.6,0
"chr16_27078072","rs116572396","T",0.00396825,"C","CCCCC",0,0,0,1
"chr1_153656405","rs9661993","C",0.47619,"G","CACCA",0.4,0,0,0.6
"chr12_31533184","rs73288114","A",0.126984,"C","CGCCC",0,0,0.2,0.8
"chr10_5855403","rs3736461","C",0.18254,"G","CGGGG",0,0,0.8,0.2
"chr12_94202755",".","A",0.375661,"T","CCTTC",0,0.4,0,0.6
"chr9_120677185","rs7846917","T",0.165344,"G","TTGAT",0.2,0.6,0.2,0
"chr1_16344858","rs945419","C",0.445767,"T","CCCGT",0,0.2,0.2,0.6
"chr10_104114886","rs3802680","T",0.218254,"C","GCCTT",0,0.4,0.2,0.4
"chr1_101296598","rs61780265","G",0.146825,"A","ACATA",0.6,0.2,0,0.2
"chr3_122471831","rs4048549","G",0.322751,"A","CCGTC",0,0.2,0.2,0.6
"chr18_77121397","rs11665475","A",0.27381,"G","CCGTT",0,0.4,0.2,0.4
"chr9_113372027","rs10817051","A",0.169312,"G","GCGGC",0,0,0.6,0.4
"chr16_56535059","rs73547688","G",0.215608,"A","CTAAA",0.6,0.2,0,0.2
"chr1_101744633","rs6693121","A",0.351852,"C","GACGG",0.2,0,0.6,0.2
"chr17_79304507","rs4969432","G",0.259259,"A","CCAGT",0.2,0.2,0.2,0.4
"chr1_229925517","rs558197","G",0.404762,"A","GCGTG",0,0.2,0.6,0.2
"chr19_56264521","rs12973665","T",0.305556,"A","AGATA",0.6,0.2,0.2,0
"chr6_170182310","rs117909238","T",0.152116,"C","CTCAG",0.2,0.2,0.2,0.4
"chr11_124153740","rs10790662","A",0.259259,"G","TGAAA",0.6,0.2,0.2,0
"chr18_51607451","rs17538878","T",0.0595238,"C","TGCAT",0.2,0.4,0.2,0.2
"chr6_32145707","rs2269423","A",0.383598,"C","AAAAA",1,0,0,0
"chr9_111929624","rs75742991","G",0.234127,"C","CCCGC",0,0,0.2,0.8
"chr16_9199852","rs4985031","C",0.130952,"T","GACAC",0.4,0,0.2,0.4
"chr11_86482371","rs12805252","G",0.284392,"T","GCTTG",0,0.4,0.4,0.2
"chr1_52264064","rs1770791","G",0.240741,"A","CAAGA",0.6,0,0.2,0.2
"chr10_118128155","rs74158444","G",0.015873,"C","ACCTC",0.2,0.2,0,0.6
"chr6_86096237","rs12197281","A",0.378307,"T","AGTCA",0.4,0.2,0.2,0.2
"chr17_47280301","rs4794029","T",0.338624,"C","TGTGA",0.2,0.4,0.4,0
"chr12_6987871","rs7979695","C",0.30291,"A","TGAGC",0.2,0.2,0.4,0.2
"chr10_25836299","rs4747529","C",0.271164,"G","CTGTT",0,0.6,0.2,0.2
"chr22_25315096","rs8136124","A",0.210317,"G","CAGCC",0.2,0,0.2,0.6
"chr6_70537121","rs6902573","T",0.157407,"A","ATATT",0.4,0.6,0,0
"chr8_143605470","rs13267277","A",0.212963,"G","CCGAA",0.4,0,0.2,0.4
"chr6_111484501","rs34641960","A",0.0701058,"G","GCGCC",0,0,0.4,0.6
"chr10_81894448","rs2784766","T",0.402116,"C","TATTC",0.2,0.6,0,0.2
"chr6_38144000","rs12198616","G",0.419312,"C","CGGCC",0,0,0.4,0.6
"chr11_50769556","rs67176743","T",0.12037,"C","GGCCT",0,0.2,0.4,0.4
"chr6_83901889","rs74556255","A",0.146825,"G","ACGCA",0.4,0,0.2,0.4
"chr1_212893750","rs7546462","A",0.14418,"G","CCGGG",0,0,0.6,0.4
"chr11_123816302","rs117517375","C",0.108466,"T","CATTT",0.2,0.6,0,0.2
"chr2_109302388","rs700878","A",0.392857,"G","TGGCC",0,0.2,0.4,0.4
"chr1_66367191","rs6588174","G",0.468254,"T","TGTCT",0,0.6,0.2,0.2
"chr22_42637023","rs117518412","A",0.0357143,"G","CCGGC",0,0,0.4,0.6
"chr19_17462792","rs7259703","A",0.0224868,"G","TCGTT",0,0.6,0.2,0.2
"chr9_140441177","rs2254149","G",0.462963,"A","ACACC",0.4,0,0,0.6
"chr13_36220379","rs55928043","A",0.0436508,"C","CACCC",0.2,0,0,0.8
"chr6_32672043",".","T",0.101852,"G","CCGTC",0,0.2,0.2,0.6
"chr20_3118690","rs2422854","T",0.417989,"G","GTGGG",0,0.2,0.8,0
"chr1_93721326","rs7551674","A",0.0383598,"G","GAGGA",0.4,0,0.6,0
"chr9_115158419","rs11523069","T",0.205026,"C","AGCCC",0.2,0,0.2,0.6
"chr2_41235665","rs2161069","A",0.265873,"C","TCCAT",0.2,0.4,0,0.4
"chr18_27704412","rs7234836","A",0.473545,"T","AAATG",0.6,0.2,0.2,0
"chrX_151165420","rs5925085","G",0.234888,"T","TCGCC",0,0.2,0.2,0.6
"chr19_48998055","rs115038136","T",0.0238095,"C","CTCGT",0,0.4,0.2,0.4
"chr4_57164960","rs58015788","A",0.189153,"G","ATGTG",0.2,0.4,0.4,0
"chr15_57652230","rs2431029","T",0.347884,"C","CCTGG",0,0.2,0.4,0.4
"chr5_114053397","rs111859151","A",0.0529101,"G","CCGCA",0.2,0,0.2,0.6
"chr22_43603466","rs34576033","T",0.0224868,"G","GGGGC",0,0,0.8,0.2
"chr20_5618493","rs6133241","C",0.416667,"A","ACAAT",0.6,0.2,0,0.2
"chr14_97548129","rs1040608","T",0.386243,"G","CAGAA",0.6,0,0.2,0.2
"chr4_116295106","rs7664703","C",0.376984,"T","CTCAT",0.2,0.4,0,0.4
"chr22_42466905","rs133376","T",0.465608,"C","CCCGC",0,0,0.2,0.8
"chr1_248044098","rs56117576","A",0.481481,"G","GGGAG",0.2,0,0.8,0
"chr4_101935266","rs2695199","A",0.313492,"G","AGATT",0.4,0.4,0.2,0
"chr15_86323263","rs2430836","A",0.280423,"G","ACGAA",0.6,0,0.2,0.2
"chr8_94134439","rs10956863","A",0.0780423,"C","GTACC",0.2,0.2,0.2,0.4
"chr4_70528415","rs113327870","C",0.216931,"T","GCTAA",0.4,0.2,0.2,0.2
"chr4_17509816","rs2597779","C",0.293651,"T","CTTTG",0,0.6,0.2,0.2
"chr8_136763200","rs11784740","A",0.383598,"G","ACGGT",0.2,0.2,0.4,0.2
"chr10_93572418","rs1935030","C",0.421958,"T","TACGC",0.2,0.2,0.2,0.4
"chr14_31906665","rs112826277","T",0.46164,"C","GGCGG",0,0,0.8,0.2
"chr12_32267051","rs11051802","G",0.128307,"C","CCCAC",0.2,0,0,0.8
"chr13_45032951","rs9533859","G",0.113757,"A","CTACT",0.2,0.4,0,0.4
"chr6_143928437","rs9376769","G",0.449735,"A","CCAGC",0.2,0,0.2,0.6
"chr19_35325093","rs78972116","T",0.0330688,"C","AACCC",0.4,0,0,0.6
"chr1_169849141","rs115234612","G",0.103175,"A","GGACT",0.2,0.2,0.4,0.2
"chr14_64923166","rs6573559","T",0.318783,"G","TTGTC",0,0.6,0.2,0.2
"chr1_184576095","rs6696816","C",0.383598,"T","CACAT",0.4,0.2,0,0.4
"chr1_206758077","rs4418597","T",0.152116,"A","CCTCT",0,0.4,0,0.6
"chr16_3105807","rs117271496","A",0.0291005,"G","CTGTG",0,0.4,0.4,0.2
"chr1_163901126","rs115338307","C",0.0171958,"T","ATTTG",0.2,0.6,0.2,0
"chr4_118383484","rs13124987","A",0.246032,"G","CCGCC",0,0,0.2,0.8
"chr9_74983303","rs78034874","T",0.128307,"A","TCATG",0.2,0.4,0.2,0.2
"chr4_71595862","rs114128288","T",0.104497,"G","CAGGC",0.2,0,0.4,0.4
"chr1_180108038","rs9425866","G",0.361111,"T","TGGGT",0,0.4,0.6,0
"chrX_97081211","rs318173","C",0.272884,"A","GCCAT",0.2,0.2,0.2,0.4
"chr12_53391740","rs192870711","G",0.0171958,"A","TCAGC",0.2,0.2,0.2,0.4
"chr1_151908055","rs77426698","A",0.0410053,"G","ACGGT",0.2,0.2,0.4,0.2
"chr17_15222","rs1882989","A",0.481481,"G","CCATG",0.2,0.2,0.2,0.4
"chr5_7868269","rs3733781","G",0.0251323,"A","TGATT",0.2,0.6,0.2,0
"chr6_12575720","rs7770994","G",0.223545,"A","CTAGT",0.2,0.4,0.2,0.2
"chr5_55134685","rs71592657","T",0.0555556,"C","TGCGG",0,0.2,0.6,0.2
"chr22_26843708","rs5761529","C",0.0436508,"T","AACAC",0.6,0,0,0.4
"chr4_76034539","rs59092667","G",0.365079,"T","GGTTC",0,0.4,0.4,0.2
"chr13_74660295","rs9543526","A",0.154762,"G","ACGTG",0.2,0.2,0.4,0.2
"chr11_121048164","rs7105435","C",0.337302,"G","TTGCC",0,0.4,0.2,0.4
"chr4_1727586","rs1665365","T",0.174603,"C","GCCGA",0.2,0,0.4,0.4
"chr6_886631","rs9328461","A",0.294974,"G","CCGCG",0,0,0.4,0.6
"chr2_71112594","rs7565349","A",0.00132275,"G","GCGCT",0,0.2,0.4,0.4
"chr6_74857519","rs4509088","C",0.334656,"T","TCCTC",0,0.4,0,0.6
"chr3_168565325","rs9840592","C",0.390212,"T","CTTAC",0.2,0.4,0,0.4
"chr4_5889117","rs28550375","A",0.497354,"T","CATGG",0.2,0.2,0.4,0.2
"chr16_79839423","rs11863874","A",0.269841,"G","CAAGA",0.6,0,0.2,0.2
"chr8_20239760","rs4922178","T",0.0674603,"A","AAACC",0.6,0,0,0.4
"chr4_25448493","rs7664615","A",0.170635,"G","CCAAC",0.4,0,0,0.6
"chrX_144938850","rs4827599","A",0.398964,"G","GAGGA",0.4,0,0.6,0
"chr1_6635306","rs34160967","A",0.115079,"G","TGGCA",0.2,0.2,0.4,0.2
"chrX_122259889","rs5911516","C",0.284974,"A","CTAAG",0.4,0.2,0.2,0.2
"chr14_79915122","rs74068667","A",0.00132275,"G","GCGTG",0,0.2,0.6,0.2
"chr10_81372687","rs4253519","A",0.284392,"G","GAACC",0.4,0,0.2,0.4
"chr5_113068538","rs1017849","C",0.289683,"T","GGCTT",0,0.4,0.4,0.2
"chr3_134693079","rs7648054","C",0.387566,"T","CATGC",0.2,0.2,0.2,0.4
"chr3_196632487","rs78867011","C",0.0357143,"A","TGAAG",0.4,0.2,0.4,0
"chr3_123110225","rs730521","T",0.00529101,"C","GACGG",0.2,0,0.6,0.2
"chr10_62313176","rs7101298","G",0.281746,"A","TCGTC",0,0.4,0.2,0.4
"chr2_85553784","rs1044973","C",0.469577,"T","GTCCC",0,0.2,0.2,0.6
"chr13_79582636","rs9574344","A",0.436508,"G","ATGCG",0.2,0.2,0.4,0.2
"chrX_37699978","rs3138880","T",0.221071,"C","TACAC",0.4,0.2,0,0.4
"chr10_32418922","rs3006646","T",0.334656,"C","GGCGG",0,0,0.8,0.2
"chr3_186458910","rs5030081","A",0.417989,"G","GAGTA",0.4,0.2,0.4,0
"chr2_235890584","rs77444672","T",0.133598,"C","CCCGT",0,0.2,0.2,0.6
"chr19_23666786","rs56017875","A",0.128307,"C","ATCAA",0.6,0.2,0,0.2
"chr3_98491233","rs9872152","A",0.42328,"G","TAGTG",0.2,0.4,0.4,0
"chr12_52327400","rs10876218","G",0.477513,"C","TGCGT",0,0.4,0.4,0.2
"chr3_3785192","rs73012577","C",0.148148,"A","GGAAG",0.4,0,0.6,0
"chr14_61034186","rs11158291","A",0.0701058,"G","ACACT",0.4,0.2,0,0.4
"chr3_48720303","rs9812977","A",0.112434,"G","CCGGG",0,0,0.6,0.4
"chrX_121367299","rs7884573","A",0.360967,"T","AATGC",0.4,0.2,0.2,0.2
"chr3_121377905","rs78654812","A",0.137566,"C","AGCAT",0.4,0.2,0.2,0.2
"chr10_101438022","rs7918452","A",0.416667,"G","TCGAG",0.2,0.2,0.4,0.2
"chr21_38182432","rs743430","G",0.0740741,"T","TCTTT",0,0.8,0,0.2
"chr8_129356212","rs150616812","G",0.117725,"A","GCACC",0.2,0,0.2,0.6
"chr11_42888679","rs74866076","T",0.0873016,"C","CCCAT",0.2,0.2,0,0.6
"chr12_91933293","rs10859166","C",0.219577,"T","AATTC",0.4,0.4,0,0.2
"chr18_54422900","rs79695593","A",0.015873,"G","CTGGT",0,0.4,0.4,0.2
"chr7_151378090","rs2536092","A",0.0529101,"G","TCAAG",0.4,0.2,0.2,0.2
"chr4_78109214","rs58507229","T",0.0687831,"A","TTAAA",0.6,0.4,0,0
"chr21_35819063","rs3453","C",0.496032,"T","CATAG",0.4,0.2,0.2,0.2
"chr1_226091206","rs360073","A",0.224868,"G","ATATA",0.6,0.4,0,0
"chr12_102284372","rs7315839","A",0.481481,"G","ACATG",0.4,0.2,0.2,0.2
"chr16_82680986","rs58511833","T",0.259259,"C","TGCTG",0,0.4,0.4,0.2
"chr17_81009636","rs57923322","G",0.230159,"T","GCTCT",0,0.4,0.2,0.4
"chr9_73034067","rs77053901","T",0.0780423,"C","GCCTG",0,0.2,0.4,0.4
"chr6_110736610","rs9384742","T",0.493386,"C","ACTCC",0.2,0.2,0,0.6
"chr19_52160765","rs73052830","C",0.133598,"A","TCACT",0.2,0.4,0,0.4
"chr17_14195117","rs8076625","T",0.456349,"C","TACAG",0.4,0.2,0.2,0.2
"chr4_139254659","rs1949231","T",0.124339,"C","CCTTT",0,0.6,0,0.4
"chr2_229918187","rs1409376","G",0.464286,"A","ATAAA",0.8,0.2,0,0
"chr1_47323008","rs56101164","T",0.137566,"G","ATGAA",0.6,0.2,0.2,0
"chr2_167636643","rs6718728","T",0.452381,"C","GGCGA",0.2,0,0.6,0.2
"chr18_77905340","rs56357216","C",0.193122,"T","CCTGC",0,0.2,0.2,0.6
"chr1_173655836","rs60047664","C",0.0026455,"G","TTGGT",0,0.6,0.4,0
"chr1_39582767","rs11205653","G",0.440476,"T","CATGA",0.4,0.2,0.2,0.2
"chr2_86437898","rs13353","C",0.0767196,"T","TACGT",0.2,0.4,0.2,0.2
"chr7_48009019","rs953594","T",0.477513,"A","AAAAC",0.8,0,0,0.2
"chr8_40916681","rs60824649","A",0.462963,"T","TAAAA",0.8,0.2,0,0
"chr3_49032967","rs7434187","C",0.22619,"T","GACTG",0.2,0.2,0.4,0.2
"chr1_237611031","rs12240168","G",0.0489418,"C","ACCTT",0.2,0.4,0,0.4
"chr14_62127958","rs113339878","A",0.10582,"C","GGCGG",0,0,0.8,0.2
"chr3_139278584","rs76298519","G",0.0621693,"C","AACGG",0.4,0,0.4,0.2
"chr11_104283046","rs11226349","A",0.153439,"G","GAGAA",0.6,0,0.4,0
"chr14_75021952","rs55927952","G",0.477513,"A","AGGGG",0.2,0,0.8,0
"chr12_132630672","rs61942923","G",0.0304233,"A","AAATC",0.6,0.2,0,0.2
"chr2_86209153","rs2083167","G",0.332011,"T","TTGTT",0,0.8,0.2,0
"chr12_88585414","rs11104753","A",0.0555556,"G","GTGTT",0,0.6,0.4,0
"chr4_178291257","rs6830385","T",0.40873,"C","AGTAT",0.4,0.4,0.2,0
"chr5_174760654","rs113789876","T",0.0502646,"C","AGCGG",0.2,0,0.6,0.2
"chr3_161523600","rs1436737","A",0.473545,"G","CCGTT",0,0.4,0.2,0.4
"chr10_14276267","rs75613183","C",0.109788,"T","CCTAT",0.2,0.4,0,0.4
"chr3_13626592","rs3773283","C",0.243386,"T","CCTGG",0,0.2,0.4,0.4
"chr13_87273939","rs16943561","A",0.00132275,"G","TCGGG",0,0.2,0.6,0.2
"chr5_61517281","rs4700486","A",0.412698,"G","ATAAT",0.6,0.4,0,0
"chr17_48713180","rs9303560","A",0.42328,"G","AGATT",0.4,0.4,0.2,0
"chr6_107497534","rs9486547","T",0.338624,"C","CCTGC",0,0.2,0.2,0.6
"chr11_75067078","rs11602596","T",0.12963,"A","GTAGC",0.2,0.2,0.4,0.2
"chr4_36467930","rs73235180","G",0.202381,"A","CAATT",0.4,0.4,0,0.2
"chr3_23738205","rs7647097","G",0.425926,"A","ACAGG",0.4,0,0.4,0.2
"chr3_33223941","rs7634210","G",0.164021,"T","AATTG",0.4,0.4,0.2,0
"chr10_48587505","rs9422348","A",0.386243,"C","CCAAA",0.6,0,0,0.4
"chr12_70397568","rs1565724","A",0.259259,"C","GACCC",0.2,0,0.2,0.6
"chr9_135783754","rs9696501","A",0.156085,"G","CAGTC",0.2,0.2,0.2,0.4
"chr9_33646988","rs10971618","A",0.0634921,"G","AGGCG",0.2,0,0.6,0.2
"chr4_105357314","rs72949385","T",0.0026455,"G","TTGCA",0.2,0.4,0.2,0.2
"chr4_2173046","rs62285183","A",0.0515873,"G","CTGAG",0.2,0.2,0.4,0.2
"chr12_20783500","rs10841576","A",0.390212,"T","TGTGA",0.2,0.4,0.4,0
"chr11_121783476","rs10790471","A",0.369048,"G","GAATA",0.6,0.2,0.2,0
"chr3_49895915","rs74685087","T",0.00661376,"C","CCCAG",0.2,0,0.2,0.6
"chr10_116273161","rs11196773","T",0.0185185,"C","CACCT",0.2,0.2,0,0.6
"chr2_95872896","rs77155089","A",0.0330688,"G","AAGGG",0.4,0,0.6,0
"chr5_141684389",".","A",0.453704,"T","ACAAT",0.6,0.2,0,0.2
"chr14_91565855","rs11621928","T",0.170635,"C","GGCGA",0.2,0,0.6,0.2
"chr15_98231297","rs1032955","T",0.367725,"C","TGCGG",0,0.2,0.6,0.2
"chr11_6471722","rs17821052","G",0.238095,"T","AGTCT",0.2,0.4,0.2,0.2
"chr19_11406952","rs374409","G",0.292328,"A","TCAGG",0.2,0.2,0.4,0.2
"chrX_115045444","rs5950523","A",0.421416,"G","CCGAT",0.2,0.2,0.2,0.4
"chr1_161003505","rs35925761","G",0.322751,"A","ACAGG",0.4,0,0.4,0.2
"chr3_124301840","rs73191618","A",0.0886243,"G","TCGTT",0,0.6,0.2,0.2
"chr7_55988536","rs148621665","T",0.0304233,"G","GAGCT",0.2,0.2,0.4,0.2
"chr19_11959564","rs76055312","C",0.0185185,"T","GATGT",0.2,0.4,0.4,0
"chr9_127801357","rs388704","G",0.399471,"T","TCGGC",0,0.2,0.4,0.4
"chr7_148717","rs10245361","G",0.0026455,"C","CTCAA",0.4,0.2,0,0.4
"chr9_136770207","rs2810499","T",0.128307,"G","TGTGC",0,0.4,0.4,0.2
"chr8_16691422","rs611863","A",0.321429,"C","AGAAA",0.8,0,0.2,0
"chr12_121462139","rs2259883","G",0.453704,"C","GGGCC",0,0,0.6,0.4
"chr16_76905595","rs9927065","C",0.244709,"T","GATAA",0.6,0.2,0.2,0
"chr12_31229369","rs4931425","C",0.43254,"A","TCAGT",0.2,0.4,0.2,0.2
"chr14_88935651","rs2274737","G",0.242063,"A","GCATT",0.2,0.4,0.2,0.2
"chr5_171490995","rs112490937","T",0.0145503,"C","GGCGC",0,0,0.6,0.4
"chr18_57183276","rs56374412","T",0.416667,"C","TCCGC",0,0.2,0.2,0.6
"chr15_64294162","rs1993684","G",0.320106,"A","GAACA",0.6,0,0.2,0.2
"chr13_21224501","rs11620505","A",0.126984,"G","AAGAA",0.8,0,0.2,0
"chr11_17406051","rs4757512","C",0.275132,"T","TGTAG",0.2,0.4,0.4,0
"chr9_115867018","rs944301","C",0.322751,"T","TTCAT",0.2,0.6,0,0.2
"chr2_193731708","rs6724781","A",0.371693,"G","TTGTT",0,0.8,0.2,0
"chr17_40450012","rs9896755","C",0.283069,"T","GATGG",0.2,0.2,0.6,0
"chr17_61812655","rs6504177","G",0.400794,"A","GCGTA",0.2,0.2,0.4,0.2
"chr7_138666616","rs115927299","A",0.0277778,"G","CAGGA",0.4,0,0.4,0.2
"chrX_55079193","rs34827440","A",0.00172712,"G","GGGTG",0,0.2,0.8,0
"chr8_103054583","rs1111909","A",0.284392,"G","GCGTC",0,0.2,0.4,0.4
"chr6_162695941","rs190482410","A",0.00925926,"G","CCGTC",0,0.2,0.2,0.6
"chr19_20845766","rs274797","A",0.279101,"G","GTACA",0.4,0.2,0.2,0.2
"chr16_12664090","rs11646611","A",0.126984,"G","CCGGT",0,0.2,0.4,0.4
"chr1_78961651","rs10489787","T",0.205026,"A","TTAAG",0.4,0.4,0.2,0
"chr5_96114493","rs149173","C",0.256614,"T","AATGG",0.4,0.2,0.4,0
"chr5_53944756","rs10940413","T",0.164021,"C","CCCGC",0,0,0.2,0.8
"chr12_122498002","rs28384349","G",0.222222,"C","GCCGG",0,0,0.6,0.4
"chr6_115280985","rs147798527","T",0.0291005,"C","GACTG",0.2,0.2,0.4,0.2
"chr13_103229210","rs1927011","C",0.496032,"A","TACCA",0.4,0.2,0,0.4
"chr12_122286700","rs35633723","T",0.402116,"C","GACGG",0.2,0,0.6,0.2
"chr16_3518350","rs1690444","A",0.22619,"G","TTGGA",0.2,0.4,0.4,0
"chr4_120301499","rs11726097","T",0.287037,"C","CCCGT",0,0.2,0.2,0.6
"chr1_1097291","rs61768478","A",0.30291,"C","GTCGG",0,0.2,0.6,0.2
"chr2_153771817","rs7588442","A",0.191799,"G","AGGTG",0.2,0.2,0.6,0
"chr3_123312228","rs1268623","G",0.198413,"T","TTTTT",0,1,0,0
"chr1_216906200","rs112152791","C",0.0701058,"A","GGAGG",0.2,0,0.8,0
"chr4_57325476","rs58975286","G",0.26455,"A","GTAAG",0.4,0.2,0.4,0
"chr2_221944176","rs6754380","C",0.252646,"G","TAGTC",0.2,0.4,0.2,0.2
"chr1_163268576","rs12738561","A",0.201058,"G","GAGCC",0.2,0,0.4,0.4
"chrX_85493745","rs6524604","C",0.421416,"A","TGAAA",0.6,0.2,0.2,0
"chr2_227802354","rs4675124","G",0.469577,"A","CCGTG",0,0.2,0.4,0.4
"chr14_64069431","rs10142782","A",0.0410053,"G","GCGGT",0,0.2,0.6,0.2
"chr10_60038940","rs1867572","A",0.208995,"C","CACAA",0.6,0,0,0.4
"chr11_14476402","rs2256884","A",0.369048,"T","GGAGT",0.2,0.2,0.6,0
"chr8_8678644",".","A",0.202381,"C","TGCGA",0.2,0.2,0.4,0.2
"chr1_1033999","rs4970353","C",0.433862,"T","AACTT",0.4,0.4,0,0.2
"chr11_25871796","rs68020530","T",0.260582,"C","TACAT",0.4,0.4,0,0.2
"chr8_1860707","rs6994401","G",0.469577,"C","CTGTC",0,0.4,0.2,0.4
"chr10_100013563","rs7086391","T",0.219577,"C","GGCGG",0,0,0.8,0.2
"chr12_48583632","rs10875765","C",0.251323,"T","TATAT",0.4,0.6,0,0
"chr10_104308193","rs11594073","T",0.395503,"C","CGTGG",0,0.2,0.6,0.2
"chr16_3515279","rs37766","G",0.25,"A","AAAAA",1,0,0,0
"chr22_39130971","rs9835","G",0.367725,"A","CCAGA",0.4,0,0.2,0.4
"chr3_14702272","rs2053017","A",0.35582,"G","ATGTA",0.4,0.4,0.2,0
"chr10_37425688","rs34201748","C",0.0502646,"G","ATGTG",0.2,0.4,0.4,0
"chr11_105892151","rs2236663","G",0.194444,"A","CTAAA",0.6,0.2,0,0.2
"chr14_101706094","rs883760","A",0.111111,"C","TCCTC",0,0.4,0,0.6
"chr5_122025741","rs7720595","A",0.470899,"G","ACGGA",0.4,0,0.4,0.2
"chr3_27098212","rs11927177","T",0.0251323,"C","AGCGT",0.2,0.2,0.4,0.2
"chr1_112296525","rs197387","G",0.116402,"A","TCAAA",0.6,0.2,0,0.2
"chr15_29036679","rs4966343","C",0.448413,"T","TATGG",0.2,0.4,0.4,0
"chr19_15201428","rs73008840","G",0.18254,"A","GGATC",0.2,0.2,0.4,0.2
"chr22_39500932","rs139318","A",0.478836,"G","GAGGT",0.2,0.2,0.6,0
"chr1_74707594","rs792323","T",0.152116,"C","GGCGC",0,0,0.6,0.4
"chr14_76585117","rs8019517","C",0.466931,"T","CCTTG",0,0.4,0.2,0.4
"chr5_162858620","rs55864007","T",0.451058,"A","AAATA",0.8,0.2,0,0
"chr18_11573793","rs12960676","C",0.443122,"G","CACGA",0.4,0,0.2,0.4
"chr8_223682","rs11995670","G",0.359788,"A","CCGGG",0,0,0.6,0.4
"chr4_52932320","rs73248606","A",0.0489418,"T","GTTTT",0,0.8,0.2,0
"chr3_193731214","rs150040718","A",0.0277778,"C","TGCAT",0.2,0.4,0.2,0.2
"chr20_4020545","rs6052260","T",0.179894,"C","CCCGA",0.2,0,0.2,0.6
"chr7_95046708","rs2299264","T",0.256614,"C","AGCGG",0.2,0,0.6,0.2
"chr4_980932","rs10902762","A",0.433862,"G","GCGCC",0,0,0.4,0.6
"chr4_118050790","rs72679462","T",0.116402,"C","GGCGC",0,0,0.6,0.4
"chr10_42514003","rs12779920","C",0.0820106,"T","TGTCT",0,0.6,0.2,0.2
"chr7_38935399","rs758088","C",0.108466,"T","TACAC",0.4,0.2,0,0.4
"chr2_44832856","rs10445928","C",0.363757,"A","TGCGA",0.2,0.2,0.4,0.2
"chr14_21976476","rs1268403","C",0.243386,"T","CATAT",0.4,0.4,0,0.2
"chr13_75897835","rs724543","G",0.376984,"A","CCATA",0.4,0.2,0,0.4
"chr1_46248645","rs4626927","T",0.448413,"C","TTCTC",0,0.6,0,0.4
"chr12_16355504","rs7314002","C",0.488095,"T","AGCAT",0.4,0.2,0.2,0.2
"chr8_56894167","rs2667982","G",0.228836,"T","TCTGC",0,0.4,0.2,0.4
"chr9_127063459","rs10818940","T",0.310847,"C","GTCTG",0,0.4,0.4,0.2
"chr4_65172087","rs1483723","T",0.239418,"A","GCTGA",0.2,0.2,0.4,0.2
"chr17_80110159","rs3922470","T",0.289683,"C","CCCTC",0,0.2,0,0.8
"chr17_42394461","rs850719","A",0.37963,"G","CCACC",0.2,0,0,0.8
"chr9_107881188","rs10118618","G",0.220899,"A","CCATC",0.2,0.2,0,0.6
"chr14_81442069","rs59431750","G",0.222222,"A","TGAAT",0.4,0.4,0.2,0
"chr1_36874044","rs79288050","C",0.179894,"T","AGTTG",0.2,0.4,0.4,0
"chr12_14368266","rs112921847","A",0.0674603,"G","GTGAG",0.2,0.2,0.6,0
"chr16_74401675","rs145142931","G",0.121693,"C","CCCGG",0,0,0.4,0.6
"chr12_11287644","rs2597923","C",0.470899,"T","CACGA",0.4,0,0.2,0.4
"chr11_14285900","rs4756786","A",0.320106,"C","ACCCA",0.4,0,0,0.6
"chr6_96099133","rs6569257","T",0.201058,"C","GGTGG",0,0.2,0.8,0
"chr19_20140366","rs9304964","T",0.190476,"C","CATAC",0.4,0.2,0,0.4
"chr9_90036914",".","G",0.472222,"C","TCCCC",0,0.2,0,0.8
"chr21_34150922","rs1892582","G",0.261905,"T","AAGAT",0.6,0.2,0.2,0
"chr19_15170345","rs62115009","T",0.0806878,"C","GGCCC",0,0,0.4,0.6
"chr17_16998068","rs141099920","A",0.0383598,"G","AGGTA",0.4,0.2,0.4,0
"chr12_90260055","rs2553097","A",0.387566,"G","AAGTG",0.4,0.2,0.4,0
"chr5_45068296","rs62369897","T",0.218254,"A","CAAAA",0.8,0,0,0.2
"chr5_96287019","rs78063942","A",0.0185185,"G","CAGTG",0.2,0.2,0.4,0.2
"chr7_12356118","rs2110802","A",0.478836,"G","GTAGG",0.2,0.2,0.6,0
"chr12_68967492","rs2956532","C",0.383598,"T","CATAG",0.4,0.2,0.2,0.2
"chr6_160492350","rs73023687","A",0.107143,"G","CTGGG",0,0.2,0.6,0.2
"chr6_63927084","rs116110809","A",0.0529101,"C","CACCC",0.2,0,0,0.8
"chr2_74063518","rs7588498","A",0.232804,"C","CCCCT",0,0.2,0,0.8
"chr1_144924363","rs112298300","G",0.0727513,"A","TAATT",0.4,0.6,0,0
"chr16_87850063","rs4442821","G",0.456349,"C","CCGAG",0.2,0,0.4,0.4
"chr6_129527259","rs56056339","G",0.0436508,"A","GGAAG",0.4,0,0.6,0
"chr1_96305998","rs12129959","T",0.414021,"C","TGCTG",0,0.4,0.4,0.2
"chr14_45042018","rs72669173","A",0.313492,"C","CCCTC",0,0.2,0,0.8
"chr1_42105182","rs10789406","A",0.402116,"C","CCAGT",0.2,0.2,0.2,0.4
"chr19_38487606","rs833900","C",0.277778,"T","TGCGA",0.2,0.2,0.4,0.2
"chr6_32133361","rs534209426","G",0.00529101,"A","AAAAA",1,0,0,0
"chr2_48822381","rs2140551","G",0.460317,"A","AAGAA",0.8,0,0.2,0
"chr5_99741222","rs72660727","A",0.0145503,"G","ATGGG",0.2,0.2,0.6,0
"chr11_6502780",".","A",0.190476,"C","TGCGA",0.2,0.2,0.4,0.2
"chr14_71083307","rs57339942","A",0.10582,"T","CATTC",0.2,0.4,0,0.4
"chr22_50628996","rs56036086","A",0.124339,"G","CCGGC",0,0,0.4,0.6
"chr8_98320930","rs117780640","G",0.133598,"C","ACCGA",0.4,0,0.2,0.4
"chr7_150435443","rs9657890","T",0.309524,"C","GACGC",0.2,0,0.4,0.4
"chr3_109283828","rs2701069","G",0.281746,"A","AAATT",0.6,0.4,0,0
"chr2_164883444","rs35021143","T",0.0753968,"C","TGCCC",0,0.2,0.2,0.6
"chr21_46003623","rs459667","T",0.0277778,"C","GACGT",0.2,0.2,0.4,0.2
"chr1_1116311","rs12096125","G",0.296296,"A","GCACC",0.2,0,0.2,0.6
"chr17_32115001","rs7209383","A",0.366402,"G","CTATT",0.2,0.6,0,0.2
"chr20_929136","rs476339","T",0.417989,"C","CTCAT",0.2,0.4,0,0.4
"chr12_20566815","rs1348583","A",0.301587,"G","AGAGT",0.4,0.2,0.4,0
"chr10_98386558","rs4344416","G",0.0634921,"A","CAGGT",0.2,0.2,0.4,0.2
"chr10_115760082","rs413920","G",0.486772,"C","TAGGC",0.2,0.2,0.4,0.2
"chr20_20054076","rs6035542","G",0.0687831,"A","GAAGT",0.4,0.2,0.4,0
"chr16_21599056","rs79638823","T",0.0661376,"G","TTGTC",0,0.6,0.2,0.2
"chr1_109496431","rs138501286","A",0.0714286,"G","TCGAG",0.2,0.2,0.4,0.2
"chr3_124350039","rs76851232","G",0.0238095,"C","GGCTT",0,0.4,0.4,0.2
"chr10_88465426","rs111668579","T",0.00793651,"C","CCCGT",0,0.2,0.2,0.6
"chrX_46365875","rs5906220","A",0.331606,"G","CTGTG",0,0.4,0.4,0.2
"chr17_48129078","rs73330511","T",0.026455,"C","CCCCT",0,0.2,0,0.8
"chr7_122202815","rs73433769","T",0.021164,"G","GTGTG",0,0.4,0.6,0
"chr4_87334732","rs10031237","T",0.0568783,"C","CCCGG",0,0,0.4,0.6
"chr12_21140485","rs6487195","G",0.0661376,"C","TCCCA",0.2,0.2,0,0.6
"chrX_63719961","rs5964794","C",0.00863558,"T","TGTGT",0,0.6,0.4,0
"chr11_2548175","rs2283155","C",0.42328,"T","ATCTC",0.2,0.4,0,0.4
"chr1_241412267","rs2815867","G",0.378307,"A","TCGCC",0,0.2,0.2,0.6
"chr5_72452058","rs78074691","A",0.138889,"G","GGGTT",0,0.4,0.6,0
"chr6_158076405","rs649155","T",0.417989,"A","ACTCT",0.2,0.4,0,0.4
"chr17_71253023","rs9900555","A",0.436508,"G","CCGGG",0,0,0.6,0.4
"chr7_140390656","rs12375245","A",0.0846561,"G","ACGGG",0.2,0,0.6,0.2
"chr18_2566528","rs34108187","C",0.219577,"G","TTGTT",0,0.8,0.2,0
"chr21_43723636","rs73364691","C",0.047619,"T","TCTCT",0,0.6,0,0.4
"chr16_31117698","rs55766044","T",0.272487,"C","TCCGC",0,0.2,0.2,0.6
"chrX_11173501","rs193129732","T",0.0276339,"C","AACTT",0.4,0.4,0,0.2
"chr3_182541341","rs10049141","T",0.369048,"C","TGTCT",0,0.6,0.2,0.2
"chr12_117595930","rs2279765","A",0.214286,"G","GCGGC",0,0,0.6,0.4
"chr18_56072906","rs4488539","C",0.382275,"T","CCTGA",0.2,0.2,0.2,0.4
"chr11_58102620","rs7117244","A",0.369048,"G","TAACC",0.4,0.2,0,0.4
"chr17_59476415","rs1476781","T",0.193122,"C","GATCC",0.2,0.2,0.2,0.4
"chr16_89786761","rs56283750","C",0.358466,"T","AGCAG",0.4,0,0.4,0.2
"chr6_28129580","rs9357065","C",0.195767,"T","GCTCA",0.2,0.2,0.2,0.4
"chr17_636947","rs2295480","G",0.285714,"T","TGTGC",0,0.4,0.4,0.2
"chr6_34542662","rs2395597","C",0.276455,"T","GATCT",0.2,0.4,0.2,0.2
"chr7_141480936","rs17464086","A",0.464286,"G","CTGGG",0,0.2,0.6,0.2
"chr11_83905979","rs12800591","A",0.0608466,"G","CCGCG",0,0,0.4,0.6
"chr10_1660611","rs74955756","A",0.165344,"C","AACCC",0.4,0,0,0.6
"chr11_44589253","rs79427195","G",0.0357143,"C","CCCAC",0.2,0,0,0.8
"chr3_98962067","rs58030541","C",0.305556,"T","ATTAC",0.4,0.4,0,0.2
"chr6_73959534","rs9446876","A",0.152116,"G","TCGTG",0,0.4,0.4,0.2
"chr13_110831837","rs2131939","A",0.12963,"G","GCGTA",0.2,0.2,0.4,0.2
"chr4_16094892","rs12513127","C",0.482804,"G","CACAG",0.4,0,0.2,0.4
"chr3_168954380",".","A",0.0502646,"G","AAGAA",0.8,0,0.2,0
"chr9_38381308","rs10973772","T",0.373016,"G","GAGTG",0.2,0.2,0.6,0
"chr1_120148875","rs78799355","T",0.104497,"C","GCCGT",0,0.2,0.4,0.4
"chr10_99206536","rs112614003","T",0.0568783,"G","GAGCG",0.2,0,0.6,0.2
"chrX_48402258","rs56202270","C",0.322971,"T","AGTGA",0.4,0.2,0.4,0
"chr8_66907824","rs145380358","A",0.0608466,"G","ATGGT",0.2,0.4,0.4,0
"chr20_17602028","rs2236253","T",0.242063,"C","CCTGC",0,0.2,0.2,0.6
"chrX_140273959","rs4824993","T",0.455959,"C","AACAT",0.6,0.2,0,0.2
"chr11_79455538","rs73510988","T",0.00925926,"G","GTGTT",0,0.6,0.4,0
"chr11_18656932","rs2084220","C",0.280423,"T","CGCGG",0,0,0.6,0.4
"chr4_17859768","rs12233810","T",0.283069,"C","GACGT",0.2,0.2,0.4,0.2
"chr1_109693102","rs489369","G",0.322751,"C","GGGTC",0,0.2,0.6,0.2
"chr5_125914697","rs62391530","C",0.0634921,"T","TCTTC",0,0.6,0,0.4
"chr10_20619385","rs6482117","A",0.272487,"G","CCAGA",0.4,0,0.2,0.4
"chr1_102577047","rs11164384","A",0.207672,"G","GCATA",0.4,0.2,0.2,0.2
"chr11_16395419","rs145063543","G",0.101852,"A","GGAAG",0.4,0,0.6,0
"chr21_15436120","rs118147026","T",0.0753968,"C","GCCGC",0,0,0.4,0.6
"chr20_62152519","rs72629024","G",0.138889,"C","GCCGG",0,0,0.6,0.4
"chr16_2713728","rs12185166","T",0.256614,"C","CCCGT",0,0.2,0.2,0.6
"chr1_8537289","rs1884352","G",0.410053,"A","GTGTA",0.2,0.4,0.4,0
"chr6_65599573","rs142228510","G",0.0383598,"T","ACTTC",0.2,0.4,0,0.4
"chr5_145493265","rs12188941","T",0.25,"A","TTAAA",0.6,0.4,0,0
"chr17_29876521","rs115007920","C",0.00529101,"G","GAGCC",0.2,0,0.4,0.4
"chr6_56933942","rs9349843","A",0.231481,"G","ATGCT",0.2,0.4,0.2,0.2
"chr19_54430257","rs113216711","T",0.128307,"C","CCCAG",0.2,0,0.2,0.6
"chr16_3322450","rs72774490","A",0.257937,"G","GGGGA",0.2,0,0.8,0
"chr20_36298194","rs73906121","G",0.0740741,"A","GAAGC",0.4,0,0.4,0.2
"chr5_58964278","rs115462448","A",0.0304233,"G","CTGTA",0.2,0.4,0.2,0.2
"chr2_5696463","rs72778428","T",0.0343915,"C","CTCGT",0,0.4,0.2,0.4
"chr7_7221968","rs758263","G",0.437831,"T","AATGC",0.4,0.2,0.2,0.2
"chr9_112277740","rs10124300","A",0.444444,"C","ATATA",0.6,0.4,0,0
"chr14_80616544","rs1491502","C",0.433862,"T","TACGC",0.2,0.2,0.2,0.4
"chr7_95256106","rs7778272","G",0.410053,"C","CTCTA",0.2,0.4,0,0.4
"chr1_62242938","rs7528744","C",0.0701058,"T","TACTT",0.2,0.6,0,0.2
"chr1_247346547","rs10924947","T",0.260582,"C","CTCGG",0,0.2,0.4,0.4
"chr3_9888113","rs71314367","T",0.0582011,"C","GGCAG",0.2,0,0.6,0.2
"chr3_101170068","rs4264711","A",0.301587,"G","TAGTA",0.4,0.4,0.2,0
"chr14_83344991","rs11159562","C",0.248677,"A","AGAAC",0.6,0,0.2,0.2
"chr5_72386784","rs10462337","T",0.181217,"C","GGCGC",0,0,0.6,0.4
"chr1_68524249","rs2435843","C",0.0185185,"T","AGTGA",0.4,0.2,0.4,0
"chr1_153604519","rs3818632","G",0.469577,"A","CCGAT",0.2,0.2,0.2,0.4
"chr11_2426984","rs2301696","G",0.439153,"C","GTGAG",0.2,0.2,0.6,0
"chr11_63382935","rs60027303","T",0.00132275,"G","TTTTG",0,0.8,0.2,0
"chr3_145522","rs12636620","C",0.167989,"G","GAGTA",0.4,0.2,0.4,0
"chr15_76801915","rs143435134","A",0.0119048,"G","AAGTA",0.6,0.2,0.2,0
"chr6_31637807","rs4569","T",0.310847,"C","ATCGT",0.2,0.4,0.2,0.2
"chr3_3723840","rs711570","T",0.130952,"G","GTGTG",0,0.4,0.6,0
"chr16_1256085","rs11646893","T",0.0978836,"C","CTCGC",0,0.2,0.2,0.6
"chr20_49152672","rs117279022","T",0.0515873,"C","TCCTT",0,0.6,0,0.4
"chr13_21586044","rs572224","G",0.275132,"T","CCTCA",0.2,0.2,0,0.6
"chr12_112648981","rs10161225","C",0.255291,"T","CCTCA",0.2,0.2,0,0.6
"chr17_788982","rs138074319","A",0.00925926,"G","GCGCA",0.2,0,0.4,0.4
"chr19_58379986","rs10406133","T",0.284392,"C","GGCGC",0,0,0.6,0.4
"chr9_130859332","rs9695803","C",0.107143,"T","TACGA",0.4,0.2,0.2,0.2
"chr10_81813407","rs11813172","A",0.201058,"G","GGGAA",0.4,0,0.6,0
"chr1_120120562","rs11487673","G",0.203704,"A","TCAGT",0.2,0.4,0.2,0.2
"chr17_1419405","rs116897217","A",0.0291005,"T","GATGT",0.2,0.4,0.4,0
"chr5_168868711","rs7443466","A",0.35582,"G","AAGGT",0.4,0.2,0.4,0
"chr17_3564073","rs3826496","G",0.224868,"A","GCATT",0.2,0.4,0.2,0.2
"chr2_55180965","rs4671998","G",0.103175,"A","GCGGT",0,0.2,0.6,0.2
"chr12_120210270","rs203331","C",0.472222,"A","AAACC",0.6,0,0,0.4
"chr6_125315908","rs12203925","T",0.037037,"G","ATGCT",0.2,0.4,0.2,0.2
"chr4_175279425","rs4428259","T",0.383598,"C","ACCAA",0.6,0,0,0.4
"chr20_38145371","rs6129354","C",0.451058,"G","AAGCC",0.4,0,0.2,0.4
"chr19_30285374","rs147887656","T",0.0145503,"C","GGCCA",0.2,0,0.4,0.4
"chr6_29909510","rs9260096","C",0.452381,"T","GGCAA",0.4,0,0.4,0.2
"chr6_2876535","rs318429","G",0.398148,"A","ACGCC",0.2,0,0.2,0.6
"chr3_150948356","rs1980143","C",0.48545,"T","CACGC",0.2,0,0.2,0.6
"chr9_126179603","rs10123099","G",0.207672,"C","GACAC",0.4,0,0.2,0.4
"chr2_160256328","rs2193922","G",0.453704,"A","ACATG",0.4,0.2,0.2,0.2
"chr4_110802275","rs62327581","G",0.113757,"A","GGAAT",0.4,0.2,0.4,0
"chr7_22859093","rs10259561","A",0.376984,"G","GCGAT",0.2,0.2,0.4,0.2
"chr20_52469400","rs6068691","A",0.482804,"G","GTGGC",0,0.2,0.6,0.2
"chr12_10581607","rs2734423","G",0.412698,"A","CAGTG",0.2,0.2,0.4,0.2
"chr5_78400278","rs1274984","A",0.437831,"G","AAAAA",1,0,0,0
"chr4_142804427","rs28523399","C",0.314815,"T","CCTGG",0,0.2,0.4,0.4
"chr7_38481357","rs58619915","C",0.141534,"A","ATATA",0.6,0.4,0,0
"chr2_55811672","rs34129478","T",0.15873,"C","GTCAT",0.2,0.4,0.2,0.2
"chr17_33332177","rs1003918","A",0.482804,"G","GGGGA",0.2,0,0.8,0
"chr14_20686621","rs7141667","A",0.104497,"G","CCGCG",0,0,0.4,0.6
"chr12_99276638","rs149848","T",0.190476,"C","AACGA",0.6,0,0.2,0.2
"chr8_26093820","rs9314320","A",0.481481,"G","GCGTG",0,0.2,0.6,0.2
"chr11_83493425","rs11233743","A",0.448413,"G","GAGTG",0.2,0.2,0.6,0
"chr8_11789621","rs12114505","T",0.287037,"G","GAGGC",0.2,0,0.6,0.2
"chr9_22090416","rs10965230","T",0.0224868,"C","AACGG",0.4,0,0.4,0.2
"chr6_27171700","rs34783558","C",0.14418,"T","TATGA",0.4,0.4,0.2,0
"chr18_58997026","rs7243203","A",0.296296,"G","TCAGA",0.4,0.2,0.2,0.2
"chr1_155178782","rs760077","A",0.374339,"T","ACACT",0.4,0.2,0,0.4
"chr9_2327511","rs145286538","G",0.165344,"A","ATAGA",0.6,0.2,0.2,0
"chr2_188121367","rs28558777","G",0.478836,"T","CATGA",0.4,0.2,0.2,0.2
"chr6_162382734","rs1784594","G",0.392857,"A","GCAAG",0.4,0,0.4,0.2
"chr6_148843488","rs1147856","T",0.166667,"A","TTTAA",0.4,0.6,0,0
"chr10_97694377","rs61075650","A",0.330688,"G","AGGGC",0.2,0,0.6,0.2
"chr2_130731298","rs4662673","G",0.308201,"A","TCGTA",0.2,0.4,0.2,0.2
"chr5_72872180","rs1220623","T",0.21164,"C","ACCTT",0.2,0.4,0,0.4
"chr16_71316057","rs1424145","A",0.309524,"G","CAATA",0.6,0.2,0,0.2
"chr8_111071758","rs10106647","G",0.0026455,"A","ACATG",0.4,0.2,0.2,0.2
"chr20_4667950","rs1894284","C",0.28836,"G","AGGGG",0.2,0,0.8,0
"chr10_33665183","rs61843257","C",0.0621693,"G","GTGTT",0,0.6,0.4,0
"chr5_114781573","rs112785509","C",0.14418,"G","GGGAT",0.2,0.2,0.6,0
"chr6_154718878","rs4576262","A",0.179894,"C","TGCAC",0.2,0.2,0.2,0.4
"chr10_114517447","rs12411536","C",0.246032,"T","TGTTG",0,0.6,0.4,0
"chr4_185276785","rs17623989","G",0.0291005,"A","CCAGT",0.2,0.2,0.2,0.4
"chr1_184014593","rs1327123","C",0.332011,"G","ATGAT",0.4,0.4,0.2,0
"chr7_56132122","rs3813505","T",0.219577,"C","CGCTC",0,0.2,0.2,0.6
"chr12_133353143","rs12370076","A",0.321429,"G","CCGCA",0.2,0,0.2,0.6
"chr20_50134683","rs6021264","G",0.0714286,"A","CAATT",0.4,0.4,0,0.2
"chr8_23131717","rs62501149","A",0.281746,"T","TATTG",0.2,0.6,0.2,0
"chr9_101878622","rs10760673","A",0.208995,"G","GCGAG",0.2,0,0.6,0.2
"chr18_10447024","rs72979943","A",0.0952381,"C","GGCTC",0,0.2,0.4,0.4
"chr19_52591699","rs60337065","A",0.100529,"C","AACTA",0.6,0.2,0,0.2
"chr6_10525072","rs190989868","C",0.0185185,"A","CCAAA",0.6,0,0,0.4
"chr19_5145356","rs10409589","T",0.202381,"C","GGCCG",0,0,0.6,0.4
"chr12_42682351","rs12371762","T",0.42328,"C","AGCGC",0.2,0,0.4,0.4
"chr8_11795373","rs34657250","G",0.468254,"A","ACAGG",0.4,0,0.4,0.2
"chrX_38406285","rs5963065","A",0.0846287,"T","CATCA",0.4,0.2,0,0.4
"chr22_30986350","rs5753220","C",0.239418,"T","TCTTT",0,0.8,0,0.2
"chr18_77784607","rs9959394","A",0.347884,"G","CCGGG",0,0,0.6,0.4
"chr8_21315016","rs142120150","C",0.0410053,"G","CTGTC",0,0.4,0.2,0.4
"chr5_153562110","rs6896445","T",0.466931,"G","GTTCC",0,0.4,0.2,0.4
"chr1_228617200","rs78358061","A",0.0793651,"G","GCGGA",0.2,0,0.6,0.2
"chr1_246582785","rs6680446","A",0.300265,"G","GCGTG",0,0.2,0.6,0.2
"chr17_8073296","rs6503089","T",0.339947,"C","ACTTG",0.2,0.4,0.2,0.2
"chr12_56973143","rs2950391","A",0.140212,"G","GCGGT",0,0.2,0.6,0.2
"chr7_42972449","rs774082","C",0.175926,"T","AGCTC",0.2,0.2,0.2,0.4
"chr12_49117551","rs11168703","C",0.275132,"T","TATGT",0.2,0.6,0.2,0
"chr7_136560479","rs35736030","C",0.0925926,"T","CATAG",0.4,0.2,0.2,0.2
"chr4_882845","rs9328759","C",0.162698,"T","GGCGC",0,0,0.6,0.4
"chr1_245211973","rs10803257","C",0.365079,"G","CTCCC",0,0.2,0,0.8
"chr1_49392902","rs12757082","A",0.280423,"G","GGGCT",0,0.2,0.6,0.2
"chr16_49805612","rs4785189","A",0.478836,"G","ACGTG",0.2,0.2,0.4,0.2
"chr2_1100301","rs7575165","C",0.140212,"G","GCGTG",0,0.2,0.6,0.2
"chr1_1094063","rs7551688","C",0.306878,"T","CTTGG",0,0.4,0.4,0.2
"chrX_10104606","rs3815014","T",0.231434,"C","GACTA",0.4,0.2,0.2,0.2
"chr5_180229950","rs62407768","G",0.107143,"C","GGCCC",0,0,0.4,0.6
"chr6_108781468","rs9486889","T",0.439153,"G","GAGAG",0.4,0,0.6,0
"chr19_21451565","rs7252759","T",0.473545,"C","ACTGC",0.2,0.2,0.2,0.4
"chr21_38445069","rs2298683","T",0.5,"C","GATAG",0.4,0.2,0.4,0
"chr1_236308543","rs7549800","T",0.378307,"A","CCTTC",0,0.4,0,0.6
"chr22_20306716","rs2280116","T",0.448413,"A","TTAGG",0.2,0.4,0.4,0
"chr8_61541273","rs631408","C",0.390212,"T","TGTGT",0,0.6,0.4,0
"chr6_167900615","rs9505729","G",0.313492,"T","TGTGG",0,0.4,0.6,0
"chr19_563639","rs12608452","C",0.154762,"T","TCTGC",0,0.4,0.2,0.4
"chr5_93233128","rs28645862","C",0.141534,"G","GAGAA",0.6,0,0.4,0
"chr17_4931553","rs1056626","T",0.0873016,"G","GAGCT",0.2,0.2,0.4,0.2
"chr5_140057535","rs2230361","A",0.0674603,"G","TCGCA",0.2,0.2,0.2,0.4
"chr10_115400958","rs1539592","C",0.391534,"T","AGCCT",0.2,0.2,0.2,0.4
"chr5_174430344","rs28669813","C",0.338624,"T","AGTTT",0.2,0.6,0.2,0
"chr7_152274994","rs6464248","A",0.234127,"G","CTATG",0.2,0.4,0.2,0.2
"chr6_25660510","rs10946788","A",0.291005,"G","CCGTC",0,0.2,0.2,0.6
"chr13_35166556","rs9529313","C",0.329365,"T","TGTGA",0.2,0.4,0.4,0
"chr1_26146514","rs1127818","G",0.492063,"C","GAGCT",0.2,0.2,0.4,0.2
"chr16_5009232","rs78937023","T",0.116402,"C","CCCGA",0.2,0,0.2,0.6
"chr18_54067426","rs302072","C",0.474868,"A","GCACT",0.2,0.2,0.2,0.4
"chr14_23504021","rs11543947","A",0.0595238,"G","ACGAC",0.4,0,0.2,0.4
"chr8_11870184","rs147408428","T",0.0277778,"C","CTCTG",0,0.4,0.2,0.4
"chr11_14456106","rs10832261","C",0.255291,"T","TCTCA",0.2,0.4,0,0.4
"chr6_31239157","rs28367580","G",0.037037,"C","CCCCG",0,0,0.2,0.8
"chr14_74899297","rs2058125","A",0.458995,"G","ACGCC",0.2,0,0.2,0.6
"chr11_26167780","rs3114687","C",0.350529,"T","TCTCA",0.2,0.4,0,0.4
"chr3_53264160","rs6782597","A",0.390212,"G","CCAGG",0.2,0,0.4,0.4
"chr5_111366581","rs469316","C",0.305556,"A","AGAAC",0.6,0,0.2,0.2
"chr9_75544299","rs722921","T",0.497354,"A","TTTGT",0,0.8,0.2,0
"chr4_90783545","rs1871399","G",0.386243,"C","TCCTA",0.2,0.4,0,0.4
"chr8_19141880","rs55846624","G",0.37963,"C","AAGAT",0.6,0.2,0.2,0
"chr9_100987622","rs7868451","G",0.354497,"A","GTATG",0.2,0.4,0.4,0
"chr2_67680256","rs7606757","G",0.246032,"T","ATTTG",0.2,0.6,0.2,0
"chr18_9092409","rs4797354","T",0.25,"C","TATAG",0.4,0.4,0.2,0
"chr12_19489251","rs58504078","T",0.0621693,"C","AGCAG",0.4,0,0.4,0.2
"chr15_75283483","rs59605888","C",0.191799,"T","CTTTC",0,0.6,0,0.4
"chr4_48048716","rs7674929","C",0.214286,"T","TATCT",0.2,0.6,0,0.2
"chr12_66816697","rs61069255","A",0.202381,"T","TGTGG",0,0.4,0.6,0
"chr16_72672653","rs72803199","A",0.261905,"T","TTTAA",0.4,0.6,0,0
"chr15_54252404","rs1478176","A",0.436508,"T","TATGT",0.2,0.6,0.2,0
"chr22_20137723","rs139050179","T",0.146825,"C","CCCGG",0,0,0.4,0.6
"chr5_88652779","rs1816254","A",0.0925926,"G","TGGTG",0,0.4,0.6,0
"chr4_30320702","rs28444748","C",0.208995,"T","AATGG",0.4,0.2,0.4,0
"chr11_64947279","rs34281454","C",0.312169,"A","CCAAC",0.4,0,0,0.6
"chr2_143622667","rs192601807","G",0.0542328,"T","GATCC",0.2,0.2,0.2,0.4
"chr14_53819364","rs1255312","C",0.47619,"T","GATGG",0.2,0.2,0.6,0
"chr4_83817816","rs6855151","T",0.443122,"C","AATTG",0.4,0.4,0.2,0
"chr1_179555365","rs6677468","T",0.223545,"C","GCCGC",0,0,0.4,0.6
"chr11_1607470","rs7116333","A",0.458995,"C","CCAGG",0.2,0,0.4,0.4
"chr1_155100265","rs11264331","G",0.457672,"A","CCAGG",0.2,0,0.4,0.4
"chr17_40704563","rs2830","G",0.481481,"A","CAGCA",0.4,0,0.2,0.4
"chr2_223436402","rs3768973","C",0.259259,"T","CACTG",0.2,0.2,0.2,0.4
"chr7_81642949","rs37136","T",0.433862,"C","AACTG",0.4,0.2,0.2,0.2
"chr11_2978731","rs7930353","T",0.0978836,"C","AACAA",0.8,0,0,0.2
"chr14_104511436","rs11627297","T",0.260582,"C","CACGC",0.2,0,0.2,0.6
"chr6_23461920","rs199010","T",0.276455,"G","TCGAC",0.2,0.2,0.2,0.4
"chr1_35817989","rs74362546","G",0.0648148,"A","GCACA",0.4,0,0.2,0.4
"chr19_1207280","rs3764641","T",0.0820106,"C","TCCTC",0,0.4,0,0.6
"chr3_48564507","rs6806059","G",0.0343915,"A","CCAGC",0.2,0,0.2,0.6
"chr18_72962473","rs7226920","T",0.190476,"C","GCTGG",0,0.2,0.6,0.2
"chr3_9704537","rs12495036","C",0.101852,"G","TTGTC",0,0.6,0.2,0.2
"chr9_97217275","rs6479545","A",0.14418,"G","ATGCC",0.2,0.2,0.2,0.4
"chr17_73949045","rs2467099","T",0.228836,"C","ACCAC",0.4,0,0,0.6
"chr6_152942064","rs1744382","A",0.305556,"G","ACACA",0.6,0,0,0.4
"chr1_91617780","rs146408095","C",0.042328,"T","GGTGG",0,0.2,0.8,0
"chr5_174095588","rs62394481","A",0.113757,"G","CAGTG",0.2,0.2,0.4,0.2
"chr16_79649394","rs7196953","A",0.309524,"G","CCATA",0.4,0.2,0,0.4
"chr8_82532720","rs7827653","T",0.171958,"C","CTCAT",0.2,0.4,0,0.4
"chr16_67810873","rs11860715","G",0.0410053,"A","TTAGG",0.2,0.4,0.4,0
"chr17_15686346","rs11078314","G",0.298942,"C","TCCCG",0,0.2,0.2,0.6
"chr2_37466846","rs12622740","G",0.437831,"A","GTGTT",0,0.6,0.4,0
"chr9_112875218","rs62578863","T",0.0753968,"G","AGGTT",0.2,0.4,0.4,0
"chr8_49647910","rs3750259","C",0.39418,"A","GACGT",0.2,0.2,0.4,0.2
"chr3_121542898","rs2331964","T",0.388889,"C","GATGA",0.4,0.2,0.4,0
"chr18_14627484","rs2646490","T",0.0687831,"G","TAGGC",0.2,0.2,0.4,0.2
"chr7_48721568","rs13234438","G",0.0661376,"A","CTAAG",0.4,0.2,0.2,0.2
"chr10_29969166","rs1148206","A",0.498677,"T","AGACT",0.4,0.2,0.2,0.2
"chr15_84955252","rs62029594","C",0.296296,"T","CTTCA",0.2,0.4,0,0.4
"chr7_46258522","rs6973493","A",0.0568783,"G","TGGGG",0,0.2,0.8,0
"chr6_27721835","rs4713120","A",0.335979,"C","TTCAC",0.2,0.4,0,0.4
"chr11_90009663","rs10765301","G",0.208995,"A","ATACA",0.6,0.2,0,0.2
"chr20_42839404",".","C",0.14418,"A","GCACC",0.2,0,0.2,0.6
"chr11_134753551","rs67888275","T",0.267196,"C","TCCGG",0,0.2,0.4,0.4
"chr4_7401208","rs4689726","T",0.363757,"C","GGCCG",0,0,0.6,0.4
"chr1_180886810","rs3761905","G",0.375661,"C","GGCTG",0,0.2,0.6,0.2
"chr19_37513806","rs12977170","A",0.108466,"G","CCGAA",0.4,0,0.2,0.4
"chr22_41827589","rs169362","G",0.224868,"C","CAGAG",0.4,0,0.4,0.2
"chrX_53210319","rs12556614","A",0.139896,"T","ATTTT",0.2,0.8,0,0
"chr2_37470510","rs7579990","A",0.332011,"G","TCACT",0.2,0.4,0,0.4
"chr13_100505223","rs9517899","T",0.337302,"C","CATGC",0.2,0.2,0.2,0.4
"chr11_119246708","rs675873","C",0.373016,"T","TCCGC",0,0.2,0.2,0.6
"chr7_89763985","rs12667902","T",0.183862,"G","AGGTA",0.4,0.2,0.4,0
"chr7_26843462","rs10215738","C",0.224868,"T","ATTAT",0.4,0.6,0,0
"chr7_140217674","rs3748089","A",0.30291,"G","GGGTC",0,0.2,0.6,0.2
"chr6_31445771","rs3021366","A",0.0568783,"C","GTCGA",0.2,0.2,0.4,0.2
"chr5_149897085","rs34841899","T",0.26455,"C","CACCT",0.2,0.2,0,0.6
"chr3_125328823","rs9820898","G",0.478836,"T","TGTCT",0,0.6,0.2,0.2
"chr5_54151734","rs10042734","T",0.376984,"C","CCTGG",0,0.2,0.4,0.4
"chr22_29919333","rs5763296","T",0.482804,"C","GTTGT",0,0.6,0.4,0
"chr2_207081286","rs62195406","A",0.462963,"G","GTATG",0.2,0.4,0.4,0
"chr1_113822487","rs7519940","G",0.162698,"C","ATCTG",0.2,0.4,0.2,0.2
"chr2_209014235","rs796262","T",0.0555556,"A","CGAGA",0.4,0,0.4,0.2
"chr3_188395642","rs1356094","C",0.296296,"T","CCTAC",0.2,0.2,0,0.6
"chr1_29316243","rs12021646","C",0.440476,"G","AAGTG",0.4,0.2,0.4,0
"chr17_8008564","rs34387214","C",0.231481,"G","TAGTT",0.2,0.6,0.2,0
"chrX_84878745","rs6524497","G",0.214162,"T","TGTTA",0.2,0.6,0.2,0
"chr3_169980301","rs1567528","T",0.404762,"C","CATTC",0.2,0.4,0,0.4
"chr3_20827058","rs1827227","A",0.373016,"G","CAAGG",0.4,0,0.4,0.2
"chr7_33908073","rs4723340","A",0.0185185,"G","GTAAA",0.6,0.2,0.2,0
"chr5_39895426","rs519280","T",0.427249,"G","TTGCC",0,0.4,0.2,0.4
"chr7_90270968","rs17869473","T",0.212963,"G","GGGGT",0,0.2,0.8,0
"chr17_73971151","rs55765205","G",0.0568783,"A","AAAAA",1,0,0,0
"chr4_65813044","rs1561642","C",0.289683,"T","TCCAT",0.2,0.4,0,0.4
"chr10_13534234","rs7916672","C",0.458995,"T","TGCGA",0.2,0.2,0.4,0.2
"chr1_20326080","rs10158517","G",0.187831,"A","AGGTA",0.4,0.2,0.4,0
"chr22_21461501","rs2541927","T",0.0886243,"C","CCCCC",0,0,0,1
"chr18_3240962","rs9948779","T",0.484127,"C","TCCGA",0.2,0.2,0.2,0.4
"chr4_4682267","rs11730104","G",0.428571,"T","TGTGA",0.2,0.4,0.4,0
"chr7_19524863",".","G",0.0965608,"A","TCGAT",0.2,0.4,0.2,0.2
"chr19_44952236","rs926052","T",0.46164,"A","TCAAC",0.4,0.2,0,0.4
"chr6_13867042","rs115894499","A",0.0714286,"G","CTGCA",0.2,0.2,0.2,0.4
"chr17_4670631","rs7218276","C",0.353175,"T","GGTGC",0,0.2,0.6,0.2
"chr7_38145204","rs142307146","A",0.0687831,"G","CCGGG",0,0,0.6,0.4
"chrX_16951552","rs4528028","C",0.074266,"T","TACCC",0.2,0.2,0,0.6
"chr11_115053011","rs11605461","A",0.48545,"G","ATATG",0.4,0.4,0.2,0
"chr8_122726590","rs10101166","A",0.146825,"G","GTGAT",0.2,0.4,0.4,0
"chr1_151878115","rs143959028","G",0.0396825,"T","TCTGG",0,0.4,0.4,0.2
"chr17_43146432","rs9913787","A",0.308201,"G","GCGAC",0.2,0,0.4,0.4
"chr2_189780498","rs60849913","T",0.160053,"G","ACGCT",0.2,0.2,0.2,0.4
"chr12_49318800","rs12424638","A",0.0820106,"G","AGGCC",0.2,0,0.4,0.4
"chr5_119660772","rs73782006","A",0.0185185,"G","ATGGA",0.4,0.2,0.4,0
"chr7_145878745","rs13221011","G",0.230159,"A","GTATT",0.2,0.6,0.2,0
"chr15_59384087","rs2121237","G",0.263228,"A","CAATA",0.6,0.2,0,0.2
"chr17_19301382","rs1588300","G",0.00793651,"A","CCAGA",0.4,0,0.2,0.4
"chr7_29437867","rs7799981","T",0.0674603,"C","CCTTC",0,0.4,0,0.6
"chr11_98081006","rs11214389","T",0.431217,"C","CCCTG",0,0.2,0.2,0.6
"chr4_35154057","rs10017858","T",0.40873,"C","TCTCC",0,0.4,0,0.6
"chr10_51062868","rs189858010","G",0.0648148,"A","TCACA",0.4,0.2,0,0.4
"chr3_2937515","rs11707602","C",0.222222,"G","TCGAG",0.2,0.2,0.4,0.2
"chr9_115787458","rs10448273","C",0.496032,"G","CTGCC",0,0.2,0.2,0.6
"chr9_1190186","rs57220027","T",0.332011,"C","CACAT",0.4,0.2,0,0.4
"chr14_60050828","rs8014359","T",0.474868,"C","TTCAC",0.2,0.4,0,0.4
"chr8_94044497","rs16915468","G",0.0846561,"A","TTATT",0.2,0.8,0,0
"chr4_123640239","rs396019","G",0.281746,"A","GCACT",0.2,0.2,0.2,0.4
"chr8_144726828","rs62522225","A",0.0806878,"G","AAGGT",0.4,0.2,0.4,0
"chr3_124321945","rs7623070","A",0.498677,"G","ATGTA",0.4,0.4,0.2,0
"chr5_179434232","rs12152713","T",0.107143,"C","ATCTC",0.2,0.4,0,0.4
"chr4_39477017","rs11940979","A",0.358466,"G","AAGTA",0.6,0.2,0.2,0
"chr8_66019046","rs9886369","T",0.427249,"C","CACGG",0.2,0,0.4,0.4
"chr17_6956106","rs4796365","A",0.177249,"G","TTAAA",0.6,0.4,0,0
"chr18_51209297","rs59689811","C",0.261905,"A","GCAGT",0.2,0.2,0.4,0.2
"chr7_123361773","rs6950373","T",0.431217,"C","AGCAT",0.4,0.2,0.2,0.2
"chr13_94506386","rs8001985","C",0.391534,"T","GCCTA",0.2,0.2,0.2,0.4
"chr2_232378792","rs28685161","T",0.244709,"C","TACCT",0.2,0.4,0,0.4
"chr21_44487891","rs234713","A",0.312169,"G","TGGCC",0,0.2,0.4,0.4
"chr1_1357461","rs1781134","T",0.0899471,"C","CTCTT",0,0.6,0,0.4
"chr1_186310128","rs41302135","T",0.0330688,"C","TTCCA",0.2,0.4,0,0.4
"chr1_91995559","rs10399810","C",0.267196,"T","CATTG",0.2,0.4,0.2,0.2
"chr6_76896999","rs72895529","A",0.0449735,"G","TAGGG",0.2,0.2,0.6,0
"chr7_112324751","rs11974481","G",0.346561,"T","CATTC",0.2,0.4,0,0.4
"chr12_59728762","rs58032918","T",0.146825,"A","AGATA",0.6,0.2,0.2,0
"chr1_28261902","rs3737807","A",0.428571,"C","GGCCT",0,0.2,0.4,0.4
"chr2_109824790","rs11678150","A",0.420635,"T","GCTGC",0,0.2,0.4,0.4
"chr18_61034790","rs61734938","G",0.134921,"T","CTTAG",0.2,0.4,0.2,0.2
"chr2_192112652","rs34765012","G",0.335979,"A","TTAAA",0.6,0.4,0,0
"chr5_289406","rs13361192","T",0.115079,"A","AGAAA",0.8,0,0.2,0
"chr14_21501049","rs1952525","T",0.395503,"G","GGGCT",0,0.2,0.6,0.2
"chr7_6684659","rs2253738","C",0.281746,"T","CATGG",0.2,0.2,0.4,0.2
"chr21_34638031","rs999788","T",0.202381,"C","ACCTG",0.2,0.2,0.2,0.4
"chr10_71910663","rs15801","T",0.440476,"C","CCCTC",0,0.2,0,0.8
"chr10_29515252","rs16929966","G",0.0277778,"A","TTAAA",0.6,0.4,0,0
"chr8_41136178","rs4236915","A",0.444444,"C","AGCCC",0.2,0,0.2,0.6
"chr10_89021079","rs142260029","G",0.399471,"A","GAAGC",0.4,0,0.4,0.2
"chr11_11408550","rs73419788","T",0.0899471,"C","GACGG",0.2,0,0.6,0.2
"chr22_27079188","rs4822772","G",0.455026,"T","ACGCC",0.2,0,0.2,0.6
"chr5_74456697","rs6893867","T",0.015873,"A","TCATT",0.2,0.6,0,0.2
"chr18_70810115","rs9957745","C",0.00529101,"G","GAGGT",0.2,0.2,0.6,0
"chr2_242153671","rs935262","C",0.181217,"T","AACGC",0.4,0,0.2,0.4
"chr1_85528006","rs12034421","A",0.374339,"C","AGCGA",0.4,0,0.4,0.2
"chr2_186290089","rs10164631","G",0.284392,"A","CCAGT",0.2,0.2,0.2,0.4
"chr15_75289722","rs3812945","C",0.424603,"T","CATTG",0.2,0.4,0.2,0.2
"chr1_205380909","rs74141209","A",0.0132275,"G","TGGGT",0,0.4,0.6,0
"chr4_115940655","rs10002221","A",0.0132275,"G","CCGGA",0.2,0,0.4,0.4
"chr10_102264824","rs7071271","A",0.210317,"G","AGGGT",0.2,0.2,0.6,0
"chr4_83889847","rs4693065","C",0.440476,"T","TTCTC",0,0.6,0,0.4
"chr12_13293153","rs67897587","G",0.0502646,"A","CAATC",0.4,0.2,0,0.4
"chr6_30651587","rs3129996","A",0.0952381,"C","TGATC",0.2,0.4,0.2,0.2
"chr6_46625274","rs9381468","G",0.425926,"A","TTAAT",0.4,0.6,0,0
"chr11_116817655","rs191655881","C",0.0780423,"A","AAACC",0.6,0,0,0.4
"chr5_155771356","rs8180473","A",0.490741,"G","ACAGA",0.6,0,0.2,0.2
"chr9_137647993","rs11103503","G",0.214286,"C","TTCAG",0.2,0.4,0.2,0.2
"chr4_84232289","rs6535456","C",0.232804,"T","CCCTG",0,0.2,0.2,0.6
"chr2_101929914","rs7567329","A",0.202381,"T","AAAAA",1,0,0,0
"chr22_51001271","rs78789402","A",0.0648148,"G","GGGCG",0,0,0.8,0.2
"chr12_64183297","rs79675851","G",0.026455,"A","GCACA",0.4,0,0.2,0.4
"chr1_183985645","rs77829233","G",0.0515873,"A","AAAAG",0.8,0,0.2,0
"chr11_5433952","rs10838062","G",0.206349,"A","GCGGC",0,0,0.6,0.4
"chr5_162711511","rs2964376","C",0.429894,"A","GCACT",0.2,0.2,0.2,0.4
"chr10_13682137","rs3949884","T",0.411376,"A","CCTGA",0.2,0.2,0.2,0.4
"chr17_80457675","rs113862887","A",0.0251323,"C","AACCC",0.4,0,0,0.6
"chr1_211567172","rs149712441","A",0.0912698,"G","CCGCC",0,0,0.2,0.8
"chr16_21222182","rs13337812","T",0.239418,"C","GCCCC",0,0,0.2,0.8
"chr22_17137042","rs8142776","G",0.231481,"A","AAATA",0.8,0.2,0,0
"chr2_3608756","rs4583476","C",0.301587,"T","TTTGT",0,0.8,0.2,0
"chr14_36226413","rs8022609","T",0.138889,"C","TCCGC",0,0.2,0.2,0.6
"chr11_62104937","rs2246920","T",0.116402,"G","GTTGC",0,0.4,0.4,0.2
"chr4_144555042","rs1024058","A",0.456349,"G","TAATA",0.6,0.4,0,0
"chr12_129451330","rs7342369","C",0.322751,"A","GCCAT",0.2,0.2,0.2,0.4
"chr14_68068075","rs4899213","C",0.00132275,"T","GGCAG",0.2,0,0.6,0.2
"chr11_68505262","rs7119793","T",0.316138,"G","GGTCC",0,0.2,0.4,0.4
"chr3_50339622","rs116482870","T",0.0542328,"C","CCCTG",0,0.2,0.2,0.6
"chr3_2706233","rs7618043","T",0.101852,"C","AACAT",0.6,0.2,0,0.2
"chr12_44297013","rs7966024","G",0.0542328,"A","ATGCC",0.2,0.2,0.2,0.4
"chr3_22420554","rs3762776","A",0.256614,"C","CCCAA",0.4,0,0,0.6
"chr21_18480621","rs7276614","C",0.465608,"T","TTCCT",0,0.6,0,0.4
"chr12_12485448","rs78028836","A",0.0978836,"G","ACGTT",0.2,0.4,0.2,0.2
"chr6_57630665","rs9367788","T",0.421958,"A","TTATT",0.2,0.8,0,0
"chr6_47431284","rs9473117","C",0.269841,"A","TAATT",0.4,0.6,0,0
"chr16_62882892","rs12927786","C",0.178571,"T","CATCC",0.2,0.2,0,0.6
"chr6_23582665","rs197967","T",0.398148,"C","AGCAA",0.6,0,0.2,0.2
"chr2_186985993","rs115908002","C",0.0595238,"T","TTTCC",0,0.6,0,0.4
"chr3_118024325","rs9289099","T",0.464286,"C","GACGT",0.2,0.2,0.4,0.2
"chr1_9320291","rs62642595","G",0.489418,"A","ACGCC",0.2,0,0.2,0.6
"chr10_118506111","rs7920906","G",0.391534,"A","CAGTA",0.4,0.2,0.2,0.2
"chr10_129130023","rs2766064","G",0.403439,"C","GCGAA",0.4,0,0.4,0.2
"chr19_371967","rs35814112","A",0.342593,"G","ACGTG",0.2,0.2,0.4,0.2
"chr11_95319253","rs1255538","G",0.228836,"A","AAAGA",0.8,0,0.2,0
"chr14_35775685","rs743227","G",0.142857,"A","GCAGA",0.4,0,0.4,0.2
"chr1_88412573","rs10922871","G",0.0740741,"A","TGACT",0.2,0.4,0.2,0.2
"chr10_5035018","rs9732372","T",0.269841,"A","CCAGC",0.2,0,0.2,0.6
"chr7_12604217","rs7799976","T",0.369048,"G","GCGTG",0,0.2,0.6,0.2
"chr19_20725600","rs75395213","A",0.026455,"G","TCGAA",0.4,0.2,0.2,0.2
"chr14_50987481","rs10139934","C",0.238095,"T","AACGG",0.4,0,0.4,0.2
"chr1_2255633","rs3737639","A",0.0462963,"G","ACGAC",0.4,0,0.2,0.4
"chr6_52272313","rs1297","G",0.137566,"A","CAAAA",0.8,0,0,0.2
"chr22_18455381","rs438708","T",0.478836,"C","GGTCC",0,0.2,0.4,0.4
"chr14_90563843","rs1152446","T",0.26455,"C","ACTTC",0.2,0.4,0,0.4
"chr1_36394725","rs11263839","C",0.0119048,"A","TTAAG",0.4,0.4,0.2,0
"chr5_75626348","rs31268","G",0.0740741,"C","CTCTC",0,0.4,0,0.6
"chr8_144681777","rs10282929","G",0.201058,"T","ATGGG",0.2,0.2,0.6,0
"chr12_15052758","rs7135211","A",0.349206,"G","ATGTG",0.2,0.4,0.4,0
"chr14_52044280","rs12434760","A",0.244709,"G","ACGTC",0.2,0.2,0.2,0.4
"chr11_100237927","rs1216175","A",0.287037,"G","CAGGT",0.2,0.2,0.4,0.2
"chr14_89027891","rs11159859","G",0.30291,"C","TAGGA",0.4,0.2,0.4,0
"chr20_62026990","rs964099","A",0.111111,"G","GGGGG",0,0,1,0
"chr4_21355883","rs6838116","A",0.367725,"C","AGATA",0.6,0.2,0.2,0
"chr4_483327","rs12642065","C",0.23545,"T","CTTGC",0,0.4,0.2,0.4
"chr9_131186401","rs7038316","T",0.21164,"C","GACGT",0.2,0.2,0.4,0.2
"chr9_133887938","rs869937","A",0.321429,"G","ACGCA",0.4,0,0.2,0.4
"chr2_7645256","rs11688024","T",0.137566,"C","GCCAA",0.4,0,0.2,0.4
"chr4_25078992","rs12643096","T",0.378307,"G","AAGCC",0.4,0,0.2,0.4
"chr10_103235710","rs12260783","T",0.037037,"A","ATATT",0.4,0.6,0,0
"chr4_960713","rs4690196","A",0.452381,"G","CCGAG",0.2,0,0.4,0.4
"chr5_29766556","rs114880482","T",0.0357143,"C","TCCAG",0.2,0.2,0.2,0.4
"chr1_89475135","rs10493821","T",0.313492,"C","CACAG",0.4,0,0.2,0.4
"chr1_237388792","rs67501358","A",0.424603,"G","TCGCT",0,0.4,0.2,0.4
"chr8_68551323","rs427451","C",0.243386,"G","CAGAA",0.6,0,0.2,0.2
"chr14_71654400","rs60536344","A",0.18254,"G","GCGGG",0,0,0.8,0.2
"chr19_7699347","rs4804217","T",0.387566,"C","TACGT",0.2,0.4,0.2,0.2
"chr18_30794875","rs78008841","T",0.037037,"G","GTGCA",0.2,0.2,0.4,0.2
"chr17_28667594","rs9915513","A",0.32672,"G","AAGAA",0.8,0,0.2,0
"chr19_22857017","rs148197427","A",0.0542328,"G","ATGGA",0.4,0.2,0.4,0
"chr9_1603540","rs702159","T",0.359788,"C","GATCA",0.4,0.2,0.2,0.2
"chr3_141547278","rs34480341","A",0.243386,"G","CTGTA",0.2,0.4,0.2,0.2
"chr1_1343666","rs28418680","A",0.0912698,"G","AAGAA",0.8,0,0.2,0
"chr1_187274464","rs7547837","A",0.160053,"T","TCTTC",0,0.6,0,0.4
"chr10_55433261","rs825794","G",0.415344,"A","GTAGG",0.2,0.2,0.6,0
"chrX_154521953","rs782770","G",0.162349,"C","CTCGG",0,0.2,0.4,0.4
"chr7_65519896","rs4718301","C",0.283069,"G","GTGGC",0,0.2,0.6,0.2
"chr4_1556126","rs7687776","A",0.444444,"C","CGCGG",0,0,0.6,0.4
"chr6_29939182","rs113906032","G",0.0171958,"C","GCCTT",0,0.4,0.2,0.4
"chr18_2008333","rs28795427","C",0.357143,"T","CATCC",0.2,0.2,0,0.6
"chr7_13476740","rs6975683","C",0.293651,"G","GAGGC",0.2,0,0.6,0.2
"chr17_33840295","rs8068353","C",0.206349,"G","TACAG",0.4,0.2,0.2,0.2
"chr9_123636411","rs57332564","T",0.0886243,"C","CCCCC",0,0,0,1
"chr13_101584953","rs9300639","T",0.0648148,"C","TTCCT",0,0.6,0,0.4
"chr10_5932475","rs10905405","T",0.466931,"C","CGTCC",0,0.2,0.2,0.6
"chr11_75262105","rs76535700","T",0.0224868,"C","TTCCT",0,0.6,0,0.4
"chrX_102948010","rs5987474","T",0.305699,"C","CTTAC",0.2,0.4,0,0.4
"chr8_10335262","rs4128260","T",0.325397,"C","ATTTG",0.2,0.6,0.2,0
"chr12_124100423","rs11615300","G",0.367725,"A","CCAGA",0.4,0,0.2,0.4
"chr3_75845914","rs6785092","T",0.361111,"G","TTTAA",0.4,0.6,0,0
"chr1_248122843","rs141619234","G",0.214286,"C","TTGCA",0.2,0.4,0.2,0.2
"chr6_122097569","rs61394329","G",0.0582011,"T","GGTAA",0.4,0.2,0.4,0
"chr4_164288523","rs10031046","G",0.101852,"T","CCTGT",0,0.4,0.2,0.4
"chr7_100473550","rs12705092","A",0.195767,"G","GAGTT",0.2,0.4,0.4,0
"chr19_9131466","rs8110763","T",0.429894,"G","CCTTG",0,0.4,0.2,0.4
"chr2_54018660","rs78846442","G",0.124339,"T","CGTAA",0.4,0.2,0.2,0.2
"chr14_28346502","rs12878369","A",0.388889,"C","TTCTT",0,0.8,0,0.2
"chrX_89761698","rs148021277","C",0.177893,"G","ATGCA",0.4,0.2,0.2,0.2
"chr5_842458","rs150476620","C",0.0291005,"T","GCTGA",0.2,0.2,0.4,0.2
"chr7_140189990","rs28620562","A",0.10582,"G","CCAGG",0.2,0,0.4,0.4
"chr7_20403740","rs55690213","T",0.0687831,"C","AACGA",0.6,0,0.2,0.2
"chr10_10461822","rs117154322","T",0.0277778,"G","GGGAC",0.2,0,0.6,0.2
"chr11_111249739","rs11213862","C",0.35582,"G","CCCCT",0,0.2,0,0.8
"chr1_53091294","rs150542278","G",0.0661376,"A","GTAGC",0.2,0.2,0.4,0.2
"chr11_35184527","rs353638","T",0.230159,"C","CACCA",0.4,0,0,0.6
"chr22_18923987","rs73157204","C",0.0780423,"G","CCGGC",0,0,0.4,0.6
"chr17_27184386","rs59068724","A",0.202381,"G","CAAAG",0.6,0,0.2,0.2
"chr17_66209922","rs11077354","T",0.268519,"A","ACATT",0.4,0.4,0,0.2
"chr20_1280680","rs143874821","A",0.010582,"G","GTGAG",0.2,0.2,0.6,0
"chr16_78369019","rs9933929","C",0.148148,"G","GAGGT",0.2,0.2,0.6,0
"chr7_5888663","rs308080","A",0.441799,"G","CAGTC",0.2,0.2,0.2,0.4
"chr1_246429669","rs12043226","T",0.142857,"C","TTCCT",0,0.6,0,0.4
"chr2_130714237","rs10803610","C",0.294974,"T","TCCGT",0,0.4,0.2,0.4
"chr7_134310274","rs1160050","C",0.496032,"T","CACAA",0.6,0,0,0.4
"chr6_159130223","rs35537479","C",0.321429,"T","ACTGC",0.2,0.2,0.2,0.4
"chr5_177540223","rs7721220","A",0.281746,"G","TAGAG",0.4,0.2,0.4,0
"chr13_85912069","rs4911073","T",0.478836,"A","TTTTT",0,1,0,0
"chr11_47306630","rs35233100","T",0.0462963,"C","GGCGA",0.2,0,0.6,0.2
"chr1_196757881","rs387107","T",0.219577,"G","TTGTA",0.2,0.6,0.2,0
"chr11_77099291","rs112222073","C",0.0185185,"T","CATTG",0.2,0.4,0.2,0.2
"chr2_15750131","rs4668941","G",0.145503,"T","GCTCA",0.2,0.2,0.2,0.4
"chr5_90865282","rs55749912","A",0.234127,"C","ACCTG",0.2,0.2,0.2,0.4
"chr5_113275072","rs4705606","G",0.239418,"A","GTAAA",0.6,0.2,0.2,0
"chr22_32747700","rs187085376","A",0.0873016,"G","GGGGC",0,0,0.8,0.2
"chr7_111386690","rs3735534","T",0.358466,"C","CTTGC",0,0.4,0.2,0.4
"chr5_54322174","rs3776035","T",0.247354,"C","AGCGG",0.2,0,0.6,0.2
"chr10_8023396","rs7087039","A",0.407407,"G","ATGTT",0.2,0.6,0.2,0
"chr7_139884629","rs62491455","T",0.0899471,"C","AGCGA",0.4,0,0.4,0.2
"chr16_5285000","rs4786014","G",0.448413,"A","CCGCG",0,0,0.4,0.6
"chr2_212796545","rs75196807","C",0.026455,"A","TAACC",0.4,0.2,0,0.4
"chr20_23689049","rs6114231","T",0.361111,"C","TCTAG",0.2,0.4,0.2,0.2
"chrX_2822253","rs9334","T",0.0466321,"C","TGCTG",0,0.4,0.4,0.2
"chr1_171103241","rs2064080","C",0.252646,"T","TCTCA",0.2,0.4,0,0.4
"chr12_69108448","rs2546513","G",0.309524,"A","AAATC",0.6,0.2,0,0.2
"chr14_24197284","rs12895257","T",0.449735,"A","GCTGG",0,0.2,0.6,0.2
"chr11_35942251","rs4756259","T",0.181217,"A","GCTGT",0,0.4,0.4,0.2
"chr20_31303502",".","A",0.257937,"G","TCGGG",0,0.2,0.6,0.2
"chr13_101335967","rs9513790","C",0.34127,"A","AAAAA",1,0,0,0
"chr6_32611406","rs9272988","G",0.19709,"A","TTAGG",0.2,0.4,0.4,0
"chr19_43271542","rs146882793","G",0.015873,"T","AGTGA",0.4,0.2,0.4,0
"chr2_208909182","rs6723557","T",0.260582,"C","GATTG",0.2,0.4,0.4,0
"chrX_49087487","rs5905724","A",0.279793,"G","CGGGG",0,0,0.8,0.2
"chr5_179050918","rs10066669","T",0.334656,"C","TCCTA",0.2,0.4,0,0.4
"chr11_76152515","rs113130900","T",0.042328,"C","CCCGA",0.2,0,0.2,0.6
"chr1_162809739","rs71639956","T",0.136243,"C","GGCGG",0,0,0.8,0.2
"chr17_59880581","rs12941248","A",0.309524,"G","CAAGT",0.4,0.2,0.2,0.2
"chr3_73348687","rs12638528","A",0.0171958,"G","GCGCT",0,0.2,0.4,0.4
"chr2_200817685","rs12621809","G",0.433862,"T","TTGCC",0,0.4,0.2,0.4
"chr2_80376062","rs1900263","C",0.0304233,"T","TGTGT",0,0.6,0.4,0
"chr2_32636511","rs176401","T",0.339947,"A","TTAAA",0.6,0.4,0,0
"chr8_145684978","rs11784118","G",0.47619,"A","GGGCA",0.2,0,0.6,0.2
"chr10_102563636","rs118046856","T",0.0185185,"A","TGAGT",0.2,0.4,0.4,0
"chr7_53371235","rs11976040","T",0.148148,"G","ACGCC",0.2,0,0.2,0.6
"chr19_57253937","rs77061649","C",0.113757,"T","CCTAC",0.2,0.2,0,0.6
"chr11_18429548","rs3758683","C",0.404762,"G","AACTG",0.4,0.2,0.2,0.2
"chr1_179042300","rs4652352","A",0.458995,"C","ATCGG",0.2,0.2,0.4,0.2
"chr3_119650788","rs9878473","C",0.382275,"T","CATTT",0.2,0.6,0,0.2
"chr6_130634515","rs2037018","T",0.306878,"G","CCGAT",0.2,0.2,0.2,0.4
"chr2_164621967","rs114066486","G",0.026455,"A","TGACA",0.4,0.2,0.2,0.2
"chr11_104630786","rs7484214","G",0.231481,"A","CCAAG",0.4,0,0.2,0.4
"chr15_90983465","rs16944424","G",0.185185,"A","CCATA",0.4,0.2,0,0.4
"chr6_99835932","rs12198927","T",0.140212,"C","CTCGG",0,0.2,0.4,0.4
"chr2_145833187","rs957293","G",0.312169,"A","CAAAG",0.6,0,0.2,0.2
"chr3_156330187","rs2063350","A",0.260582,"C","GGCAG",0.2,0,0.6,0.2
"chr13_100244437","rs2793781","T",0.497354,"C","ACTCC",0.2,0.2,0,0.6
"chr19_15884810","rs10421246","A",0.400794,"T","CCAGA",0.4,0,0.2,0.4
"chr2_17938501","rs2615051","A",0.468254,"G","GAATC",0.4,0.2,0.2,0.2
"chr4_105322201","rs6836960","G",0.310847,"T","TAGAC",0.4,0.2,0.2,0.2
"chr14_74263959","rs12886003","G",0.134921,"A","CAATA",0.6,0.2,0,0.2
"chr2_188430628","rs4667170","C",0.494709,"T","GCTGC",0,0.2,0.4,0.4
"chr15_29717045","rs507736","A",0.44709,"G","GCACA",0.4,0,0.2,0.4
"chr6_29935230","rs6921094","C",0.0145503,"T","CATTG",0.2,0.4,0.2,0.2
"chr19_44962424","rs9710256","G",0.310847,"C","ACCTG",0.2,0.2,0.2,0.4
"chr12_103064247","rs703593","A",0.498677,"G","CAACC",0.4,0,0,0.6
"chr2_239035937","rs12471185","A",0.410053,"G","GGGAA",0.4,0,0.6,0
"chr15_34909859","rs141794440","A",0.00925926,"G","TCGCT",0,0.4,0.2,0.4
"chr9_4814319","rs296846","C",0.410053,"T","TTTGT",0,0.8,0.2,0
"chr13_33928470","rs9591694","T",0.21164,"A","TCATC",0.2,0.4,0,0.4
"chr1_28399616","rs9786989","C",0.22619,"A","TTATA",0.4,0.6,0,0
"chr1_76272357","rs1144331","G",0.0806878,"A","TTGCC",0,0.4,0.2,0.4
"chr20_23761401","rs6049116","G",0.287037,"A","CAGCC",0.2,0,0.2,0.6
"chr7_83183723","rs2371784","A",0.117725,"G","CAGGC",0.2,0,0.4,0.4
"chrX_138183067","rs62603185","G",0.122625,"A","CTATT",0.2,0.6,0,0.2
"chr10_8581109","rs11596994","A",0.166667,"G","TCGTG",0,0.4,0.4,0.2
"chr9_26797401","rs10511773","G",0.484127,"C","ATGTT",0.2,0.6,0.2,0
"chr2_431199","rs10460599","C",0.0820106,"A","ATAAC",0.6,0.2,0,0.2
"chr1_248100333","rs6701018","G",0.458995,"A","CGGCC",0,0,0.4,0.6
"chr19_20758479","rs72996710","G",0.0304233,"T","GTTTC",0,0.6,0.2,0.2
"chr1_7835699","rs11121021","A",0.365079,"G","CCGCA",0.2,0,0.2,0.6
"chr1_83727442","rs56237375","A",0.195767,"C","CACCT",0.2,0.2,0,0.6
"chr8_52147776","rs7004469","T",0.267196,"A","ACAGC",0.4,0,0.2,0.4
"chr6_132887921","rs11961899","G",0.271164,"A","ATAAA",0.8,0.2,0,0
"chr9_113168239","rs6477768","G",0.328042,"A","TGAAA",0.6,0.2,0.2,0
"chr2_71943026","rs10192575","T",0.0714286,"C","TTCCC",0,0.4,0,0.6
"chr12_76997545","rs11114654","T",0.130952,"C","ACCGG",0.2,0,0.4,0.4
"chr1_153760104","rs10752613","A",0.283069,"T","ACTTG",0.2,0.4,0.2,0.2
"chr6_33962404","rs2130410","T",0.194444,"G","GCGTA",0.2,0.2,0.4,0.2
"chr17_80570785","rs7220888","T",0.108466,"C","CCCGT",0,0.2,0.2,0.6
"chr11_104866384","rs3181334","T",0.121693,"A","GCAGT",0.2,0.2,0.4,0.2
"chrX_120455642","rs6423128","A",0.440415,"G","AAGAT",0.6,0.2,0.2,0
"chr17_46123932","rs3764400","C",0.171958,"T","AGTTC",0.2,0.4,0.2,0.2
"chr5_161418377","rs13173063","T",0.498677,"C","TTCGC",0,0.4,0.2,0.4
"chr13_19934867","rs74038131","T",0.112434,"C","ACCTT",0.2,0.4,0,0.4
"chr9_73474170","rs10780979","A",0.230159,"G","CTAAG",0.4,0.2,0.2,0.2
"chr3_124838927","rs12490367","C",0.162698,"G","CCGCC",0,0,0.2,0.8
"chr19_35660546","rs1046294","C",0.37037,"T","CCTGC",0,0.2,0.2,0.6
"chr6_2436493","rs10900924","T",0.0582011,"C","TGCGT",0,0.4,0.4,0.2
"chr14_98506279","rs8018181","T",0.0608466,"A","ACACA",0.6,0,0,0.4
"chr4_98218031","rs4699554","C",0.371693,"T","GGTTG",0,0.4,0.6,0
"chr13_101189704","rs4772303","T",0.419312,"C","TGCTC",0,0.4,0.2,0.4
"chr6_163708455","rs62428019","C",0.199735,"G","CCGCC",0,0,0.2,0.8
"chr17_72322881","rs8082699","G",0.101852,"A","GAGGG",0.2,0,0.8,0
"chr9_104382479","rs72745355","T",0.218254,"G","TGGGA",0.2,0.2,0.6,0
"chr2_152171759","rs10176271","T",0.396825,"A","CCTGA",0.2,0.2,0.2,0.4
"chr7_97611341","rs17595064","A",0.203704,"G","CGGTC",0,0.2,0.4,0.4
"chr1_192605507","rs4233424","G",0.462963,"C","ATCAC",0.4,0.2,0,0.4
"chr10_26244096","rs1546699","T",0.152116,"G","AAGAA",0.8,0,0.2,0
"chr15_72904657","rs12911172","A",0.43254,"G","CCGGG",0,0,0.6,0.4
"chr5_178672660","rs13165255","A",0.291005,"G","TCGGG",0,0.2,0.6,0.2
"chr19_34843761","rs397414","A",0.403439,"C","CCCCA",0.2,0,0,0.8
"chr12_14507664","rs185139368","A",0.0224868,"G","CCGTC",0,0.2,0.2,0.6
"chr4_5797643","rs12500495","T",0.324074,"C","TCCTC",0,0.4,0,0.6
"chr4_62872238","rs66973289","T",0.305556,"A","TGAGT",0.2,0.4,0.4,0
"chr1_37939094","rs6681785","T",0.34127,"C","TTCTC",0,0.6,0,0.4
"chr4_105507349","rs3017721","T",0.321429,"G","AATTC",0.4,0.4,0,0.2
"chr2_126394045","rs2098969","T",0.404762,"G","TAGCT",0.2,0.4,0.2,0.2
"chr8_17710685","rs11203921","T",0.238095,"G","GTTGT",0,0.6,0.4,0
"chr5_87855496","rs918427","A",0.297619,"G","CTGGC",0,0.2,0.4,0.4
"chr17_2207326","rs3744270","A",0.325397,"G","CGGGC",0,0,0.6,0.4
"chr22_17827684","rs4820001","G",0.498677,"A","TCAGA",0.4,0.2,0.2,0.2
"chr11_106258348","rs9667116","A",0.22619,"G","TAGTT",0.2,0.6,0.2,0
"chr1_232166758","rs112283595","T",0.195767,"C","GGCGT",0,0.2,0.6,0.2
"chr4_1008212","rs77822621","T",0.0238095,"C","ACCTT",0.2,0.4,0,0.4
"chr7_12952094","rs142598440","C",0.0595238,"T","GCTCA",0.2,0.2,0.2,0.4
"chr16_88737564","rs3924275","G",0.164021,"A","TGAGC",0.2,0.2,0.4,0.2
"chrX_47062534","rs2070169","A",0.0984456,"G","GCGCC",0,0,0.4,0.6
"chr6_30186681","rs9380159","T",0.239418,"C","CTCCT",0,0.4,0,0.6
"chr12_69827658","rs10748128","T",0.363757,"G","AGGGG",0.2,0,0.8,0
"chr11_74406186","rs11236217","G",0.335979,"A","CCAGA",0.4,0,0.2,0.4
"chr10_132168379","rs359114","A",0.133598,"G","TCGGG",0,0.2,0.6,0.2
"chr7_97859060","rs747632","T",0.414021,"C","GGCGG",0,0,0.8,0.2
"chr1_108626695","rs10494089","G",0.388889,"T","CCTCC",0,0.2,0,0.8
"chr21_31138788","rs11702427","A",0.474868,"G","TAGAG",0.4,0.2,0.4,0
"chr19_55491389",".","T",0.242063,"C","TCCGC",0,0.2,0.2,0.6
"chr7_8582476","rs17150874","C",0.0939153,"T","AATGT",0.4,0.4,0.2,0
"chr17_7644501","rs57727356","A",0.247354,"C","AACAT",0.6,0.2,0,0.2
"chr6_105285750","rs2499660","C",0.489418,"T","TATGA",0.4,0.4,0.2,0
"chr2_11162735","rs1349722","T",0.431217,"C","CACTG",0.2,0.2,0.2,0.4
"chr16_49515428","rs534219","C",0.199735,"T","AGTGT",0.2,0.4,0.4,0
"chr8_8172283","rs6601689","G",0.441799,"A","TTAAA",0.6,0.4,0,0
"chr21_40770612","rs4818035","T",0.324074,"C","GCTCA",0.2,0.2,0.2,0.4
"chr19_11434585","rs12980573","G",0.0291005,"A","CTAGA",0.4,0.2,0.2,0.2
"chr5_103372829",".","A",0.231481,"T","CCTCC",0,0.2,0,0.8
"chr1_236809112","rs10925180","A",0.441799,"C","CAAAA",0.8,0,0,0.2
"chr2_127846505","rs35832505","C",0.133598,"T","GGTGG",0,0.2,0.8,0
"chr3_128354334","rs11717399","G",0.367725,"C","TGGGG",0,0.2,0.8,0
"chr8_8900572","rs10503395","T",0.164021,"C","TACGT",0.2,0.4,0.2,0.2
"chr6_138715704","rs117046302","G",0.026455,"A","GTATA",0.4,0.4,0.2,0
"chr11_84768728","rs2155039","C",0.335979,"G","AACAC",0.6,0,0,0.4
"chr2_98215476","rs7420651","G",0.390212,"A","GGGTT",0,0.4,0.6,0
"chr7_97539393","rs142788971","T",0.35582,"A","CAACT",0.4,0.2,0,0.4
"chr8_37078419","rs543162","C",0.0873016,"T","AGCGG",0.2,0,0.6,0.2
"chr3_168723285","rs2421077","A",0.195767,"C","ACAAT",0.6,0.2,0,0.2
"chr1_183369779","rs6676089","T",0.357143,"C","CATGC",0.2,0.2,0.2,0.4
"chr2_200650677","rs6723607","C",0.46164,"A","CTCAT",0.2,0.4,0,0.4
"chr9_127767144","rs10819023","T",0.411376,"C","ACTGC",0.2,0.2,0.2,0.4
"chr7_178277","rs6976691","G",0.0661376,"A","ACAGA",0.6,0,0.2,0.2
"chr17_18813160","rs4924945","A",0.460317,"G","ACACC",0.4,0,0,0.6
"chr5_101944414","rs56170429","A",0.283069,"T","CTTCC",0,0.4,0,0.6
"chr19_44109856","rs304720","C",0.328042,"G","CTCGC",0,0.2,0.2,0.6
"chr13_61792262","rs9563904","G",0.238095,"A","GCAGC",0.2,0,0.4,0.4
"chr15_33754487","rs2676092","C",0.0952381,"T","AGTAA",0.6,0.2,0.2,0
"chr9_95630363","rs4744150","T",0.321429,"C","AACTT",0.4,0.4,0,0.2
"chr1_109734541","rs645128","C",0.128307,"T","GACTC",0.2,0.2,0.2,0.4
"chr19_29540353","rs62111254","G",0.104497,"T","ACTGC",0.2,0.2,0.2,0.4
"chr22_37964299","rs2281098","C",0.414021,"G","CTCCC",0,0.2,0,0.8
"chr19_17335054","rs62126179","C",0.109788,"A","AGAGA",0.6,0,0.4,0
"chr7_140096203","rs9640467","C",0.202381,"T","TTCAT",0.2,0.6,0,0.2
"chr20_47429565","rs6095302","T",0.149471,"C","GTCAT",0.2,0.4,0.2,0.2
"chr3_48293524","rs35414021","C",0.287037,"G","CTGTC",0,0.4,0.2,0.4
"chr12_108463727","rs933892","C",0.375661,"T","TGCAG",0.2,0.2,0.4,0.2
"chr6_6483423","rs55776336","T",0.148148,"C","GCCGC",0,0,0.4,0.6
"chr13_69572590","rs9541696","A",0.0740741,"C","TTCTT",0,0.8,0,0.2
"chr6_12841985","rs9357503","A",0.116402,"T","TGTGT",0,0.6,0.4,0
"chr10_117321167","rs2804145","T",0.329365,"C","ACCGA",0.4,0,0.2,0.4
"chr2_106933272","rs62144394","T",0.464286,"C","GCCTC",0,0.2,0.2,0.6
"chr19_53162055","rs10426781","G",0.291005,"C","AGCGG",0.2,0,0.6,0.2
"chr21_42532075","rs7276900","A",0.276455,"C","CACAT",0.4,0.2,0,0.4
"chrX_8013071","rs113073462","A",0.0224525,"G","CCGCC",0,0,0.2,0.8
"chr2_79278877","rs12998287","G",0.124339,"T","ATTGC",0.2,0.4,0.2,0.2
"chr1_168515131","rs61801339","A",0.170635,"G","GGGCC",0,0,0.6,0.4
"chr12_7249598","rs3742089","C",0.306878,"T","GATGG",0.2,0.2,0.6,0
"chr16_15132840","rs12934778","T",0.150794,"C","GTTAC",0.2,0.4,0.2,0.2
"chr1_52913562","rs11205957","A",0.343915,"G","CCGTG",0,0.2,0.4,0.4
"chr13_29813091","rs7998019","G",0.240741,"A","GGGTG",0,0.2,0.8,0
"chr22_19191725","rs1780643","T",0.363757,"C","GATGA",0.4,0.2,0.4,0
"chr20_62367377","rs2427535","A",0.0820106,"G","GCAGA",0.4,0,0.4,0.2
"chr7_38386558","rs62445005","T",0.260582,"G","GTGGA",0.2,0.2,0.6,0
"chr6_135366880","rs13191501","C",0.494709,"T","CGTGA",0.2,0.2,0.4,0.2
"chr12_50611020","rs8181679","T",0.437831,"C","AATCC",0.4,0.2,0,0.4
"chr1_57098201","rs72666464","T",0.037037,"C","TGCGT",0,0.4,0.4,0.2
"chr2_233272146","rs2945420","C",0.0727513,"G","CAGAG",0.4,0,0.4,0.2
"chr16_19722366","rs3829539","C",0.154762,"T","CCTGA",0.2,0.2,0.2,0.4
"chr5_129089478","rs11242005","C",0.150794,"G","GAGAG",0.4,0,0.6,0
"chr13_29219125","rs2153572","A",0.15873,"G","AAACT",0.6,0.2,0,0.2
"chr4_177418661","rs1456319","G",0.383598,"A","CCACT",0.2,0.2,0,0.6
"chr17_204930","rs66827740","C",0.415344,"T","TTTTG",0,0.8,0.2,0
"chr12_49746192","rs146801669","A",0.0542328,"G","TCGGG",0,0.2,0.6,0.2
"chr14_49623839","rs4357853","C",0.297619,"T","CCCGA",0.2,0,0.2,0.6
"chr19_4170378","rs350851","G",0.14418,"A","GCGGG",0,0,0.8,0.2
"chr4_68385372","rs13104130","C",0.191799,"T","AATAA",0.8,0.2,0,0
"chr5_61098274","rs10514922","C",0.12963,"T","CATGT",0.2,0.4,0.2,0.2
"chr2_65497634","rs7246","C",0.253968,"T","TATAT",0.4,0.6,0,0
"chr3_170125604","rs12491115","T",0.339947,"A","TCAGT",0.2,0.4,0.2,0.2
"chr2_211329456","rs12477237","T",0.46164,"C","GCTGA",0.2,0.2,0.4,0.2
"chr1_214430727","rs1032637","T",0.403439,"A","TGACT",0.2,0.4,0.2,0.2
"chr5_43718259","rs142035314","T",0.0568783,"C","AGCGC",0.2,0,0.4,0.4
"chr10_76115937","rs11001011","T",0.276455,"C","CCCGG",0,0,0.4,0.6
"chr2_56713152","rs2033012","A",0.48545,"T","TGATT",0.2,0.6,0.2,0
"chr12_53510852","rs12228145","T",0.183862,"C","CTCCT",0,0.4,0,0.6
"chr17_19603060","rs8081130","G",0.361111,"A","AAGTT",0.4,0.4,0.2,0
"chr1_157285738","rs1832479","T",0.189153,"C","TCCTC",0,0.4,0,0.6
"chr19_39684769","rs58278424","C",0.313492,"G","CAGTA",0.4,0.2,0.2,0.2
"chrX_141698561","rs6636770","T",0.19171,"C","TGCAT",0.2,0.4,0.2,0.2
"chr13_67111782","rs67609817","T",0.283069,"C","CACAG",0.4,0,0.2,0.4
"chr5_73390141","rs1160583","T",0.410053,"A","GATCA",0.4,0.2,0.2,0.2
"chr2_170639015","rs4616448","A",0.251323,"C","TTCTT",0,0.8,0,0.2
"chr14_49228853","rs2585374","T",0.154762,"C","CCCAC",0.2,0,0,0.8
"chr3_120785300","rs2331539","T",0.48545,"C","CACCT",0.2,0.2,0,0.6
"chr12_127941499","rs11059141","G",0.208995,"A","TAAGG",0.4,0.2,0.4,0
"chr4_86053380","rs35089641","G",0.431217,"A","TTATT",0.2,0.8,0,0
"chr2_108392670","rs1155886","A",0.0383598,"C","CACTT",0.2,0.4,0,0.4
"chr7_48242582","rs112013555","C",0.339947,"T","CTTGG",0,0.4,0.4,0.2
"chr22_18060451","rs189252714","T",0.350529,"A","GTACA",0.4,0.2,0.2,0.2
"chr9_16212992","rs10125444","G",0.436508,"A","CAAAG",0.6,0,0.2,0.2
"chr14_36588824","rs184233549","T",0.0410053,"A","TGATG",0.2,0.4,0.4,0
"chr7_79794274","rs73378654","G",0.0145503,"A","CTATG",0.2,0.4,0.2,0.2
"chr20_1104013","rs6133957","G",0.157407,"A","GTATT",0.2,0.6,0.2,0
"chr21_19292101","rs9983882","G",0.0026455,"T","GCTGT",0,0.4,0.4,0.2
"chr11_118167733",".","T",0.440476,"A","TCAGT",0.2,0.4,0.2,0.2
"chr15_33175475","rs12898602","T",0.281746,"C","GCCGG",0,0,0.6,0.4
"chr3_46978549","rs9833500","T",0.00132275,"C","CTTAG",0.2,0.4,0.2,0.2
"chr2_120691881","rs7600725","A",0.00396825,"C","TACAT",0.4,0.4,0,0.2
"chr4_187951526","rs7660327","T",0.43254,"C","CGCGG",0,0,0.6,0.4
"chr9_2543888",".","A",0.272487,"C","TCCTA",0.2,0.4,0,0.4
"chr2_114517167",".","A",0.320106,"G","TCGCA",0.2,0.2,0.2,0.4
"chr10_126003017","rs7914858","C",0.305556,"A","GCCCA",0.2,0,0.2,0.6
"chr12_12463609","rs11054793","G",0.44709,"A","GCACG",0.2,0,0.4,0.4
"chr2_36409036","rs13013608","G",0.478836,"T","TAGAG",0.4,0.2,0.4,0
"chr10_62665460","rs10994572","G",0.141534,"T","ACTTG",0.2,0.4,0.2,0.2
"chr4_155750705","rs437534","G",0.276455,"C","TTCAC",0.2,0.4,0,0.4
"chr15_95098644","rs72753308","T",0.134921,"G","GTGGC",0,0.2,0.6,0.2
"chr22_20085805","rs74858445","T",0.0568783,"C","TGCTG",0,0.4,0.4,0.2
"chr7_99637242","rs4729567","G",0.395503,"A","CTGCT",0,0.4,0.2,0.4
"chr19_58923736","rs12983679","G",0.232804,"C","GCCCG",0,0,0.4,0.6
"chr12_56985558","rs2950389","A",0.165344,"C","CTCTA",0.2,0.4,0,0.4
"chr18_45857606","rs17751649","G",0.193122,"A","CCAAG",0.4,0,0.2,0.4
"chr6_143937943","rs12193494","A",0.289683,"G","GAGGT",0.2,0.2,0.6,0
"chr4_155107373","rs7698234","G",0.00132275,"C","CACCC",0.2,0,0,0.8
"chr2_14651629","rs10929914","T",0.373016,"G","TAGAT",0.4,0.4,0.2,0
"chr11_126630918","rs3927811","A",0.350529,"G","GAGGG",0.2,0,0.8,0
"chr21_43529428","rs59976808","A",0.179894,"G","GGGTG",0,0.2,0.8,0
"chr2_117861860","rs332872","C",0.367725,"T","TCCGA",0.2,0.2,0.2,0.4
"chrX_113486631","rs9792830","T",0.321244,"C","TTCTG",0,0.6,0.2,0.2
"chr12_6556078","rs111922468","T",0.160053,"C","CCCTG",0,0.2,0.2,0.6
"chr8_42430502","rs1349470","G",0.439153,"A","CTGGG",0,0.2,0.6,0.2
"chr5_111655969","rs821749","A",0.123016,"G","AGGAA",0.6,0,0.4,0
"chr3_39688409","rs6599036","A",0.037037,"G","GTAAG",0.4,0.2,0.4,0
"chr8_13827731","rs994842","C",0.242063,"A","TTCTA",0.2,0.6,0,0.2
"chr1_155935244","rs2297649","A",0.246032,"C","GGCAA",0.4,0,0.4,0.2
"chr15_100426460","rs74880187","T",0.269841,"C","GGCGG",0,0,0.8,0.2
"chr18_5973728","rs736632","T",0.407407,"C","GATGT",0.2,0.4,0.4,0
"chr7_32549609","rs10262952","C",0.321429,"T","AATGT",0.4,0.4,0.2,0
"chr9_131053769","rs7847318","T",0.162698,"C","AGCGA",0.4,0,0.4,0.2
"chr18_42970780","rs2612580","A",0.257937,"G","ACACT",0.4,0.2,0,0.4
"chr12_109773062","rs1121313","A",0.410053,"G","CAGTC",0.2,0.2,0.2,0.4
"chr1_60621741","rs34518104","C",0.164021,"T","GCTGA",0.2,0.2,0.4,0.2
"chr22_23247373","rs79715495","C",0.354497,"T","CACTA",0.4,0.2,0,0.4
"chr19_55084982","rs28384500","G",0.0965608,"A","AGAGG",0.4,0,0.6,0
"chr9_17301713","rs10963018","G",0.261905,"A","TTATT",0.2,0.8,0,0
"chr10_12201176","rs7099650","T",0.472222,"C","AACTG",0.4,0.2,0.2,0.2
"chr12_75835489","rs12099961","G",0.375661,"T","AATTC",0.4,0.4,0,0.2
"chr3_171506698","rs10936700","C",0.267196,"T","AACTG",0.4,0.2,0.2,0.2
"chr16_71026288","rs1774512","G",0.0449735,"A","AAATT",0.6,0.4,0,0
"chr2_176809605","rs4369827","C",0.247354,"T","ATTAG",0.4,0.4,0.2,0
"chr4_61398782","rs72639391","C",0.156085,"T","TATAT",0.4,0.6,0,0
"chr17_53239240","rs244300","T",0.410053,"A","TATGT",0.2,0.6,0.2,0
"chr8_1039002","rs7834812","T",0.465608,"C","CTCCC",0,0.2,0,0.8
"chr3_195734615","rs11926303","A",0.424603,"G","CCGAG",0.2,0,0.4,0.4
"chr2_40625705","rs35535943","T",0.0343915,"A","AAATT",0.6,0.4,0,0
"chr3_184539752","rs13319442","A",0.137566,"G","ACGAG",0.4,0,0.4,0.2
"chr1_153932212","rs6724","C",0.296296,"G","CTGTC",0,0.4,0.2,0.4
"chr19_2848688","rs71339143","T",0.0859788,"C","TCCGC",0,0.2,0.2,0.6
"chr19_32896832","rs2302771","C",0.493386,"G","GCCGG",0,0,0.6,0.4
"chr10_47047517","rs111691899","T",0.0238095,"C","ACCCA",0.4,0,0,0.6
"chr20_10051342","rs78351688","C",0.0224868,"G","GAGAG",0.4,0,0.6,0
"chr17_1873008","rs7225086","G",0.416667,"A","CCGGT",0,0.2,0.4,0.4
"chr11_75130417","rs76730063","A",0.0529101,"G","TGGTG",0,0.4,0.6,0
"chr5_80615716","rs72771170","G",0.103175,"C","AACCT",0.4,0.2,0,0.4
"chr5_170051876","rs72834404","A",0.0939153,"G","GAGGC",0.2,0,0.6,0.2
"chr5_58317321","rs4469166","C",0.0648148,"T","TATGT",0.2,0.6,0.2,0
"chr1_69380983","rs4328112","G",0.0952381,"A","CAAAC",0.6,0,0,0.4
"chr22_24849753","rs80134322","T",0.0396825,"C","TACAG",0.4,0.2,0.2,0.2
"chr15_83296545","rs11855735","T",0.451058,"A","TCAGA",0.4,0.2,0.2,0.2
"chr14_74950637","rs4903228","C",0.354497,"T","ACCTC",0.2,0.2,0,0.6
"chr5_169138909","rs2306558","A",0.382275,"G","TTGTG",0,0.6,0.4,0
"chr21_45576277","rs3859736","G",0.203704,"C","CACCA",0.4,0,0,0.6
"chr17_53039483","rs7643","G",0.456349,"A","CAGTT",0.2,0.4,0.2,0.2
"chr17_34972047","rs188188656","G",0.0119048,"A","TGAGA",0.4,0.2,0.4,0
"chr3_187054388","rs62292791","T",0.287037,"C","GCCGA",0.2,0,0.4,0.4
"chr1_229445817","rs237814","A",0.228836,"T","AATTT",0.4,0.6,0,0
"chr18_19360576","rs3017037","A",0.313492,"G","CTGTT",0,0.6,0.2,0.2
"chr2_34246655","rs112561189","A",0.383598,"G","AGGCT",0.2,0.2,0.4,0.2
"chr4_13019308","rs12641954","T",0.357143,"C","CACCC",0.2,0,0,0.8
"chr10_126650696","rs11245446","G",0.325397,"A","TGATA",0.4,0.4,0.2,0
"chr5_94281392","rs293034","C",0.227513,"T","TGTTA",0.2,0.6,0.2,0
"chr12_48143978","rs12423645","T",0.128307,"C","AGCGC",0.2,0,0.4,0.4
"chr11_101809655","rs12281520","C",0.416667,"G","TTGGT",0,0.6,0.4,0
"chr1_116488902","rs699757","C",0.291005,"G","CACGC",0.2,0,0.2,0.6
"chr11_112852946","rs1940724","G",0.440476,"A","AGATA",0.6,0.2,0.2,0
"chr19_21936885","rs8102320","A",0.449735,"G","GGAAT",0.4,0.2,0.4,0
"chr15_50648339","rs504781","C",0.402116,"T","TTTTA",0.2,0.8,0,0
"chr9_35269819","rs10121009","T",0.228836,"C","TGTCA",0.2,0.4,0.2,0.2
"chr17_34874298","rs144469748","G",0.0833333,"A","CCACT",0.2,0.2,0,0.6
"chr4_146042445","rs10519725","C",0.0502646,"G","CTGGG",0,0.2,0.6,0.2
"chr7_96422106","rs7799816","G",0.218254,"C","AACCT",0.4,0.2,0,0.4
"chr20_23549166","rs6083172","A",0.391534,"C","GCCCT",0,0.2,0.2,0.6
"chr19_54676433","rs2576452","T",0.444444,"C","TTCAA",0.4,0.4,0,0.2
"chr18_41414318","rs1903324","A",0.0145503,"G","TAGGT",0.2,0.4,0.4,0
"chr2_42077586","rs12994523","A",0.399471,"C","GCCAG",0.2,0,0.4,0.4
"chr9_3723823","rs10973230","G",0.486772,"C","ATCCA",0.4,0.2,0,0.4
"chrX_9167485","rs5934533","G",0.404145,"T","GTGTT",0,0.6,0.4,0
"chr7_43727486","rs1987767","C",0.369048,"G","TTCTA",0.2,0.6,0,0.2
"chr7_110656881","rs189378710","T",0.0701058,"A","TAATA",0.6,0.4,0,0
"chr11_7008962","rs11041124","G",0.231481,"A","TAATA",0.6,0.4,0,0
"chr1_54096863","rs79958746","A",0.0952381,"C","AGCTA",0.4,0.2,0.2,0.2
"chr7_18772792","rs34905635","G",0.0608466,"A","ACATG",0.4,0.2,0.2,0.2
"chr3_189100869","rs34281650","T",0.17328,"C","CCCGT",0,0.2,0.2,0.6
"chr2_85130945","rs6711942","A",0.0714286,"G","CCGGA",0.2,0,0.4,0.4
"chr20_3849179","rs8126207","A",0.462963,"G","AGGCT",0.2,0.2,0.4,0.2
"chr16_89599530","rs2946630","G",0.44709,"A","AGACA",0.6,0,0.2,0.2
"chr14_55881276","rs1890256","T",0.267196,"C","GACAT",0.4,0.2,0.2,0.2
"chr19_44331698","rs74694797","C",0.231481,"T","GGTGG",0,0.2,0.8,0
"chr20_57477104","rs6026591","A",0.378307,"T","AAAAT",0.8,0.2,0,0
"chr15_70708205","rs72753540","G",0.0833333,"C","CACAG",0.4,0,0.2,0.4
"chr7_14987718","rs28450986","A",0.00661376,"T","CGTAT",0.2,0.4,0.2,0.2
"chr22_28396867","rs138652","C",0.214286,"A","CCACC",0.2,0,0,0.8
"chr3_128461047","rs13325671","T",0.0701058,"C","CCCGT",0,0.2,0.2,0.6
"chr2_238496849",".","T",0.0542328,"C","CACGC",0.2,0,0.2,0.6
"chr1_241982624","rs10926581","A",0.484127,"G","ACGTG",0.2,0.2,0.4,0.2
"chr1_1925293","rs181952917","T",0.0436508,"C","GGCGC",0,0,0.6,0.4
"chr5_138081230","rs1725335","A",0.27381,"G","CAAGT",0.4,0.2,0.2,0.2
"chr10_52789016","rs10822131","T",0.268519,"C","CTCAG",0.2,0.2,0.2,0.4
"chr3_186651388","rs35923019","T",0.111111,"C","GACGC",0.2,0,0.4,0.4
"chr1_220844703","rs11118589","C",0.34127,"T","ACCTC",0.2,0.2,0,0.6
"chr1_26440129","rs56076306","G",0.193122,"A","TGAAA",0.6,0.2,0.2,0
"chr7_41269101","rs59455753","C",0.0793651,"T","CTTTG",0,0.6,0.2,0.2
"chr1_115744428","rs195184","C",0.174603,"T","AATAG",0.6,0.2,0.2,0
"chr7_125861413","rs1419502","G",0.271164,"T","ATTTT",0.2,0.8,0,0
"chr19_53868959","rs7249464","G",0.421958,"C","CAGAC",0.4,0,0.2,0.4
"chr2_127421701","rs12468957","A",0.376984,"G","TCGGC",0,0.2,0.4,0.4
"chr1_246965098","rs7520180","A",0.396825,"G","AGACC",0.4,0,0.2,0.4
"chr8_53123598","rs7018033","G",0.0238095,"A","TGAAC",0.4,0.2,0.2,0.2
"chr8_104750459","rs76496694","C",0.107143,"A","TTATT",0.2,0.8,0,0
"chr4_19752924","rs57793755","G",0.202381,"T","TTTGG",0,0.6,0.4,0
"chr20_25279880","rs6107025","G",0.231481,"A","CAAGA",0.6,0,0.2,0.2
"chr6_117222067","rs339298","C",0.185185,"T","TACAA",0.6,0.2,0,0.2
"chr4_178677432","rs6854040","C",0.239418,"G","TAGCT",0.2,0.4,0.2,0.2
"chr22_23820990","rs5996555","C",0.12963,"T","AGTAA",0.6,0.2,0.2,0
"chr17_51075009","rs78143332","G",0.125661,"A","TCAGG",0.2,0.2,0.4,0.2
"chr1_35244799","rs2359643","G",0.12037,"A","CAATA",0.6,0.2,0,0.2
"chr1_156235120","rs933489","C",0.465608,"T","AATGA",0.6,0.2,0.2,0
"chr15_81413226","rs2663926","A",0.297619,"C","TGAAA",0.6,0.2,0.2,0
"chr8_120910150","rs6469863","A",0.440476,"G","CTATT",0.2,0.6,0,0.2
"chr13_98197337","rs4346086","G",0.280423,"A","GCGGT",0,0.2,0.6,0.2
"chr12_101631559","rs1514380","G",0.349206,"T","AGGAA",0.6,0,0.4,0
"chr1_46287371","rs4994390","G",0.280423,"A","TTATT",0.2,0.8,0,0
"chr10_96089393","rs7074125","G",0.285714,"A","TGAGC",0.2,0.2,0.4,0.2
"chr4_44746317","rs6447373","T",0.0621693,"C","GTTCC",0,0.4,0.2,0.4
"chr11_32107885","rs597930","T",0.310847,"C","TCCTC",0,0.4,0,0.6
"chr1_30256775","rs72881772","C",0.00132275,"T","CATTG",0.2,0.4,0.2,0.2
"chr2_120193746","rs2587659","G",0.116402,"C","GCGCC",0,0,0.4,0.6
"chr12_128464700","rs80341996","C",0.0343915,"T","AATAG",0.6,0.2,0.2,0
"chr3_149406775","rs13064341","G",0.0727513,"A","AAAAA",1,0,0,0
"chr17_48684","rs7501441","G",0.382275,"A","CAGTG",0.2,0.2,0.4,0.2
"chr11_866920","rs10492","G",0.190476,"T","AGTGT",0.2,0.4,0.4,0
"chr5_76037822","rs11950329","A",0.306878,"C","ACCAG",0.4,0,0.2,0.4
"chr21_38363308","rs3938831","C",0.271164,"G","GAGGA",0.4,0,0.6,0
"chr17_1333790","rs7214919","A",0.369048,"G","CTACA",0.4,0.2,0,0.4
"chr22_39481860","rs5757470","C",0.404762,"G","CTCCA",0.2,0.2,0,0.6
"chr3_149201863","rs4681175","A",0.400794,"G","CCGGG",0,0,0.6,0.4
"chr17_28813535","rs9908192","C",0.478836,"T","GTTTC",0,0.6,0.2,0.2
"chr12_117585790","rs11068364","T",0.215608,"C","AGCGT",0.2,0.2,0.4,0.2
"chr21_39402205","rs2836120","G",0.0634921,"C","TCCAA",0.4,0.2,0,0.4
"chr7_75106926","rs150527025","A",0.236772,"C","GGCCA",0.2,0,0.4,0.4
"chr3_53133526","rs2581829","A",0.384921,"G","AGACT",0.4,0.2,0.2,0.2
"chrX_152225379","rs73244173","A",0.447323,"C","CTCCC",0,0.2,0,0.8
"chr15_28659456","rs182982685","A",0.0634921,"T","TGATT",0.2,0.6,0.2,0
"chr8_19716571","rs143643009","T",0.0251323,"C","TGCAC",0.2,0.2,0.2,0.4
"chr9_28725257","rs13292174","T",0.269841,"A","AAAGG",0.6,0,0.4,0
"chr10_104871204","rs12413046","G",0.0859788,"A","TTACT",0.2,0.6,0,0.2
"chr20_25309607","rs58351126","T",0.0595238,"C","TGCCT",0,0.4,0.2,0.4
"chr17_79707926","rs147429749","A",0.0396825,"G","GCGGG",0,0,0.8,0.2
"chr17_48844381","rs16949266","C",0.010582,"T","GGTAA",0.4,0.2,0.4,0
"chr1_53557352","rs75990890","C",0.015873,"G","CAGAG",0.4,0,0.4,0.2
"chr6_32561334","rs35265698","G",0.17328,"C","AGCCT",0.2,0.2,0.2,0.4
"chr10_46534974","rs200829019","G",0.0661376,"A","CAACA",0.6,0,0,0.4
"chr9_27022936","rs62542672","A",0.136243,"G","CCGAG",0.2,0,0.4,0.4
"chr12_118532251","rs7974641","T",0.256614,"C","CACGA",0.4,0,0.2,0.4
"chr2_240771689","rs2412026","C",0.361111,"A","AGCCA",0.4,0,0.2,0.4
"chr18_51253895","rs66626704","A",0.252646,"G","ACGGA",0.4,0,0.4,0.2
"chr16_16250356","rs79821117","A",0.0727513,"C","GGCAG",0.2,0,0.6,0.2
"chr2_28704676","rs116653548","A",0.0502646,"G","GTGCT",0,0.4,0.4,0.2
"chr1_38696970","rs11209258","A",0.108466,"T","ACTGT",0.2,0.4,0.2,0.2
"chr12_30912537","rs12306961","A",0.246032,"G","ATGAG",0.4,0.2,0.4,0
"chr1_154178724","rs41305088","A",0.0343915,"C","ACCCA",0.4,0,0,0.6
"chr6_67355748","rs72878213","G",0.0846561,"T","CCTTT",0,0.6,0,0.4
"chr1_1584117","rs4648756","G",0.0410053,"C","GAGTG",0.2,0.2,0.6,0
"chr1_995311","rs115307538","T",0.00529101,"C","CCCCC",0,0,0,1
"chr20_39163431","rs8119358","C",0.313492,"T","TTTAC",0.2,0.6,0,0.2
"chr17_41526526","rs732508","G",0.322751,"A","CAAAG",0.6,0,0.2,0.2
"chr3_11016323","rs751960","G",0.208995,"A","AGACC",0.4,0,0.2,0.4
"chr20_25736664","rs6050873","C",0.281746,"T","ATTAA",0.6,0.4,0,0
"chr8_9956335","rs4841279","T",0.306878,"A","GATTG",0.2,0.4,0.4,0
"chr9_35908313","rs10972618","C",0.304233,"A","GCAGG",0.2,0,0.6,0.2
"chr7_97409046","rs147054892","A",0.0436508,"C","AGCAA",0.6,0,0.2,0.2
"chr13_114622374","rs7993591","T",0.00132275,"C","ACCGT",0.2,0.2,0.2,0.4
"chr8_112927580","rs320538","A",0.231481,"G","GGATT",0.2,0.4,0.4,0
"chr11_111649421","rs615642","G",0.382275,"A","CTGTT",0,0.6,0.2,0.2
"chr3_42904488","rs9829060","G",0.310847,"A","CAAAA",0.8,0,0,0.2
"chr18_24777349","rs11083204","G",0.0277778,"T","CTTGG",0,0.4,0.4,0.2
"chr10_100340759","rs4120646","G",0.42328,"A","CCGTG",0,0.2,0.4,0.4
"chr7_127009483","rs1361943","G",0.350529,"C","CTCTT",0,0.6,0,0.4
"chr4_144658053","rs12498218","G",0.32672,"A","CTAGA",0.4,0.2,0.2,0.2
"chr11_30376698","rs1717779","T",0.234127,"A","ATATT",0.4,0.6,0,0
"chrX_78919898","rs7057981","T",0.264249,"A","AGATC",0.4,0.2,0.2,0.2
"chr8_31246444","rs17656131","T",0.154762,"C","ACCGC",0.2,0,0.2,0.6
"chr4_156049730","rs6810505","T",0.399471,"G","CGTCC",0,0.2,0.2,0.6
"chr19_56756148","rs56165655","G",0.277778,"C","AAGAC",0.6,0,0.2,0.2
"chr19_59099764","rs149705456","A",0.465608,"G","CAGCT",0.2,0.2,0.2,0.4
"chr13_50221887","rs7988290","G",0.228836,"A","ACGCC",0.2,0,0.2,0.6
"chr8_134038816","rs10108500","G",0.186508,"A","GCATC",0.2,0.2,0.2,0.4
"chr6_66803203","rs704517","T",0.0820106,"C","TACGA",0.4,0.2,0.2,0.2
"chr8_62111063","rs2978506","T",0.218254,"C","TCCAA",0.4,0.2,0,0.4
"chr17_50364451","rs11867764","T",0.150794,"C","CACTC",0.2,0.2,0,0.6
"chrX_153376436","rs2872736","C",0.202073,"T","CTCCA",0.2,0.2,0,0.6
"chr19_52059152","rs2864106","G",0.242063,"A","TTGTG",0,0.6,0.4,0
"chr19_5876829","rs1614492","G",0.478836,"A","GTGTT",0,0.6,0.4,0
"chr3_45687537","rs2373046","C",0.219577,"A","AAAAA",1,0,0,0
"chrX_57419809","rs5914096","A",0.150259,"G","TGGAG",0.2,0.2,0.6,0
"chr19_58493815","rs28620462","C",0.141534,"T","CATAC",0.4,0.2,0,0.4
"chr2_132265862","rs12477023","C",0.219577,"T","TGTCA",0.2,0.4,0.2,0.2
"chr9_90946297","rs28593118","T",0.202381,"A","CCAGG",0.2,0,0.4,0.4
"chr11_28134974","rs60970073","A",0.384921,"C","AACAG",0.6,0,0.2,0.2
"chrX_76584952","rs28431842","A",0.312608,"G","GAAAG",0.6,0,0.4,0
"chr8_109942995","rs56313037","A",0.189153,"G","CCGCA",0.2,0,0.2,0.6
"chr7_53193047","rs6963062","T",0.312169,"G","TGTTG",0,0.6,0.4,0
"chr14_24423090","rs2273944","G",0.0899471,"A","GCAAA",0.6,0,0.2,0.2
"chr7_49270117","rs150058512","A",0.208995,"G","ATGAG",0.4,0.2,0.4,0
"chr11_20515644","rs35755532","A",0.101852,"G","TCGTA",0.2,0.4,0.2,0.2
"chr19_21753089","rs67876192","C",0.330688,"A","TCATA",0.4,0.4,0,0.2
"chr4_89211006","rs35310312","A",0.0357143,"G","ATGTT",0.2,0.6,0.2,0
"chr19_3762698","rs13960","C",0.366402,"T","GTCAT",0.2,0.4,0.2,0.2
"chr19_49894456","rs7257053","G",0.234127,"C","CCCAG",0.2,0,0.2,0.6
"chr7_64514996","rs111493879","C",0.380952,"T","CTTGA",0.2,0.4,0.2,0.2
"chr12_95617479","rs148397550","A",0.112434,"G","TCGGC",0,0.2,0.4,0.4
"chr4_184484396","rs113167955","A",0.0793651,"G","TTGCA",0.2,0.4,0.2,0.2
"chr6_30044249","rs11969687","T",0.0687831,"G","TTGGA",0.2,0.4,0.4,0
"chr11_66495415","rs147326358","T",0.0383598,"C","TCCCC",0,0.2,0,0.8
"chr14_53206097","rs7143253","T",0.420635,"G","ACTCA",0.4,0.2,0,0.4
"chr6_36014588","rs6930333","A",0.0820106,"G","GGGCG",0,0,0.8,0.2
"chr5_14011208","rs10041419","T",0.345238,"G","ATGTA",0.4,0.4,0.2,0
"chr12_49308913","rs10875889","A",0.339947,"T","TTTAT",0.2,0.8,0,0
"chr1_120125962","rs11804969","G",0.195767,"A","TAATT",0.4,0.6,0,0
"chr5_178451397","rs6875622","T",0.236772,"C","CCCAT",0.2,0.2,0,0.6
"chr5_16677686","rs26749","G",0.309524,"A","CCAGC",0.2,0,0.2,0.6
"chr11_4666865","rs78156577","G",0.183862,"A","TTACA",0.4,0.4,0,0.2
"chr2_99384299","rs17021941","A",0.309524,"G","CCGTA",0.2,0.2,0.2,0.4
"chr11_120334149","rs10892580","A",0.223545,"G","TCGCT",0,0.4,0.2,0.4
"chr7_35080931","rs329277","G",0.464286,"T","TCTAT",0.2,0.6,0,0.2
"chr17_74273165","rs164011","A",0.272487,"G","CTGGT",0,0.4,0.4,0.2
"chr9_132547450","rs138200163","C",0.0502646,"A","GAACA",0.6,0,0.2,0.2
"chr19_12182890","rs4608438","C",0.169312,"T","GATGG",0.2,0.2,0.6,0
"chr11_1658352","rs147151401","A",0.146825,"G","CCGCC",0,0,0.2,0.8
"chr13_95741739","rs1678344","G",0.496032,"A","TCACG",0.2,0.2,0.2,0.4
"chr22_41153879","rs5758064","C",0.464286,"T","GATGG",0.2,0.2,0.6,0
"chr22_43781001","rs28687032","T",0.116402,"C","CTCGC",0,0.2,0.2,0.6
"chr8_12803685","rs754238","C",0.449735,"G","AGCAT",0.4,0.2,0.2,0.2
"chr22_23686712","rs28452323","T",0.169312,"C","TTTAC",0.2,0.6,0,0.2
"chr6_95151211","rs9360063","C",0.281746,"G","CCGAA",0.4,0,0.2,0.4
"chr13_20223333","rs4769837","A",0.194444,"G","AAACA",0.8,0,0,0.2
"chrX_100087557","rs5921665","A",0.468048,"G","ACATG",0.4,0.2,0.2,0.2
"chr4_3463882","rs1203103","C",0.366402,"G","TTGCT",0,0.6,0.2,0.2
"chr13_77037308","rs9544287","C",0.015873,"T","TATGT",0.2,0.6,0.2,0
"chr7_71018084","rs10223923","T",0.399471,"C","GGCGG",0,0,0.8,0.2
"chr6_109725822","rs79097132","A",0.0740741,"G","ATGTG",0.2,0.4,0.4,0
"chr1_160749203","rs563781","T",0.361111,"C","TTTGT",0,0.8,0.2,0
"chr15_40614546","rs934937","T",0.382275,"C","CACAG",0.4,0,0.2,0.4
"chr2_71267458","rs13401862","G",0.468254,"A","TAGCA",0.4,0.2,0.2,0.2
"chr12_57925287","rs775323","A",0.18254,"G","GCGAG",0.2,0,0.6,0.2
"chr1_53075321","rs28609180","G",0.428571,"A","CCGGG",0,0,0.6,0.4
"chr3_36938180","rs4328757","C",0.386243,"T","AACAG",0.6,0,0.2,0.2
"chr13_22213655","rs6490664","G",0.137566,"C","AACGC",0.4,0,0.2,0.4
"chr17_75085322","rs11868249","G",0.145503,"A","AGAGC",0.4,0,0.4,0.2
"chr6_160156266","rs7745398","G",0.239418,"A","CCAGG",0.2,0,0.4,0.4
"chr15_80230331",".","G",0.124339,"A","GAATA",0.6,0.2,0.2,0
"chr1_56814714","rs12567265","A",0.130952,"G","AGGCA",0.4,0,0.4,0.2
"chr7_57218127","rs13228137","A",0.25,"G","CCGAG",0.2,0,0.4,0.4
"chr4_156874833","rs2292538","A",0.345238,"G","AGGGA",0.4,0,0.6,0
"chr14_99712794","rs12895055","T",0.437831,"C","GGCGC",0,0,0.6,0.4
"chr11_2324692","rs1501467","T",0.369048,"C","AGCCT",0.2,0.2,0.2,0.4
"chr10_27576419","rs7079254","C",0.365079,"T","CACTG",0.2,0.2,0.2,0.4
"chr21_27345487","rs73163716","G",0.322751,"A","AAAGA",0.8,0,0.2,0
"chr16_74883405","rs28374158","A",0.383598,"G","CCGCC",0,0,0.2,0.8
"chr19_10444826","rs2278442","G",0.339947,"A","GTGTT",0,0.6,0.4,0
"chr2_49709211","rs4971855","G",0.474868,"C","GACAG",0.4,0,0.4,0.2
"chr8_92895301","rs1443556","C",0.472222,"T","ATTTA",0.4,0.6,0,0
"chr6_84121512","rs3798889","A",0.318783,"C","TTCTC",0,0.6,0,0.4
"chr15_76933442","rs149623563","C",0.166667,"T","AATTT",0.4,0.6,0,0
"chr7_52397958","rs150105016","G",0.0410053,"A","CAAAG",0.6,0,0.2,0.2
"chr7_150035183",".","T",0.271164,"C","CCCGC",0,0,0.2,0.8
"chr18_55146073","rs660948","C",0.318783,"G","CTGTA",0.2,0.4,0.2,0.2
"chr2_226924280","rs1522809","C",0.490741,"T","CATGC",0.2,0.2,0.2,0.4
"chr20_43377444","rs4810438","G",0.0674603,"A","AGATG",0.4,0.2,0.4,0
"chr22_20278735","rs5993951","T",0.00132275,"G","CTGCC",0,0.2,0.2,0.6
"chr11_30453973","rs61884690","C",0.310847,"G","AAGCA",0.6,0,0.2,0.2
"chr9_41970294","rs118039969","A",0.0608466,"T","CTTTC",0,0.6,0,0.4
"chr20_5485337","rs35022112","A",0.0727513,"G","CTGTT",0,0.6,0.2,0.2
"chr20_45142291","rs847053","G",0.193122,"C","CCCCG",0,0,0.2,0.8
"chr10_91575676","rs11185892","T",0.227513,"C","AACTT",0.4,0.4,0,0.2
"chr13_67341340","rs9571658","T",0.0965608,"C","CCCGG",0,0,0.4,0.6
"chr7_23676056","rs7779265","G",0.477513,"A","CCATC",0.2,0.2,0,0.6
"chr7_24151851","rs272708","A",0.384921,"G","GAGGA",0.4,0,0.6,0
"chr1_211958099","rs72746531","C",0.0873016,"T","ATTTG",0.2,0.6,0.2,0
"chr1_19588061","rs2103718","G",0.145503,"A","CTACA",0.4,0.2,0,0.4
"chr22_47570544","rs2207680","G",0.425926,"A","GCGTT",0,0.4,0.4,0.2
"chr3_196438428","rs6583170","G",0.353175,"C","ACCTC",0.2,0.2,0,0.6
"chr20_60015377","rs6061421","A",0.167989,"G","TCGTT",0,0.6,0.2,0.2
"chr17_36467961","rs9890523","T",0.15873,"C","TGCTC",0,0.4,0.2,0.4
"chr3_52805093","rs998909","G",0.437831,"A","GCACT",0.2,0.2,0.2,0.4
"chr12_107857306","rs76762850","C",0.0568783,"G","AGGCA",0.4,0,0.4,0.2
"chr16_5281091","rs12919090","T",0.376984,"A","GCATT",0.2,0.4,0.2,0.2
"chr19_3635404","rs35307472","A",0.465608,"G","CCGGG",0,0,0.6,0.4
"chr17_2276085","rs3213714","T",0.0965608,"G","GAGCT",0.2,0.2,0.4,0.2
"chr18_132671","rs6505743","T",0.310847,"G","GTGGT",0,0.4,0.6,0
"chr16_28510393","rs40834","T",0.407407,"C","AGCTG",0.2,0.2,0.4,0.2
"chr6_26399586","rs6901118","T",0.0529101,"C","AACAA",0.8,0,0,0.2
"chr9_94835310","rs10739925","T",0.320106,"C","TACGT",0.2,0.4,0.2,0.2
"chrX_49051624","rs5905722","A",0.305699,"G","ACGTA",0.4,0.2,0.2,0.2
"chr6_150302584","rs35409210","C",0.169312,"T","CTTGG",0,0.4,0.4,0.2
"chrX_50614902","rs946956","T",0.0863558,"C","CATGT",0.2,0.4,0.2,0.2
"chr2_129534287","rs35131544","T",0.0304233,"C","GCCGG",0,0,0.6,0.4
"chr22_22091244","rs5994871","C",0.283069,"T","ATCGC",0.2,0.2,0.2,0.4
"chr1_55060362","rs1702003","A",0.037037,"G","GGGCG",0,0,0.8,0.2
"chr3_9951620","rs188090","A",0.457672,"G","CAAGA",0.6,0,0.2,0.2
"chr14_74756539",".","G",0.386243,"A","CTATG",0.2,0.4,0.2,0.2
"chrX_100794702","rs5951350","T",0.0829016,"C","ATCCC",0.2,0.2,0,0.6
"chr9_81412231","rs7850180","T",0.466931,"C","GGCCC",0,0,0.4,0.6
"chr2_87059140","rs55782494","A",0.395503,"C","ATCAG",0.4,0.2,0.2,0.2
"chr19_9954078","rs12978069","T",0.0595238,"C","TGCTG",0,0.4,0.4,0.2
"chr7_23232659","rs1637221","C",0.359788,"T","TGTGG",0,0.4,0.6,0
"chr9_110451034","rs13293372","A",0.187831,"G","CAGTG",0.2,0.2,0.4,0.2
"chr8_60758463","rs72659708","C",0.0687831,"T","TGTAC",0.2,0.4,0.2,0.2
"chr17_69410833","rs9899604","C",0.0462963,"T","CATGG",0.2,0.2,0.4,0.2
"chr15_86437034","rs28705814","T",0.126984,"C","CTCCC",0,0.2,0,0.8
"chr15_40672145","rs12905240","T",0.160053,"C","GACGC",0.2,0,0.4,0.4
"chrX_22271046","rs16981894","C",0.11399,"G","TTGCA",0.2,0.4,0.2,0.2
"chr20_3372007","rs6051827","T",0.185185,"C","ACCCA",0.4,0,0,0.6
"chr6_170727772","rs16901407","C",0.0661376,"A","TAACG",0.4,0.2,0.2,0.2
"chr16_13275362","rs75958188","C",0.0224868,"T","CATGT",0.2,0.4,0.2,0.2
"chr1_15084425","rs78982446","A",0.0251323,"C","TACGT",0.2,0.4,0.2,0.2
"chr5_113355447","rs7735190","T",0.0198413,"C","CCCAC",0.2,0,0,0.8
"chr4_67455380","rs62304931","C",0.171958,"T","CTTAT",0.2,0.6,0,0.2
"chr8_120231463","rs72684223","G",0.228836,"A","CTATA",0.4,0.4,0,0.2
"chr6_41728161","rs12530404","T",0.312169,"C","CCCTT",0,0.4,0,0.6
"chr20_29540419","rs1830543","C",0.488095,"T","TGTTG",0,0.6,0.4,0
"chr9_79557075","rs12376989","A",0.26455,"T","GGTCC",0,0.2,0.4,0.4
"chr18_7826326","rs1441001","G",0.386243,"A","ATGTC",0.2,0.4,0.2,0.2
"chr3_75590447","rs183053440","T",0.103175,"G","AGGTA",0.4,0.2,0.4,0
"chr9_101688667","rs10123767","T",0.376984,"C","TCCAA",0.4,0.2,0,0.4
"chr7_6517745","rs62439829","G",0.342593,"C","TACCC",0.2,0.2,0,0.6
"chr16_31270172","rs12935156","A",0.128307,"T","TTTAA",0.4,0.6,0,0
"chr15_66997760","rs76722162","A",0.238095,"C","ATCTG",0.2,0.4,0.2,0.2
"chr10_46965640","rs3737223","A",0.104497,"G","CCGCC",0,0,0.2,0.8
"chr1_156572159","rs11576266","A",0.289683,"G","GGACC",0.2,0,0.4,0.4
"chr10_20492502","rs11011864","C",0.132275,"A","AAAAT",0.8,0.2,0,0
"chr21_33681201","rs2833760","T",0.112434,"C","AGCGT",0.2,0.2,0.4,0.2
"chr1_153520520","rs56350425","C",0.0436508,"T","TATTA",0.4,0.6,0,0
"chr11_6769452","rs2880996","G",0.462963,"A","GTGTA",0.2,0.4,0.4,0
"chr6_13817359","rs1204148","T",0.407407,"C","TCTGC",0,0.4,0.2,0.4
"chr11_27052793","rs10501074","G",0.425926,"A","ACATA",0.6,0.2,0,0.2
"chr4_25916457","rs12642193","G",0.260582,"A","CCATT",0.2,0.4,0,0.4
"chr3_12589864","rs9861920","T",0.441799,"G","GCGTG",0,0.2,0.6,0.2
"chr2_69062338","rs3749133","A",0.156085,"G","CAGCA",0.4,0,0.2,0.4
"chr6_158492045","rs1750044","T",0.189153,"C","TGCCT",0,0.4,0.2,0.4
"chr8_86375535","rs3758076","G",0.374339,"C","GGGGC",0,0,0.8,0.2
"chr1_17425829","rs2235910","G",0.374339,"T","CCGCA",0.2,0,0.2,0.6
"chr1_6036215","rs485942","A",0.402116,"T","GGAGC",0.2,0,0.6,0.2
"chrX_47928789","rs146661621","T",0.0397237,"G","GGGTT",0,0.4,0.6,0
"chr11_79517415","rs1815897","C",0.489418,"T","GCCCC",0,0,0.2,0.8
"chr1_65801829","rs6660739","A",0.130952,"G","AGGGA",0.4,0,0.6,0
"chr4_31203899","rs10023530","G",0.5,"A","GAGTG",0.2,0.2,0.6,0
"chr9_131595407","rs10988134","T",0.21164,"C","AACTT",0.4,0.4,0,0.2
"chr20_60899422","rs34599961","T",0.19709,"C","GCCCC",0,0,0.2,0.8
"chr19_49640835","rs7259991","T",0.0767196,"C","GCCGA",0.2,0,0.4,0.4
"chr1_90926043","rs17532149","G",0.0238095,"A","CAATC",0.4,0.2,0,0.4
"chr14_34955341","rs7161680","G",0.380952,"A","GCGAC",0.2,0,0.4,0.4
"chr3_46328069","rs4314214","A",0.284392,"C","TTCTT",0,0.8,0,0.2
"chr3_74267132","rs34625485","C",0.0224868,"T","TTTAC",0.2,0.6,0,0.2
"chr2_149918182","rs10930031","A",0.198413,"C","TGCCA",0.2,0.2,0.2,0.4
"chr10_127520313","rs11596442","G",0.375661,"A","GGAAG",0.4,0,0.6,0
"chr22_42974711","rs79056038","C",0.0701058,"G","GCGAC",0.2,0,0.4,0.4
"chr3_190981404","rs9852327","T",0.460317,"C","GGTTA",0.2,0.4,0.4,0
"chr9_110929605","rs7027772","C",0.313492,"T","AGTGG",0.2,0.2,0.6,0
"chr5_179259842","rs2450484","C",0.496032,"G","TTGCG",0,0.4,0.4,0.2
"chr3_55578846","rs1182878","T",0.48545,"C","TCCGT",0,0.4,0.2,0.4
"chr10_46096705","rs112730207","C",0.0634921,"A","ATACA",0.6,0.2,0,0.2
"chr7_56217893","rs192877109","T",0.175926,"G","GAGCG",0.2,0,0.6,0.2
"chr22_51020668","rs86337","C",0.441799,"A","CACCC",0.2,0,0,0.8
"chr19_1982681","rs62129498","A",0.148148,"G","GCGTG",0,0.2,0.6,0.2
"chr9_91179183","rs13290165","A",0.145503,"G","CTGTC",0,0.4,0.2,0.4
"chr10_51586514","rs11597667","A",0.161376,"T","CCTTT",0,0.6,0,0.4
"chr5_61048992","rs13165769","A",0.26455,"G","TAGCA",0.4,0.2,0.2,0.2
"chr20_45594395","rs4809607","A",0.23545,"G","CCGCC",0,0,0.2,0.8
"chr12_8687812","rs10841847","A",0.437831,"G","TGATG",0.2,0.4,0.4,0
"chr6_10106467","rs4716306","G",0.198413,"A","AAGAT",0.6,0.2,0.2,0
"chr20_50451144","rs6096603","T",0.103175,"A","TGATG",0.2,0.4,0.4,0
"chr19_30353312","rs6509773","C",0.0873016,"T","TGCCA",0.2,0.2,0.2,0.4
"chr7_134648449","rs2732900","G",0.335979,"A","CTGTA",0.2,0.4,0.2,0.2
"chr4_3473139","rs6831256","G",0.410053,"A","GTATG",0.2,0.4,0.4,0
"chr4_12020254","rs114417445","T",0.0489418,"C","AACTG",0.4,0.2,0.2,0.2
"chr14_50858901","rs12893070","T",0.263228,"C","CACGC",0.2,0,0.2,0.6
"chr17_44819595","rs17698176","G",0.238095,"T","TTTGT",0,0.8,0.2,0
"chr1_182360843","rs912901","C",0.199735,"G","AGCTA",0.4,0.2,0.2,0.2
"chr6_32635846","rs9274614","C",0.222222,"G","GACGT",0.2,0.2,0.4,0.2
"chr9_104718122","rs13293521","A",0.342593,"G","GGGGA",0.2,0,0.8,0
"chr17_11180922","rs34688504","C",0.267196,"T","TGTAT",0.2,0.6,0.2,0
"chr9_126879277","rs4838115","T",0.154762,"C","ATCTG",0.2,0.4,0.2,0.2
"chr8_77001198","rs1070037","A",0.388889,"G","TAATT",0.4,0.6,0,0
"chr7_100675976","rs56103274","A",0.497354,"G","CTGCT",0,0.4,0.2,0.4
"chr19_20386635","rs4630694","T",0.150794,"G","CAGCC",0.2,0,0.2,0.6
"chr12_14101901","rs61914323","C",0.100529,"G","AAGGA",0.6,0,0.4,0
"chr5_180527742","rs76222029","T",0.498677,"C","TGCTC",0,0.4,0.2,0.4
"chr17_64960563","rs190037709","A",0.0727513,"G","GAGGG",0.2,0,0.8,0
"chr7_56169419","rs8406","C",0.201058,"T","GCCAG",0.2,0,0.4,0.4
"chr10_43003058","rs210228","T",0.162698,"G","ACTGG",0.2,0.2,0.4,0.2
"chr4_26041735","rs11937276","A",0.329365,"C","TACGG",0.2,0.2,0.4,0.2
"chr5_85618703","rs10037027","T",0.452381,"C","CCCAA",0.4,0,0,0.6
"chr19_51600576","rs2569504","A",0.201058,"G","GAAGA",0.6,0,0.4,0
"chr22_30604015","rs9614161","A",0.406085,"G","GCGGA",0.2,0,0.6,0.2
"chr7_46362234","rs17172679","T",0.339947,"C","TCCGA",0.2,0.2,0.2,0.4
"chr11_86650282","rs4631906","T",0.133598,"C","ATTCT",0.2,0.6,0,0.2
"chr1_151097835","rs72708429","T",0.0171958,"C","AGCGT",0.2,0.2,0.4,0.2
"chr1_197872019","rs4539165","T",0.259259,"G","GCGGA",0.2,0,0.6,0.2
"chr10_105003721","rs4917385","T",0.357143,"G","ATTTT",0.2,0.8,0,0
"chr20_6540762","rs6117333","C",0.429894,"T","CCTGG",0,0.2,0.4,0.4
"chr7_65680103","rs142209595","A",0.0383598,"G","GCGCG",0,0,0.6,0.4
"chr1_235612219","rs7537","A",0.0727513,"T","TTTGT",0,0.8,0.2,0
"chr1_216720807","rs12067809","C",0.334656,"T","TATTT",0.2,0.8,0,0
"chr7_24868252","rs13241517","G",0.291005,"A","AAAAA",1,0,0,0
"chr15_45646876",".","G",0.124339,"C","CCCCA",0.2,0,0,0.8
"chr1_91017168","rs2152729","T",0.18254,"C","AGCAA",0.6,0,0.2,0.2
"chr14_59339378","rs12878587","G",0.410053,"C","AACCT",0.4,0.2,0,0.4
"chr1_76509277","rs10873865","T",0.181217,"C","CTTGA",0.2,0.4,0.2,0.2
"chr18_25375625","rs4281798","T",0.0925926,"G","CCTCT",0,0.4,0,0.6
"chr8_58419702","rs10095632","C",0.287037,"T","GATTT",0.2,0.6,0.2,0
"chr2_6990020","rs10495545","T",0.109788,"C","ACCGT",0.2,0.2,0.2,0.4
"chr9_131300143","rs7048583","G",0.271164,"A","TGGCA",0.2,0.2,0.4,0.2
"chr16_76907882","rs8061483","T",0.411376,"A","GTAGG",0.2,0.2,0.6,0
"chr10_73361129","rs3849957","C",0.492063,"A","GGATT",0.2,0.4,0.4,0
"chr21_43890856","rs13052766","T",0.193122,"C","TTCAT",0.2,0.6,0,0.2
"chr3_191981960","rs4687305","G",0.328042,"A","ATATA",0.6,0.4,0,0
"chr15_81306377","rs7177245","G",0.183862,"A","AGATG",0.4,0.2,0.4,0
"chr19_12728771","rs112223354","A",0.300265,"G","TCGCC",0,0.2,0.2,0.6
"chr10_30081565","rs6481627","A",0.236772,"G","TGGGC",0,0.2,0.6,0.2
"chr1_219788458","rs7525110","A",0.462963,"G","GGGCA",0.2,0,0.6,0.2
"chr4_37248984","rs13117857","T",0.206349,"C","GGCCA",0.2,0,0.4,0.4
"chr6_112693959","rs12717171","C",0.5,"A","ACCTG",0.2,0.2,0.2,0.4
"chr4_126730305","rs7654311","A",0.190476,"G","ACGGG",0.2,0,0.6,0.2
"chr2_128190415","rs4662729","T",0.346561,"C","CATGC",0.2,0.2,0.2,0.4
"chr2_110984277","rs137856165","C",0.0396825,"A","AGATC",0.4,0.2,0.2,0.2
"chrX_153379721","rs62617763","T",0.312608,"A","TCTCC",0,0.4,0,0.6
"chr18_62396810","rs35211221","G",0.407407,"C","AGCGT",0.2,0.2,0.4,0.2
"chr8_96280742","rs73266490","C",0.0291005,"T","AATAG",0.6,0.2,0.2,0
"chr10_114196220","rs11195957","T",0.0634921,"C","AGCGA",0.4,0,0.4,0.2
"chr6_64273481","rs13205487","G",0.34127,"T","GCTTA",0.2,0.4,0.2,0.2
"chr10_120178513","rs1857267","T",0.206349,"C","AGCCC",0.2,0,0.2,0.6
"chr6_78749750","rs4706677","C",0.44709,"T","TACAG",0.4,0.2,0.2,0.2
"chr1_161526397","rs71632979","G",0.145503,"A","CCACT",0.2,0.2,0,0.6
"chr2_210885022","rs7585265","T",0.31746,"C","TACAC",0.4,0.2,0,0.4
"chr3_21348001","rs9873410","A",0.284392,"G","GAGGC",0.2,0,0.6,0.2
"chr1_246930564","rs7779","C",0.0634921,"G","ACGGT",0.2,0.2,0.4,0.2
"chr12_94968493","rs1274525","A",0.469577,"G","CAGCA",0.4,0,0.2,0.4
"chr7_158621041","rs1189195","C",0.128307,"A","TGCGC",0,0.2,0.4,0.4
"chr2_101062624","rs56402605","C",0.198413,"T","TGTGC",0,0.4,0.4,0.2
"chr19_44902465","rs2722653","C",0.208995,"A","TACAG",0.4,0.2,0.2,0.2
"chr8_143751698","rs4736369","C",0.456349,"T","AATGG",0.4,0.2,0.4,0
"chr18_68406990","rs12961820","G",0.0462963,"C","TACAG",0.4,0.2,0.2,0.2
"chr2_231907978","rs6436996","C",0.21164,"A","CAACC",0.4,0,0,0.6
"chr5_8727759","rs17290055","G",0.337302,"C","GTCAA",0.4,0.2,0.2,0.2
"chr3_42929776","rs2372270","G",0.224868,"A","ATGAG",0.4,0.2,0.4,0
"chr3_152077061","rs115200121","G",0.0132275,"A","AGATT",0.4,0.4,0.2,0
"chr18_8354262","rs12954518","C",0.337302,"T","AGTTC",0.2,0.4,0.2,0.2
"chr5_177006545","rs57688846","T",0.133598,"C","AGCCA",0.4,0,0.2,0.4
"chr6_67473770","rs12199008","G",0.130952,"A","AAATA",0.8,0.2,0,0
"chr7_86137507","rs3847029","A",0.101852,"G","AAATC",0.6,0.2,0,0.2
"chr9_33012862","rs74907412","T",0.116402,"C","CACGT",0.2,0.2,0.2,0.4
"chr18_28436584","rs17725004","A",0.304233,"G","CCGAA",0.4,0,0.2,0.4
"chr4_146214676","rs74525314","C",0.0277778,"A","TGAGT",0.2,0.4,0.4,0
"chr6_35252182","rs60569490","C",0.0185185,"T","TGTTT",0,0.8,0.2,0
"chr10_85274555","rs117313233","A",0.026455,"G","AAGCC",0.4,0,0.2,0.4
"chr11_565129","rs1599725","T",0.350529,"C","GGCTG",0,0.2,0.6,0.2
"chr1_43682017","rs611792","T",0.113757,"C","CTTCC",0,0.4,0,0.6
"chr19_46289392","rs8110017","G",0.212963,"C","GGGGG",0,0,1,0
"chr5_180679117","rs2770966","T",0.047619,"C","GGCTC",0,0.2,0.4,0.4
"chr9_100637339","rs10119795","T",0.404762,"C","TACCA",0.4,0.2,0,0.4
"chr19_20763030","rs34187414","A",0.449735,"G","CCAGG",0.2,0,0.4,0.4
"chr10_73799722","rs1245508","A",0.481481,"G","ACGCC",0.2,0,0.2,0.6
"chr17_18680061","rs67053020","G",0.498677,"C","TAGTT",0.2,0.6,0.2,0
"chr3_10037320","rs61429272","C",0.138889,"G","TTGGG",0,0.4,0.6,0
"chr1_1948400","rs13303344","C",0.300265,"A","TGCCT",0,0.4,0.2,0.4
"chr12_24110238","rs73070308","G",0.0952381,"A","CAAAA",0.8,0,0,0.2
"chr9_11243667","rs10809399","G",0.477513,"A","CTGTG",0,0.4,0.4,0.2
"chr11_64779612","rs77320687","T",0.0489418,"A","ACAAT",0.6,0.2,0,0.2
"chr1_193440722","rs1951917","G",0.149471,"C","TGCCT",0,0.4,0.2,0.4
"chr7_45138700","rs12702116","C",0.439153,"T","AATTC",0.4,0.4,0,0.2
"chr5_154272889","rs816735","G",0.0912698,"C","GGCTG",0,0.2,0.6,0.2
"chr11_115022162","rs77592574","G",0.0026455,"C","TCCTA",0.2,0.4,0,0.4
"chr4_174075134","rs1316412","C",0.23545,"T","CGTGT",0,0.4,0.4,0.2
"chr14_90657617","rs61211081","A",0.440476,"G","CCGTG",0,0.2,0.4,0.4
"chr2_165826943","rs10184126","T",0.458995,"G","ATGCC",0.2,0.2,0.2,0.4
"chr21_46906241","rs9977360","T",0.0965608,"C","CTCGC",0,0.2,0.2,0.6
"chr9_114844799","rs718834","A",0.332011,"C","GGCGG",0,0,0.8,0.2
"chr20_12732358","rs6109537","C",0.15873,"G","ACGGG",0.2,0,0.6,0.2
"chr6_25945211","rs2051541","A",0.484127,"G","GTAGG",0.2,0.2,0.6,0
"chr16_84148050","rs78445284","T",0.0780423,"G","TTGTC",0,0.6,0.2,0.2
"chr10_44225844","rs3120273","C",0.337302,"A","CCAGA",0.4,0,0.2,0.4
"chr4_9172012","rs3976565","C",0.484127,"G","AGGAG",0.4,0,0.6,0
"chr4_58156264","rs73819069","C",0.0277778,"T","AATTC",0.4,0.4,0,0.2
"chr9_21193170","rs7857169","A",0.44709,"G","TCACC",0.2,0.2,0,0.6
"chr6_150187712","rs1999633","T",0.257937,"C","GCCGC",0,0,0.4,0.6
"chr14_96086814","rs2369033","G",0.0806878,"A","AGGAC",0.4,0,0.4,0.2
"chr19_5853401","rs34552692","G",0.498677,"A","CTGCC",0,0.2,0.2,0.6
"chr1_28572227","rs12127089","C",0.236772,"T","GTTTC",0,0.6,0.2,0.2
"chr9_21780797","rs10965128","T",0.362434,"C","GACGG",0.2,0,0.6,0.2
"chr8_8088933","rs2945319","C",0.410053,"T","GATCA",0.4,0.2,0.2,0.2
"chr11_70248900","rs4367974","T",0.133598,"C","CACGC",0.2,0,0.2,0.6
"chr1_107399640","rs6665172","A",0.304233,"G","ACAAT",0.6,0.2,0,0.2
"chr1_238895637","rs7522120","A",0.380952,"G","CCGCA",0.2,0,0.2,0.6
"chr15_41603944","rs55782852","G",0.330688,"C","TTCTA",0.2,0.6,0,0.2
"chr1_159256453","rs73027947","A",0.00396825,"G","CGGTG",0,0.2,0.6,0.2
"chr11_74024820","rs1941817","G",0.425926,"A","TAGAG",0.4,0.2,0.4,0
"chr1_24825966","rs195716","G",0.40873,"A","AGAGG",0.4,0,0.6,0
"chr14_24903245","rs7143804","C",0.240741,"T","AGCAA",0.6,0,0.2,0.2
