"V6"
"GACGG"
"CCATC"
"CAAAA"
"CAATA"
"TTCGA"
"ACATA"
"AAATG"
"CAAGG"
"TGCTC"
"GCAGC"
"GCCCA"
"GAACC"
"GATTT"
"ATAAT"
"GGCAT"
"CCCGA"
"GCCGC"
"CCCCT"
"ACGAC"
"GGTTT"
"GTTAT"
"GTAGA"
"CCAAG"
"AAGTG"
"GTGTA"
"TCTTT"
"GGAGG"
"GCGCG"
"TGGGA"
"ACAAG"
"CTGTG"
"ATGTG"
"TCCTG"
"AATGG"
"TGTGT"
"ACGTG"
"AACCA"
"GCAAG"
"GAAGA"
"TCTGG"
"GATGG"
"ACCAA"
"GTGGG"
"ATGTT"
"ACTGA"
"ACATA"
"TGACA"
"GGCGT"
"CCAGT"
"CAATC"
"ATATT"
"GGGCC"
"CATTG"
"GTAAT"
"AGCTA"
"TGGGT"
"TTACA"
"TTCAT"
"CAACA"
"ACGAT"
"AATCT"
"ACTTT"
"GTGCT"
"GGCTC"
"ATGCA"
"CCATT"
"GTTGA"
"TGATT"
"CTAGC"
"TACGT"
"TCAGA"
"CCTGC"
"AAGTG"
"ACGCA"
"AGATC"
"TACGA"
"TTCTA"
"AGTCC"
"TTTTT"
"ACTAA"
"CCGTC"
"GCTTA"
"ACGTC"
"AATAA"
"TTGCA"
"TCCAA"
"CACGG"
"TGTGA"
"CCTCT"
"ATTAT"
"GGACT"
"CGCGG"
"CCGAG"
"TCAGT"
"TCACA"
"CCGAA"
"TCCCT"
"TCTGT"
"TACTG"
"ATCCA"
"AGGGA"
"ACGGC"
"ACTAA"
"CCATA"
"ACCTG"
"GGCCC"
"CAAAA"
"GAGAG"
"AATAT"
"AGCGG"
"TGCAG"
"TAATG"
"TCCCT"
"TTGTA"
"CGCGG"
"TATAA"
"AATTA"
"CCACC"
"ACAGT"
"ACGTA"
"AACTT"
"TCAGC"
"CGGAG"
"GGCTC"
"TTCTG"
"CCAAA"
"TTCGG"
"CCTGC"
"GAGGA"
"TTATA"
"TGCTG"
"AATGC"
"AACAT"
"CTGTA"
"AAAAA"
"AAAAT"
"AAAAA"
"TTTGG"
"TTACT"
"CCGCC"
"TACTA"
"TTAGG"
"TCAAT"
"AAATT"
"TTCTG"
"ATAGT"
"CATCA"
"TTTTG"
"AAAAT"
"ACTGA"
"CGGCA"
"AAAGA"
"CGTGG"
"GGCAT"
"ACCAT"
"AGTAG"
"GCAAA"
"TCGGT"
"TGCAT"
"CACAC"
"CTGGT"
"TAGGG"
"TTCAA"
"TATTA"
"ACACT"
"TCGTG"
"ATGTA"
"TACCC"
"CAGCT"
"TATAT"
"TTGGC"
"TTCAT"
"AACCA"
"AACCA"
"TGAGC"
"AACAA"
"ATGGA"
"GGCCA"
"CACGC"
"TCTAC"
"CGCAG"
"GAGCC"
"ACGTC"
"TTGGT"
"AGGAG"
"GGCGT"
"CCGCC"
"AGAAT"
"AAAAA"
"TCGAC"
"ACAAT"
"CCCGG"
"AGTCT"
"ATATA"
"CACAT"
"GCAAG"
"TTCGG"
"CTGAG"
"ACGTC"
"AAGAG"
"TTGTT"
"TCGCT"
"TCGCT"
"ATACA"
"AACGG"
"TCCCT"
"GTGCA"
"CTGGT"
"TTGTG"
"GGAAG"
"CACTG"
"GTGTA"
"GGAAC"
"TGCGT"
"TCAGT"
"CCGCC"
"CTAGT"
"TTGTT"
"CTTAA"
"CATCA"
"AACAG"
"CTTGG"
"TGACC"
"GAGTA"
"GGGAA"
"TCCGT"
"CCTTC"
"TACCC"
"TAAAA"
"TTAAC"
"ATTTT"
"CTGTG"
"CCAAA"
"GATGT"
"TGAAA"
"GACGC"
"GGATT"
"GCACC"
"CCGCG"
"CCACC"
"TCCTA"
"TGTGT"
"AGGGT"
"TTTGA"
"TCAGG"
"GCGTG"
"TATTG"
"ATACC"
"GCAAA"
"TCGAA"
"ACGGG"
"GCACA"
"TCAGG"
"CACTT"
"TATAC"
"ACTCT"
"TGCCG"
"CAAAA"
"TGCGC"
"TTACT"
"ATGTA"
"ATTTG"
"CCGGA"
"ATCAG"
"AATCC"
"GCGTC"
"TATGA"
"GAGCT"
"TGCGT"
"AACGC"
"AGATG"
"GAGTG"
"CCATC"
"TGAGC"
"CTCTC"
"ACCTT"
"TATTG"
"TAGCA"
"ACGAA"
"ACTCC"
"ATTAA"
"AAGCT"
"CCGAG"
"GCGGT"
"CCCCT"
"AGGTT"
"CATGA"
"TCCTT"
"TTCGG"
"ACACC"
"GCTCT"
"TGCGG"
"GAGTA"
"TGTGG"
"CTGCG"
"CATGG"
"GGGCT"
"AATAG"
"CCAAA"
"TGTTT"
"GAACT"
"ACGTG"
"ACCGG"
"TGTTT"
"AGACT"
"CTATA"
"CATGA"
"CTGTG"
"ATTTC"
"TTCCT"
"TACTT"
"CATTT"
"AGTAG"
"TGGCC"
"TTCAA"
"GGCTC"
"ATAGT"
"TATAA"
"TGTGA"
"TCATA"
"TTATA"
"TACCT"
"GCGCT"
"TACTT"
"GAGCC"
"CCCGT"
"AAGAT"
"TATGT"
"CACTG"
"AATTT"
"GTGCC"
"AAAGT"
"ACCGG"
"TCGCA"
"GGCAA"
"GTCCC"
"CCGAG"
"AGGGC"
"GCGTG"
"TGAGT"
"AAATA"
"CCTTC"
"CTCTC"
"GTGAG"
"GATGG"
"GGGAA"
"TCACT"
"TTGTG"
"ACGTG"
"CTCCT"
"CACCA"
"CAGAT"
"GGAGC"
"GACTA"
"CAGAT"
"TATAG"
"AGGGC"
"AGGAA"
"TACCC"
"ATAAT"
"GATTG"
"ACTGA"
"ACGGC"
"AACGG"
"TGCGT"
"AACGG"
"GCCTC"
"ATACC"
"GGGAC"
"AGAAG"
"ATTTA"
"TCAGC"
"CCAAA"
"CAGCT"
"AGCCC"
"CATTG"
"CCAGG"
"CACGG"
"AAACA"
"GCATG"
"ATATT"
"GATTG"
"TCCCT"
"GGGTT"
"ATTTT"
"CTCTT"
"TTATT"
"AAGAA"
"ACAAT"
"CATGC"
"ATACT"
"CACAG"
"AATAG"
"AGCCT"
"GGAAC"
"CTATA"
"CAGCA"
"TGATA"
"ATTTG"
"TCGGG"
"TTGGT"
"TTATG"
"CACCC"
"TCTAC"
"ATAAT"
"ATCTT"
"AACCT"
"TGGCC"
"GGGAG"
"TATGT"
"TAACC"
"CCAAA"
"AGGTT"
"TGTGA"
"CATGC"
"GTCCC"
"CCGCC"
"ATGTA"
"TTGTG"
"GACCT"
"AAACA"
"AACAA"
"TCGGG"
"TTTAC"
"ACGTT"
"TGCTA"
"TAATG"
"TGCAA"
"AAGAT"
"AGATT"
"GGACA"
"CAACC"
"CCTAG"
"TGGTC"
"ATGTT"
"GCGTG"
"ATGCC"
"TGCTC"
"CCGTG"
"AAGTA"
"GATCC"
"GGACG"
"GGGCA"
"TCGTA"
"TACCT"
"ACTGA"
"CCGGA"
"GTCGA"
"AGTCT"
"GACGT"
"TGTAA"
"GCTGA"
"TAACT"
"CTGTG"
"TATAA"
"TAGAA"
"GTGTT"
"CTATT"
"GTAGA"
"TGTGC"
"CCAAG"
"CTGCT"
"TCGAG"
"AACAA"
"CATCA"
"ATAAC"
"ATAAA"
"ACGTG"
"GGGTC"
"GGAAT"
"ACGCT"
"GCCGG"
"TTCAA"
"TGGCC"
"CTCTT"
"GGGAA"
"TGCTC"
"GCGGA"
"CCTGC"
"GGCCT"
"CCGCC"
"CTTGG"
"CTCGG"
"TTCAG"
"TGAGA"
"ACTGT"
"TGTTC"
"TATTG"
"GCCGG"
"CGCGC"
"CACTG"
"TGCTG"
"GCGTA"
"GCCAT"
"AGGAA"
"ATATT"
"TCTGT"
"ATGTT"
"CTATG"
"ACGGC"
"ATAGT"
"AAGAT"
"TCGGT"
"GCTGT"
"CTAGA"
"CTATC"
"AAGCA"
"CTTGT"
"TGTGC"
"CATTG"
"ATTTT"
"TAGAG"
"ATCTC"
"CCAGT"
"TGTTG"
"GGCTG"
"CCCCT"
"TATAC"
"GAGAA"
"ATACT"
"CCCTT"
"TGCCA"
"TGTGT"
"ATGTT"
"CTCTC"
"GCATG"
"ACAGC"
"AATTA"
"GAATT"
"TATTG"
"CCCGT"
"AGAGA"
"TACCT"
"CACTT"
"AGCTT"
"CATAG"
"AAAGG"
"AACCT"
"CACGC"
"ACATC"
"AGCGG"
"GCCGG"
"AGGTT"
"GGATG"
"AACAA"
"AAAAC"
"TTTTG"
"GCAGT"
"TCGTA"
"GTGAA"
"GGTTT"
"AACGT"
"TGCTG"
"CTGTA"
"TTAAA"
"ATCAG"
"ATATA"
"AACAA"
"GCCTC"
"TTGTT"
"TCCTC"
"TCGAA"
"ATGGA"
"AAACT"
"TTTTG"
"CCCGT"
"TGTGA"
"GCTGA"
"CTCAG"
"CCCGC"
"TCGTA"
"GAGTA"
"TCCGT"
"TTTAT"
"GGAGA"
"AGTTA"
"TATAC"
"CTGGT"
"GGGCT"
"CTCTT"
"CCCAA"
"GATAG"
"CGGGA"
"CAGAA"
"TCATC"
"GAGAC"
"GCCAC"
"CCGGC"
"AAGTC"
"CTGAG"
"CTTGG"
"GCTCA"
"CATGC"
"CACCT"
"AAGCC"
"ACCCA"
"GATGA"
"AACAA"
"AATGC"
"GTGGA"
"CCGTA"
"TAGAA"
"CCATT"
"AGGTT"
"TCTCC"
"AATTC"
"AAAGA"
"GTACC"
"CACTA"
"ACTCT"
"ATAGC"
"GTAAA"
"CTCCC"
"GCGTA"
"TCAAA"
"CAGAT"
"CATCT"
"TCGGT"
"AGAGA"
"ATTCG"
"CACGC"
"TATTT"
"CCATT"
"GCGTA"
"CGGGG"
"ACTTT"
"TTTTT"
"ACACT"
"TGCGT"
"CCCTT"
"AGATG"
"TAGGG"
"GATGA"
"GGGTA"
"GACTA"
"ATGTG"
"TCGAT"
"CACCT"
"CAACT"
"AGATC"
"ACATT"
"GCTAT"
"TGAGG"
"GCATG"
"GGTGG"
"GACAT"
"CAACC"
"TGTTG"
"AAATT"
"CAGCC"
"GCAGT"
"GGCTT"
"TCCAA"
"CAGGC"
"CACGA"
"AAGCA"
"TTATT"
"ATTAG"
"GGCGA"
"TCGTT"
"CCTGT"
"CCTGG"
"AAACG"
"ATATT"
"CTGGA"
"ATATT"
"AAGAA"
"CCGGG"
"CATGC"
"TATGC"
"AGCTC"
"GTGTG"
"CCATA"
"TAATC"
"AGCGG"
"ACCTG"
"GGGTG"
"TAACT"
"TTATT"
"TTCGG"
"TTTTG"
"ATAGA"
"TTTGA"
"CAGTC"
"ACGTA"
"GAATT"
"CGCTG"
"TGTTA"
"AAAGG"
"AGTGG"
"ACACG"
"GCCGA"
"GATCA"
"TACAA"
"TTGAA"
"ATAGT"
"TCCCT"
"CTCGC"
"AATAT"
"ACCGA"
"AGGCA"
"TGTCA"
"TTTAC"
"TCAGT"
"GTGAT"
"CAGAT"
"TGCTG"
"GGTCC"
"TTACA"
"CCGCG"
"CTTCC"
"GTCTT"
"TTCTT"
"CCATT"
"GCAAG"
"CTGCT"
"TCTGT"
"TGGGC"
"CCCAG"
"TTTAA"
"GGAAT"
"TTTGC"
"TGTCT"
"AACAA"
"CAATG"
"AGAAA"
"GAACA"
"ACCTG"
"TCTGG"
"CCAAA"
"CAGGG"
"GTTGG"
"CCTGT"
"AGATA"
"GACCC"
"GCCGG"
"AAGCA"
"AGAAT"
"AATTG"
"AGTAT"
"ACCCC"
"AGGGA"
"ACTTA"
"ATCAA"
"TATGC"
"CTCTG"
"CAATA"
"ATGCA"
"TTGTT"
"GAGGA"
"ACGCT"
"GGAGA"
"ACCGC"
"AGGCA"
"TTAGG"
"CTCAT"
"CATGA"
"ACTGG"
"AGGGG"
"ATGTG"
"TCCTA"
"TCAAG"
"GAAGT"
"CAAAT"
"CAGTG"
"GCGCA"
"ACACT"
"CAGTG"
"TGCCC"
"ACCCT"
"CAGTA"
"CTCGC"
"CTGTT"
"GTATG"
"AAAAA"
"CTGGA"
"CATTC"
"CGTGT"
"CCTCA"
"TCTCT"
"TACTA"
"AGGGG"
"CCGCC"
"ACTGA"
"TACTT"
"ATCCT"
"GGTGT"
"TATCC"
"AGCCA"
"ACCGG"
"TCCCT"
"CTCCA"
"ATCTG"
"GATGG"
"ATAAA"
"GGAAA"
"AACTG"
"GACGA"
"AAATT"
"AGTCT"
"CGTAA"
"TACTT"
"AAACA"
"TATGA"
"TGTGG"
"CTCTC"
"CTCGA"
"ATATT"
"AGCTT"
"CTGTC"
"TGCTG"
"TTTAT"
"ATTTG"
"TAGAG"
"TAACT"
"GCCGA"
"AGTAG"
"ATCAA"
"TAGCT"
"TGAGA"
"ACGTG"
"ATAGT"
"TAGAC"
"CTATT"
"AGGAA"
"ACCTA"
"GGTGT"
"CATAG"
"TACAG"
"CCCGT"
"TTGAA"
"GTCAA"
"GCATG"
"CGGGT"
"CTATT"
"TGTAT"
"AGACC"
"GGGGT"
"CAGCA"
"AGGAA"
"TATGA"
"ACATT"
"TTCTG"
"ATTCG"
"AGCAC"
"GTCAG"
"CCGTT"
"ACCTG"
"AAGTT"
"AACGA"
"GATTC"
"TTTAT"
"ACGGT"
"TTGGC"
"TTTTG"
"AGACC"
"AGCTA"
"GCACC"
"TCAGG"
"AAATA"
"CAGAT"
"CTTCA"
"ATGCT"
"ACGCT"
"CCCCA"
"GGTAG"
"TAGGA"
"GAGGA"
"TGGCT"
"AGGTA"
"CCCAA"
"TAATA"
"CACGG"
"CAAAA"
"TACTG"
"TTAGA"
"TTCTT"
"GCTGT"
"TCCGC"
"CTCTT"
"CTGTA"
"GGCGC"
"GGTGA"
"CAGCA"
"AAACA"
"GTATT"
"GCTCT"
"TTCTG"
"AAGAA"
"CCAGT"
"CCAAG"
"GTATC"
"CGCCA"
"GGGTA"
"CCACC"
"ATCTA"
"GGGTA"
"CATAG"
"TCGTC"
"GACGG"
"CAGCT"
"TAAAT"
"CCCAG"
"TACGA"
"CTCAC"
"TCGTT"
"TCCCT"
"AAGAA"
"GCATG"
"CATGG"
"TACCT"
"TTGAG"
"AGTTC"
"TTTCT"
"CGTCC"
"CCTGG"
"TTGTA"
"GCCGC"
"TCCAA"
"CTCGC"
"TTGCC"
"AACGA"
"GACGT"
"CCGGT"
"AGGCA"
"CCCGG"
"CAGTC"
"CGACG"
"TCCTC"
"GGTGC"
"ACCGG"
"AAAAA"
"TTAAT"
"CTCTA"
"GGAAC"
"ACGTA"
"TACAC"
"CTCAA"
"TAGTC"
"CTCAT"
"ACATA"
"TCAAG"
"TTGCT"
"CAAAA"
"GGCAC"
"TGTGT"
"TTAAT"
"ACAAT"
"GTCGG"
"CAGTA"
"GTGGC"
"CATAT"
"TTCCC"
"ACGGC"
"AGTTG"
"GTTTT"
"TCCCA"
"ATCAA"
"GACGA"
"AACAG"
"CTCAC"
"ACGTA"
"GCGTG"
"GTCGG"
"GGCTT"
"TACAA"
"GACGA"
"AGCTT"
"TACTC"
"TCTCA"
"GTCTC"
"TTAAA"
"AAGCC"
"CCTCA"
"TTGGG"
"TCGAG"
"CCGGG"
"TTCAT"
"AAACT"
"AGTGG"
"TAGGG"
"ACGGA"
"TATAG"
"GTATT"
"AGCTT"
"TCCCC"
"AGATG"
"GGGGG"
"ACAAT"
"GCCTT"
"TCAGT"
"AACGG"
"TATGT"
"CCTTA"
"GCATA"
"TCGTA"
"GAATC"
"TTCTT"
"GTTAA"
"CCGGG"
"TATGA"
"CAATG"
"AATAT"
"AGCCA"
"CTGCC"
"ATGAG"
"TTCTG"
"GCACT"
"GGGTC"
"CCCTG"
"TGTAC"
"CAAGG"
"CATTC"
"GTTCT"
"TCCGG"
"CGTCC"
"AGCCA"
"ACTTG"
"TTCTG"
"TCGGA"
"GACGC"
"GGTGC"
"GAACC"
"GCCAA"
"AAATG"
"TTGCT"
"AAGTT"
"TATAG"
"TGAGG"
"AGGGT"
"AGGTC"
"GCTGG"
"AGCCT"
"GAACA"
"TGTGG"
"AACGG"
"GGTGT"
"CCCTC"
"CACTC"
"CTTGC"
"AATAT"
"ATTTC"
"TCCGC"
"CCACC"
"ATTTT"
"TCCAA"
"AGATT"
"ATACT"
"TGCCT"
"ACCAA"
"AGAGA"
"TATGC"
"CCTGT"
"CTGCG"
"GTGCA"
"CCCCC"
"CCCGG"
"CCAGA"
"TCTCA"
"GCGGG"
"TTCTA"
"TTTAA"
"ACGTC"
"GGGAA"
"GCGGC"
"CAGTG"
"TCTTC"
"TCTAC"
"CCAGC"
"TCCCA"
"AATGA"
"TGAGA"
"CCGGG"
"ACAAA"
"TGGAT"
"TATGG"
"GATCA"
"GAATA"
"CTTGT"
"CAGTC"
"GTACT"
"ATTAA"
"GCAGT"
"CTACT"
"CCGGT"
"CAGAA"
"CGGAT"
"TTGTC"
"GAAAT"
"GCGCA"
"ACTCT"
"AACAG"
"AGAGG"
"TATTC"
"AGGCC"
"TGTGC"
"AACTT"
"TTATA"
"AAGGT"
"TTTAA"
"CCGCA"
"TGCGG"
"CCGTC"
"ATTAG"
"GGCTC"
"CACTG"
"GAGGT"
"GGTTG"
"TCCGT"
"TTCCA"
"TCTGT"
"AGGGA"
"GCGAG"
"CCTGG"
"CATGC"
"TGTGG"
"ATGGA"
"GGAGG"
"GATCT"
"CTCTT"
"ACATA"
"CTTCG"
"CTGGG"
"TACCC"
"CCATT"
"AATCA"
"GGATG"
"GTCTT"
"GTTGA"
"GCGTT"
"AGCCC"
"TGCAT"
"CGGGT"
"GTGTA"
"AGGTG"
"GTTGC"
"CAACT"
"ATATC"
"GCCGG"
"CCAGA"
"AATCT"
"AGCGG"
"CACCT"
"CGCCA"
"CCCGC"
"AGCCT"
"GGTGT"
"TAATA"
"CACGT"
"CCGGC"
"CTGTA"
"ATGAC"
"ACGTG"
"AGTTG"
"AGTGA"
"TAGGA"
"AGCTT"
"AAATA"
"CTGTC"
"AAAAA"
"GGAAG"
"TACGG"
"GATGG"
"GCGCA"
"CCGTT"
"TCAGT"
"AAATT"
"TGGAC"
"TTGTT"
"AATGA"
"CACCC"
"GCGGC"
"GCCGG"
"CCCTG"
"CCCGC"
"AAAAA"
"AGCAC"
"ACACC"
"TCAGT"
"CAATG"
"AAAAA"
"GGACA"
"GCCTT"
"CGTGT"
"TAAGA"
"TTGCG"
"GCTGT"
"CTCGT"
"TATCA"
"GGCCC"
"CTGCT"
"CTCGC"
"CATGT"
"ACTGA"
"TATGG"
"GTACT"
"TATAG"
"TGAAA"
"CCTCA"
"GAGTC"
"TCCGC"
"GGTGG"
"GACAA"
"GGGTA"
"TCGAG"
"TTAGC"
"TGGAA"
"TTGTC"
"AACTA"
"ATACC"
"TGAAT"
"TACAT"
"GAAGA"
"TATGT"
"CCTGC"
"TAGTT"
"CCATG"
"AATAG"
"GCAGA"
"GTCTT"
"CTTGC"
"GGATG"
"TACAT"
"CACGC"
"ACATA"
"TCTGT"
"TTATT"
"GCAGG"
"TCCTG"
"CTTTT"
"GCCGG"
"TCGGC"
"CCCTG"
"CCGGA"
"AAAGT"
"CCGTC"
"CTCTA"
"AGAGG"
"AAAGC"
"GATCA"
"CAAAC"
"TAAAA"
"TCGGT"
"TTTAA"
"TCACA"
"CCACC"
"CTTCT"
"AACCT"
"CTGAA"
"AGGTT"
"CGGTG"
"CTCTA"
"TTTGA"
"AACAG"
"GAGAG"
"ATACC"
"AACGA"
"TGCTC"
"TTGAA"
"CTTAG"
"TGTCC"
"ATATA"
"CTCCA"
"TTTAA"
"GATCA"
"AGAAA"
"GCAGT"
"AGGTG"
"AGGTG"
"GACAG"
"GACAT"
"AAGTT"
"TAGTC"
"TCTTA"
"AATAA"
"GGTCT"
"ATTCA"
"TTAAG"
"CCCTA"
"GTGTT"
"CATTA"
"GCCGA"
"CCATT"
"GGTGT"
"TATTA"
"GTTGA"
"CTCAC"
"ATGTA"
"CATTT"
"TTATT"
"CCTTG"
"GTGTT"
"TCAGC"
"GGAGA"
"TCACC"
"GCAAA"
"CGCGG"
"TGGAG"
"CGCGG"
"TCTCA"
"GAGTC"
"ACAGG"
"TATTG"
"GCGAT"
"AATTG"
"AAGCC"
"AATAA"
"GGGCA"
"TGTCG"
"AGTCC"
"GCGAA"
"CAGAA"
"ATTGA"
"TCATT"
"GCGCG"
"CACGC"
"GACCA"
"CCTGG"
"GAGAA"
"TCGTA"
"ATTTG"
"AACGC"
"AAAAA"
"CAGGG"
"TGATC"
"TTGGC"
"TGGAC"
"AACCT"
"TCGAT"
"TGGGT"
"AAGAA"
"TCTGG"
"ATCCT"
"ATCAT"
"GTAAA"
"TACAC"
"AGCAT"
"AAGTG"
"ATCTG"
"GTGGC"
"AGAAA"
"TACAG"
"TCCCT"
"TTTAG"
"AATTT"
"TGAAT"
"AAAAT"
"AGGAT"
"TATTG"
"CACCT"
"CAACG"
"TTGCA"
"GCTGA"
"GACGG"
"GACCC"
"CAAGA"
"GACCT"
"TCACT"
"GCCCC"
"CCCGC"
"TTGAA"
"CCCCA"
"ACCTG"
"TCTTC"
"AAAAG"
"TACTT"
"TTGGG"
"TGGAT"
"CAGAA"
"TGGCA"
"GTCTC"
"GCTGA"
"GATTC"
"AGCGA"
"CCCAT"
"GTATC"
"ACTTC"
"CTCCG"
"TCTCC"
"CCGTC"
"CACAA"
"AAGTT"
"CTACA"
"TCATA"
"CAGGT"
"GCAGA"
"AACCC"
"GGCCC"
"CACGA"
"GTAAA"
"AGTGA"
"TTCGT"
"TCTGG"
"TTCGC"
"AATGT"
"GCATC"
"GGCAG"
"CTATG"
"ACACC"
"CTCTA"
"TCAAG"
"AAGGA"
"AGGCA"
"ACGTG"
"GGCGA"
"GACTA"
"AGGCA"
"CAGTG"
"GAAGT"
"CCACA"
"TTTAT"
"ACGAT"
"CACCC"
"CATGC"
"CTGGC"
"CAGTC"
"ACGTA"
"CTGAC"
"AAATG"
"ACGGT"
"GCCCT"
"ACTGA"
"TAATA"
"GATGC"
"CCGTT"
"TCAGA"
"AAAAA"
"CGAGG"
"TCTTC"
"CTATG"
"GAAAT"
"TGGTA"
"GTTTC"
"TAGGA"
"ATTTG"
"GGTGA"
"GCAGT"
"GGACA"
"GCGGG"
"AAACA"
"GGGGA"
"CCGCC"
"GTGTA"
"CCATT"
"CACAG"
"GTTAG"
"TGGTG"
"TTGTT"
"GACAG"
"TTCCC"
"CGGGT"
"TAACT"
"GAGTC"
"GAGCC"
"TATGG"
"GTGTC"
"AAGGG"
"TGGTC"
"TACGT"
"TGGAG"
"CCACC"
"CCCCA"
"GGTGG"
"CTCAT"
"GTGCT"
"CATCT"
"AGAGA"
"TAATT"
"CCTGA"
"TCTCT"
"TCGAA"
"ACAGT"
"TCGGC"
"GAAGC"
"GCATG"
"GTCGT"
"GGCGG"
"CGCTA"
"GATGC"
"GGTGA"
"CCGGC"
"CAGGT"
"TATCA"
"GATGA"
"CCCAA"
"CGCGG"
"TTAAA"
"TTTTG"
"ATAAT"
"GACTC"
"TTAGT"
"TCAAA"
"TTATT"
"CCAAC"
"CTAGA"
"ATGGC"
"TTTTT"
"TTATA"
"CACAG"
"ATCTT"
"TCGGT"
"CACTG"
"AAAGC"
"ATCGT"
"TCTTT"
"GGCAT"
"AATAA"
"TGCAA"
"ATGTC"
"TGGGG"
"CCCGC"
"TATTT"
"CAGTG"
"GGGAT"
"GCTTT"
"TTCAG"
"TGCAA"
"TCAAA"
"GAATA"
"CCGGG"
"AATCC"
"AGCTT"
"TACTG"
"TCTTT"
"AACGT"
"CACGC"
"GGGAT"
"CTAAA"
"AAACA"
"ACACT"
"TCTCT"
"AAAAA"
"CTATC"
"CTGCT"
"CTCAG"
"CTTTC"
"GTACA"
"AGTGG"
"CCGTC"
"CTCGA"
"CCAGT"
"CACAA"
"TATGA"
"GATAG"
"TTGCT"
"AAGTC"
"AACTC"
"GCCTG"
"CTACA"
"AAAAA"
"ACCTT"
"ATGGA"
"TATAC"
"TTTAG"
"TAGCA"
"TTGAG"
"TCGCG"
"AGTGA"
"TGGGC"
"ATATA"
"ATGTC"
"TGTCT"
"TAGGG"
"CATAG"
"AAAAT"
"AACGA"
"CCCGG"
"TCAGG"
"ACCGA"
"TTCCT"
"AGACC"
"TTTGT"
"AAGGA"
"CACCC"
"AGATC"
"CACGC"
"CCCTG"
"CCCGG"
"AGTGG"
"CACGG"
"GTGAC"
"AGGTA"
"GGATG"
"TGTAC"
"TAATC"
"CTCTT"
"CCCAG"
"AGGTA"
"CTGGG"
"GAGTC"
"TGCTC"
"ACCGC"
"TGACG"
"TTCTG"
"AGCAT"
"TCGAA"
"AACCA"
"AAAAC"
"TCAAG"
"ACTTG"
"TCAGT"
"GCGGG"
"AAAAG"
"CACAT"
"ACCGA"
"CGTCG"
"TGACA"
"TCAGG"
"TTTGT"
"GACAA"
"ATCTG"
"GGCGC"
"ATCAC"
"TTTGA"
"CTATT"
"AGCGA"
"AAATG"
"TCGAG"
"CCTGG"
"TTTCC"
"TAGAT"
"TCAAA"
"AAATT"
"ATGTC"
"CCATA"
"TTGTC"
"GTAGC"
"AAAAA"
"CCTGG"
"AGGCA"
"GTAAT"
"TATTA"
"AGCCT"
"TCGCA"
"ATGGA"
"CCGTC"
"ACGAA"
"ATTCC"
"CCCGG"
"TGAAG"
"GAAAA"
"GGCGC"
"GGCAT"
"TGCTT"
"AACAA"
"AGCAG"
"CAGAC"
"AATTA"
"TCACT"
"GCTAA"
"TAACT"
"ACAGA"
"CATTT"
"GCGCT"
"GTTGA"
"ATCTT"
"AGTAT"
"CAAAT"
"AATGG"
"GGTAG"
"GGTGG"
"AAGTA"
"CATTT"
"ACGGT"
"CTTAC"
"ACTTC"
"TAAGC"
"TAAAA"
"TCTAT"
"ATGGT"
"TTCCC"
"TTAAA"
"ACCAC"
"CCCGT"
"TCAAT"
"ACACA"
"GCCTT"
"AGGGG"
"GACGT"
"GGGAC"
"TGCCC"
"GTCGC"
"ATGTA"
"AACAA"
"GGCCA"
"AAAAA"
"AACAA"
"ATATT"
"AACAG"
"CTCGG"
"GATTG"
"ACGCT"
"CCAAA"
"ATGTA"
"CTGTT"
"TTATT"
"CATGA"
"CACAA"
"TGGGA"
"TTCTG"
"TAGTC"
"TCGCG"
"TGCCC"
"AGTTC"
"GCTGG"
"TCAAA"
"AGTTG"
"TATTA"
"CATGG"
"AGGTA"
"GGAGA"
"AATTC"
"CCGGG"
"CACTA"
"GCAGG"
"TTCTG"
"GCCGG"
"TCCGG"
"CAATA"
"CCCGA"
"GGCCA"
"GGGGG"
"CCCTG"
"TCTCT"
"TCGGC"
"ATGAA"
"GCGGG"
"TGCGT"
"TTAAA"
"GTGAT"
"TATTA"
"GTATC"
"TCGGA"
"TATTG"
"AGTAT"
"CCTCC"
"AGCTA"
"ACGGA"
"AGCTA"
"ATACA"
"GGACT"
"GTCTG"
"GGCCC"
"GCTCA"
"CACAA"
"CAATC"
"AGCCG"
"CACAG"
"CTCGG"
"ATATA"
"TGGTG"
"GCTCG"
"TACAG"
"CCGGC"
"GCGGT"
"TTGAT"
"CTCCT"
"GTGAC"
"AACAT"
"CCTGA"
"GTCGC"
"AGAGT"
"GTCCC"
"CCTGA"
"GCTGC"
"CTTCA"
"CGGGA"
"GGAAT"
"TGATC"
"TGCGC"
"GGGGG"
"GGTGC"
"AGGTT"
"AAGAG"
"GGTGC"
"CACGT"
"GCGCC"
"GCTGC"
"AGGTT"
"TTTTA"
"CTCAG"
"GTCCA"
"CGGGG"
"CCGGC"
"ATGGT"
"CGCGC"
"GGGCC"
"TCCGT"
"GGTCA"
"AGGGG"
"GGGAG"
"ATAAT"
"CTCCA"
"ACGCC"
"ACCGT"
"TGCGG"
"TTGCA"
"CTTGT"
"TCCTC"
"TCTGT"
"AAAAG"
"AGGTG"
"TTGTT"
"ACCAG"
"CCCGG"
"GCCAG"
"AAGGT"
"CAAGC"
"GCGGG"
"AGGGA"
"AACCT"
"ACGCT"
"TGCCT"
"TTAAT"
"TTTGT"
"TCCCT"
"TCTAC"
"GAAGG"
"CATGG"
"AATGG"
"ACGTT"
"GAACA"
"CTTAA"
"GAGTG"
"GTTTG"
"GTGTA"
"GTCAT"
"CTCTC"
"ATACA"
"CTTTG"
"TACTG"
"TTCAC"
"CATTT"
"CCCTA"
"TCTGT"
"GCAGG"
"GTGTA"
"TTATA"
"AGGTA"
"TACCA"
"GCGTT"
"GAAGC"
"AAATG"
"TTCAG"
"TTACA"
"ACCTT"
"AAAGT"
"GCGAT"
"TATTC"
"AGAAA"
"CTCAA"
"TCGTC"
"AAGAA"
"CTGTC"
"TCTGC"
"GTGCC"
"GTAGG"
"CCCAG"
"AGTCC"
"GTATG"
"TCGCC"
"CTGGT"
"CTTCT"
"ACTGC"
"GGCAC"
"ACAAA"
"CCTGT"
"CAGGA"
"TTTTG"
"CAAAG"
"GTTCC"
"GGCTT"
"TTTAT"
"ACGCC"
"TTAAC"
"TCCTC"
"GGCGC"
"ACGCT"
"TCGTA"
"CTTTC"
"CATAA"
"CCCCA"
"CTGTT"
"TCCGC"
"TATTC"
"GTGTA"
"CCCTA"
"CACGC"
"TTTGG"
"GGAAG"
"CAAGC"
"CTGTA"
"ATAGT"
"ACGTT"
"ATGTT"
"AATGT"
"CTCAC"
"TGACA"
"TGCTG"
"GCATA"
"CACGG"
"TCGGC"
"TGACT"
"CGGTC"
"TGTAT"
"GGCCT"
"TGTAC"
"AGCCC"
"TAACC"
"CCCGA"
"TGTTG"
"TACAC"
"GACTA"
"ACGAT"
"CTGCA"
"CTTCC"
"TACGT"
"CAAAA"
"TTTTT"
"GGCGT"
"GGCGG"
"AGCTC"
"AACGA"
"TTCAA"
"TACCT"
"AACTA"
"CATGC"
"TTATG"
"GAGTA"
"GCTGT"
"ACCGA"
"GTGTA"
"CTGGA"
"CTAGG"
"TTATT"
"TAGAG"
"TTCAC"
"GTCAG"
"TTCGT"
"AGTGT"
"AATCA"
"GCATG"
"ACATG"
"AGTCC"
"CCGGT"
"AAAAT"
"GGCTG"
"ACAAG"
"GAAAA"
"CTCCC"
"CCAGA"
"TCAGA"
"GGGCT"
"CCTGA"
"GGAGT"
"AAAAA"
"TACTT"
"ACACC"
"CCAAA"
"CATGT"
"ACTCA"
"CTATA"
"AAGAG"
"AGACA"
"GCAGA"
"CAACG"
"CCATC"
"AGCAC"
"CTACA"
"TGGTT"
"CTATA"
"ATATA"
"CCACT"
"TACGT"
"ACACA"
"AGGAA"
"ATGGT"
"TTCCA"
"CCGCC"
"AACAT"
"TTGAC"
"TATAG"
"GGAGG"
"TCAAG"
"CCAGC"
"ACAGT"
"TCTTA"
"ACCGA"
"ATCTA"
"GGGTT"
"CCACC"
"GAACT"
"GCATG"
"GGCTG"
"GTGCT"
"ACGTG"
"CATCT"
"GTCCC"
"ACTGT"
"GGGCC"
"AGCCT"
"CCATT"
"CTGGT"
"AGTAG"
"GCAAA"
"GACGG"
"GCGAC"
"GGGTT"
"ATATT"
"GTTCT"
"TATTT"
"CCGCT"
"GGAAA"
"TGCTG"
"CACGG"
"ACCGC"
"GGCGA"
"GAGTG"
"GTCTA"
"CATCC"
"CCCGG"
"CACAG"
"TGATT"
"GAGAA"
"GAAGA"
"CCAAC"
"AGTTT"
"GTCGC"
"TGCTG"
"TCTTT"
"TCTGG"
"GCGGG"
"AGGTG"
"TAGAT"
"CAATT"
"CATGT"
"AACGT"
"GATTG"
"CCCGG"
"ACGAG"
"GCACC"
"TATGT"
"TATCT"
"TAAAT"
"GGGGT"
"CAACA"
"CTATT"
"TGTAA"
"GGAAA"
"TTCGT"
"GCTCT"
"AACAC"
"GGATC"
"TTTCT"
"TCGGG"
"TGCGA"
"TGCAA"
"GCCGG"
"AGTGA"
"GCCCC"
"AAAAG"
"AAGAA"
"GGACT"
"CAATC"
"CCGGT"
"TACAA"
"AAACC"
"AGGAG"
"GTATG"
"CTGTC"
"TACCT"
"GTGGT"
"AAGCC"
"AACAT"
"TCCTT"
"ACTAA"
"GGAAG"
"GTGAC"
"CTCCC"
"TTTAC"
"GCGAG"
"TATGG"
"TACAG"
"AGGGC"
"TCGTC"
"TAAGA"
"GATTT"
"GTCGA"
"TCCGC"
"TGGAG"
"AGCGA"
"GCCGG"
"ATCGC"
"CATGT"
"TCCAC"
"CCGGG"
"CGATA"
"GTGTT"
"GGTGG"
"CACTC"
"AGGAT"
"ACTAG"
"TACAG"
"TAAAT"
"CACGT"
"GTATA"
"ATACC"
"GGGCT"
"ATATC"
"TTTGC"
"AAAAA"
"AAATT"
"AAATG"
"GCCGT"
"GGAAG"
"ACAGT"
"GGGTA"
"AACCC"
"AGCCT"
"CAATG"
"ATACA"
"TACCC"
"TCCTG"
"AGATT"
"GCATG"
"AGTTC"
"GTAGT"
"ACCAA"
"TGTAA"
"GCCTC"
"GTCGA"
"TAGTA"
"AAAAT"
"CAACG"
"GCACA"
"ATTAT"
"GGCGC"
"TGCTG"
"ACAGG"
"GGGGT"
"TGAAT"
"TTCTC"
"CCAGC"
"CCGTG"
"ACACT"
"CTTCC"
"TTAAT"
"GGTAG"
"TCGCA"
"AGCCA"
"ACACA"
"TGACT"
"AGGGG"
"TAATA"
"GATGC"
"CCATC"
"ATAAA"
"GGGAA"
"GATGG"
"TCGAA"
"AGCCC"
"GCCGC"
"CTTCC"
"CCGCC"
"GCAGG"
"CTGTG"
"CCGTG"
"GCTTG"
"CTATA"
"CCCGC"
"GCTGG"
"TCATG"
"GGCAG"
"AGAAA"
"CACCC"
"ACAGG"
"CCTGT"
"CCCTA"
"CTCTC"
"ATAAA"
"ATTCC"
"GCGTC"
"GATAG"
"CTTGC"
"ACGAT"
"TCGTT"
"GTCTT"
"AGCGA"
"CTCTG"
"AACTG"
"AGCGG"
"TTCTC"
"ACTGT"
"CCGAC"
"GAATA"
"CCCAG"
"TAGCA"
"CTAAA"
"ACTGC"
"TCATG"
"GTGGG"
"AAATG"
"CCGAG"
"CACGT"
"CTCGT"
"CTTTC"
"CACCT"
"TTTTG"
"AGCCT"
"TTGCC"
"GTAGG"
"AGTAG"
"GAAGA"
"GGGGG"
"GTCGC"
"CACGA"
"CAGAT"
"ATCAC"
"GCATA"
"GCCGT"
"AACGG"
"GGCTC"
"CTCTT"
"AGGTC"
"TCGGG"
"TACGG"
"TATTT"
"TTAAA"
"TCGCC"
"TTTAA"
"AACCC"
"GCAGA"
"ACCAA"
"CCGCA"
"TTTCC"
"GGTCT"
"GGCTA"
"CCCAG"
"GACGC"
"TTTTA"
"GCGCA"
"AATGT"
"TCAGA"
"TATTC"
"GACAC"
"TCATG"
"CACAA"
"GCAAT"
"GCACC"
"AAAAA"
"TAGGA"
"AGCTG"
"AAAAC"
"GACGG"
"CCCGA"
"AGGTC"
"CCCAT"
"TACGG"
"AAGCT"
"CCGCG"
"ACGTA"
"AGTAT"
"CCCTG"
"CAACC"
"ACTGA"
"GGAGG"
"GATGA"
"ACCGC"
"TACCT"
"CAGGG"
"GCGAT"
"GTTCT"
"TCCTC"
"TGTCT"
"AATAA"
"TCAAA"
"GTCAA"
"AAACA"
"CTCAA"
"TAGTG"
"ATTTG"
"CTGGG"
"GATGC"
"CCCAA"
"ACATT"
"TTATT"
"AGCAA"
"CCAAT"
"AGTGA"
"AGAGA"
"TTTGG"
"CTGGG"
"TGGCA"
"GTAGA"
"TAGCA"
"CACCA"
"AGCAG"
"GTGCA"
"TTTTC"
"AACAA"
"TTCGA"
"GATTA"
"GGCGT"
"TCTAG"
"TTTTA"
"ATAAC"
"CTGGA"
"TTTCA"
"TGATA"
"GCACT"
"CTAGG"
"ACCCT"
"AGACC"
"TGGCA"
"CAGTG"
"CATGG"
"GCTTG"
"CCCTG"
"AGCTG"
"TGTTC"
"CCCCA"
"AAAAT"
"GGAAG"
"GAAAA"
"ATCAT"
"CCCGG"
"ATATT"
"ATTAC"
"CTGGC"
"CAGGG"
"ACAGC"
"TCGAG"
"TGAAT"
"TGTCT"
"AACAA"
"GCGGG"
"CAAAT"
"ACCAT"
"CAGGT"
"CTCTC"
"GAGAA"
"AGAGG"
"GCGCG"
"CAGTG"
"CGGTA"
"CAGGC"
"AAAGA"
"CAGCT"
"CCCAC"
"GTCTT"
"CATTT"
"GGCGC"
"CTCCA"
"GAGAT"
"GGGCG"
"TCGTG"
"AATGT"
"GCACA"
"TCATT"
"ACACT"
"AAGTC"
"CTTAC"
"CCAGT"
"GTTGG"
"GTACT"
"GGCAG"
"CAAGT"
"CCGCT"
"CCTCC"
"GTGCA"
"GCAGA"
"AGAAA"
"CCCTC"
"GACAA"
"TCGCA"
"ATTCC"
"GGCCC"
"AGTCT"
"AAGAG"
"GACCC"
"ACATT"
"GGGAG"
"AATTT"
"TCTAA"
"GCACT"
"GACTA"
"AATAA"
"TTTTA"
"TCGGA"
"TGCCA"
"AGCTC"
"GATGT"
"CCGGG"
"TTGGA"
"TTGTT"
"ACGTA"
"CTCGC"
"AGGAA"
"AGTAC"
"GAGGC"
"CCATG"
"TATGC"
"CCTGG"
"TCTGC"
"ACGCG"
"GGGGT"
"CCCCT"
"GTATC"
"TAAAG"
"GCGGC"
"AACAT"
"CACTC"
"GGGAC"
"TACAG"
"AGATG"
"AGGAT"
"TCCGC"
"GGTAT"
"CCCGA"
"TGCAC"
"TTCGC"
"ATGCA"
"GGCCA"
"GCCTC"
"TAAAA"
"CTAAG"
"TTGAT"
"ACTGC"
"TTTGG"
"GGGCT"
"AACTT"
"TATAA"
"AACGT"
"CACTG"
"CATCT"
"AAGCT"
"TATAT"
"ATCTA"
"CAGTC"
"GGATT"
"CCAGC"
"CCAAA"
"AAGGA"
"TTTAA"
"AGCGG"
"TCACA"
"CAAGC"
"GAAAT"
"GGAAG"
"CCCAA"
"CAAGT"
"TCAAA"
"GCGCA"
"TTCCA"
"TAAGG"
"AAACT"
"CCATC"
"CGCCC"
"CCGGA"
"CTCAA"
"CTTTA"
"ACGTC"
"CCTTG"
"TCGAG"
"GTCGC"
"TTTAG"
"CCGAG"
"AGGGG"
"CAGCC"
"CCCAC"
"TTCTG"
"CAGGA"
"ATAGG"
"CTACA"
"AGGAA"
"GGCAA"
"GGCAC"
"ACCGG"
"GGCCA"
"TTATT"
"GGGAT"
"CTGAG"
"CTGTA"
"CCATG"
"TCCCA"
"CCCAA"
"GACTA"
"TCCTA"
"AAAAA"
"ACCCC"
"CTGCT"
"TCACC"
"ACAAT"
"ACAGA"
"CGTTA"
"TTGCC"
"TTGAA"
"ATCGA"
"GGTTG"
"TTGGG"
"TTTAA"
"GTCCA"
"ACGGG"
"CTCAC"
"TTTCA"
"ACGTA"
"CCCTA"
"CCTGA"
"CGACC"
"AGCTG"
"CATAG"
"CACAT"
"ATATA"
"TTGTT"
"CTCAT"
"GTATT"
"TGCAG"
"ACTTC"
"CTGCA"
"CAGCA"
"ACCGG"
"CCTTC"
"CTCTC"
"TAGTA"
"TTGAA"
"GATTC"
"CCGTT"
"ATTGA"
"TCAGT"
"AGCAT"
"CTTTC"
"AGGCT"
"AACGA"
"TATAC"
"TCTAT"
"GAAAG"
"CACAG"
"GCGGG"
"ATATT"
"CTACA"
"ATCAC"
"GCGAA"
"GCATG"
"CTCTA"
"CTCAT"
"GAGCC"
"GTTAA"
"AAATC"
"TTGAG"
"TCTGC"
"TGATT"
"TGCAG"
"CTGTA"
"TCGGA"
"CAGGT"
"ATCGC"
"CCGTC"
"TTTAG"
"AGGCT"
"GTCCC"
"CAGTA"
"TCCGC"
"TACTG"
"TTAGG"
"CTTCA"
"TTAAT"
"AGAGG"
"TCTTT"
"CCCGT"
"GAAGA"
"TGGCA"
"ATTGG"
"CATGT"
"TGTAT"
"TTTAT"
"TCGTT"
"GGCGG"
"TGAGC"
"AGAAG"
"GGCGT"
"CTGTC"
"TAAGC"
"GACAT"
"CCGCC"
"AGGGC"
"AGTAA"
"CATGG"
"AAGTA"
"TGAGA"
"GAGTG"
"TGCCT"
"AGATG"
"GGACA"
"CTGAG"
"TTGAT"
"CAGAT"
"AATCT"
"CCTTG"
"TGTGT"
"GGTAG"
"GGGCT"
"CCAAC"
"CTCTA"
"GATAC"
"GATTA"
"CAGGT"
"GAACA"
"CCGCC"
"TCGGG"
"TTGAT"
"AAATA"
"CCCAG"
"TATAC"
"ACTGA"
"GGTAT"
"GACCC"
"CCCTA"
"AGCCT"
"AAGTG"
"GCTAA"
"TAACA"
"AACAT"
"TGATG"
"GCCAG"
"ACCTT"
"ACTTG"
"TATTT"
"GGGTT"
"TCGAA"
"ACGAG"
"TCTTT"
"CTATA"
"GGACT"
"AAGTT"
"TCAGA"
"CCGGT"
"GCTCA"
"TATCA"
"TTGTT"
"GGCCC"
"CAGTT"
"CGCGC"
"GCATG"
"ATTGT"
"CCGTT"
"AAGGC"
"TCTTG"
"GTTCT"
"TTTCC"
"TGCTG"
"CTATA"
"TGCGC"
"GGTAA"
"CAGAG"
"AAAGA"
"AAAAA"
"AACAT"
"GCGCT"
"ACATT"
"TGTGT"
"TCATT"
"ATTTT"
"CAAAT"
"TTAAA"
"CCATA"
"TAAAA"
"CTCAA"
"ATTAG"
"TTTTT"
"TCACT"
"AATCT"
"GGCGC"
"TAATT"
"TAGCT"
"GCTTT"
"TGCAC"
"CACTC"
"AGGTG"
"GTAAA"
"TAGAT"
"CCACG"
"CAAAG"
"TGATC"
"ACGGG"
"AACTG"
"TGAGA"
"TCAGG"
"CCAAA"
"GCGAT"
"CCAGG"
"GAGTA"
"TCTTG"
"ATCAA"
"GGGTT"
"GCCGG"
"CTGTG"
"TTTGT"
"ATGTA"
"CCGGG"
"ACTAC"
"TACAT"
"CTCGG"
"TATGA"
"GGTAT"
"TCTTG"
"GGCTG"
"TTTAA"
"TACGA"
"GCTGG"
"TTGCC"
"ATAAA"
"AAAAA"
"TACAG"
"AAAAA"
"TCCGT"
"CAGAC"
"CTGTA"
"CGAGG"
"ATATT"
"AATAT"
"GCAAA"
"TTTTT"
"CTCGA"
"ATGAT"
"AGGGT"
"CTCAA"
"GGCGG"
"CAAGC"
"AAGAA"
"CCATG"
"AGAGT"
"CAATG"
"GGGTT"
"CTCTG"
"CACAA"
"CATGA"
"AAATC"
"TCGCC"
"GGTTA"
"CAGTG"
"TTTAG"
"CATGG"
"TCCTT"
"CCCGA"
"TCTCC"
"ATCAT"
"TTTTG"
"CAAAA"
"CTTAC"
"CCTCC"
"GCAAC"
"GAGCC"
"CCTGG"
"GATCA"
"CCGTC"
"TATTC"
"GGATT"
"ATATG"
"TGGGA"
"CCCGT"
"CCAAT"
"GGGCT"
"GAAAA"
"TTCGT"
"CCAGA"
"TTCTC"
"TGGGG"
"GGCGC"
"AGAGC"
"TGCTG"
"GACCA"
"CCCTT"
"AGTTC"
"TGCGC"
"GATAG"
"ATATT"
"TCCTC"
"ATGTG"
"TGCCA"
"AATTG"
"TTTTT"
"CTGTC"
"GGATT"
"TCAAG"
"TTATA"
"GAGCT"
"GACGG"
"GTGAG"
"GGTGC"
"GCTAA"
"CACCA"
"TCGAG"
"ATCTG"
"GCCCA"
"CCACC"
"AGTGA"
"CCCGA"
"AAGCA"
"TGGAG"
"ATGTA"
"ACCGT"
"ACTTT"
"CATTT"
"GGCGT"
"TGCCT"
"TCTTG"
"TTGTC"
"TTGCA"
"TTCGC"
"CGCAC"
"AAGAT"
"TACGT"
"GAATA"
"TATTG"
"GCGCA"
"GTCCA"
"TACTC"
"ACATC"
"GAGGG"
"GGCCC"
"CATAA"
"CAACT"
"ACGGG"
"GAGAG"
"GTTGT"
"CCCGA"
"TCGTT"
"ATGTA"
"TGTTG"
"CAGCC"
"TCTTT"
"CATGC"
"TTCAT"
"GCGGT"
"AGCTG"
"GGAAC"
"AGTAG"
"GGAGC"
"TTGTT"
"GCTCC"
"AAGAT"
"GCACC"
"GTGGG"
"AATTA"
"AAGTT"
"GATGA"
"CCGAG"
"ACAAG"
"TTATT"
"CTCCC"
"AATAG"
"CAGGA"
"CAACA"
"CAGGT"
"TATCT"
"GGGGG"
"ACAGT"
"TGCAG"
"ACTGG"
"CTACA"
"GGTCT"
"ACCTC"
"TCGGT"
"AACAG"
"CTTGG"
"CCCTC"
"TGCCA"
"AAAGG"
"TTCAT"
"CCCCC"
"AGAGG"
"TTATA"
"CAGAG"
"TACTC"
"TTGCT"
"CCGTT"
"ACAGA"
"CTACA"
"ACGGC"
"TAGCA"
"GCGGT"
"CCTCC"
"AAGAT"
"AGGAG"
"GGCGA"
"GCCTC"
"TTGCC"
"GTCAG"
"CAAAA"
"TACGC"
"TGTGT"
"TTCCT"
"AGCCC"
"AAAGG"
"GGTCA"
"TAGTA"
"ACGAA"
"CTCGG"
"TGAGA"
"ACGCC"
"ATGTC"
"TGCTG"
"AGACT"
"GGCGT"
"CCAAA"
"CTCCC"
"CGGGT"
"TACAG"
"AAAGT"
"ATGAC"
"CTGTC"
"GCGCA"
"CACGA"
"AATAG"
"TATAA"
"TGATT"
"CAGAC"
"AGTGC"
"ACTGC"
"CAGAG"
"TCGCC"
"CTGCC"
"ATGTA"
"AATTG"
"GACTT"
"TTGAG"
"TCCAG"
"GGCCT"
"GGGAA"
"TTGCA"
"AGTTA"
"TAATA"
"TCCGC"
"GTGGC"
"TATGC"
"AGCTG"
"ATTTG"
"CTTGT"
"TCCGC"
"CAGTA"
"GCCGA"
"TCCTG"
"CTCTC"
"GGCAG"
"GACTC"
"TATCT"
"TACAC"
"CCCGG"
"TAGAA"
"CACGC"
"TACTG"
"CCCCA"
"ATTAA"
"ACGTA"
"AACAA"
"TCTTG"
"AATTT"
"CATTC"
"AGGTT"
"CCATA"
"GATGA"
"GCTAA"
"GGATT"
"ACCTC"
"CTCTG"
"CTATT"
"TTTCC"
"TGTGT"
"CCTTA"
"CAAAC"
"CCTAC"
"CGCTC"
"CCCGC"
"GAGGG"
"GACAG"
"GTATT"
"GAGGG"
"CATAA"
"ACCAA"
"TGCGT"
"TAAAG"
"TGGCA"
"CCTTT"
"CCGCC"
"TCGTC"
"AATAA"
"TTATC"
"CGGGT"
"TCACC"
"TCCTC"
"TAGTA"
"AGGTA"
"GAGCT"
"ACAAT"
"TGTGT"
"TATGT"
"ACTCT"
"GGCTT"
"GGGCT"
"CCATC"
"CACTG"
"TGCGG"
"CACGC"
"TCAGC"
"CGTCC"
"ACCCC"
"CACGG"
"TGCCT"
"GTTCT"
"GGCTG"
"CAGAA"
"TGTGC"
"GGAAA"
"TTATT"
"ATGTG"
"CTCTT"
"CAGAG"
"TCACT"
"TCCGT"
"GGTTT"
"TGAGA"
"GAGGG"
"TTAAG"
"TCAGC"
"TCCCA"
"CACAT"
"TACAG"
"TATTT"
"GGCGC"
"CACCT"
"GTTTC"
"ATATA"
"GTGTA"
"GGGAG"
"GCATA"
"CAGCC"
"TTTGA"
"CTCGC"
"TCCCC"
"AAGAT"
"ATGCC"
"GCTCC"
"GCAGT"
"CACCA"
"AGAGT"
"TATTA"
"CCGAT"
"ACCCG"
"CATGG"
"CATGT"
"GTCTA"
"CATGG"
"CCGCA"
"GTATG"
"TCCGC"
"CCTTC"
"CCTGG"
"CAATA"
"ACGGT"
"CCTAC"
"GGCGG"
"ATGTG"
"GGCCA"
"GCAGG"
"AGCGG"
"AGAAT"
"GTAAA"
"AGTGA"
"GTGCT"
"AAGGG"
"CTATA"
"CACCA"
"TTGAG"
"AATGT"
"TTGCA"
"ACAGA"
"AACAC"
"GTATT"
"AGGGA"
"TTTAA"
"GGTGC"
"CCCGA"
"ACGCA"
"TGGGA"
"TAGCT"
"GGGAA"
"ACCAA"
"AGGTG"
"TGGGT"
"TGCTC"
"AGGTC"
"ACGAG"
"GTTTA"
"CCTCT"
"GATTG"
"GAACT"
"GCGTA"
"ATACA"
"ACTGG"
"TGCCC"
"CCGGG"
"GGTCC"
"TCCGT"
"TTCGT"
"TTGTA"
"CACGA"
"CAATG"
"CTCGT"
"CACCC"
"AGAAA"
"TGCGG"
"CTCAC"
"CTTGG"
"TACGG"
"CACGG"
"GTGCC"
"AGAGC"
"TGTAA"
"ACTCT"
"AACTT"
"CTGCA"
"ACATG"
"AGCGG"
"AGAGA"
"CCGGA"
"TCGTA"
"GGAGC"
"TAAAT"
"CCCCA"
"GGTTG"
"GGGCC"
"GAATG"
"CCCGA"
"GGGAA"
"CCTGT"
"GGTTC"
"TCATG"
"AAAGT"
"ATATT"
"CCGTA"
"TTATT"
"TGCGG"
"ATGTT"
"TGCGC"
"GCGTA"
"CAGCA"
"GTTCT"
"ACGGT"
"TGGGT"
"ACGGC"
"GTCAA"
"ACATA"
"AGCCC"
"TTATA"
"TCGCT"
"AAATA"
"TTTAC"
"CTCTG"
"CTGGA"
"GTCGA"
"GTCGG"
"ATAGG"
"CCGTC"
"CATGT"
"TGACA"
"TTAAA"
"TCGTC"
"AGATA"
"CGGCC"
"CAGGG"
"GTTGA"
"CAGTC"
"GATGA"
"AATGT"
"CCAAG"
"CGCGG"
"GCGGG"
"AGTTT"
"GGAGG"
"AGGGT"
"TATAG"
"ACGGG"
"TATAG"
"GCATG"
"CCATG"
"TTATA"
"GTTAT"
"CACGC"
"GATTC"
"TACAA"
"GACTG"
"TAGGA"
"TAATG"
"AACCC"
"GATGC"
"TGCAA"
"CACCC"
"CTAAT"
"ACGAG"
"ACAAT"
"TTCTT"
"CCTCT"
"GCGAC"
"CCATG"
"CTGTG"
"CCGGG"
"ACGCA"
"AGCCA"
"CACGC"
"TTGTT"
"TGATT"
"GATCA"
"TTAGC"
"TCTAT"
"ACAAA"
"CACCC"
"TCAGG"
"AGACT"
"CAGGG"
"ACTGC"
"CCACA"
"CGTAA"
"TCCCA"
"ACATA"
"CATTC"
"ACCAT"
"TACGC"
"ACTTT"
"ACTCA"
"GCTTG"
"TCGTA"
"CACGA"
"CCTTC"
"AATAA"
"ATTCT"
"GTATA"
"GCCGC"
"GAACA"
"CACCA"
"GGTCC"
"ACTTT"
"ACTGC"
"TTGAG"
"GATTG"
"ACGGA"
"GCGTG"
"GAGAA"
"GGGGA"
"ACAAG"
"TCTTA"
"ATCCC"
"CTACA"
"TACGA"
"ACACA"
"AATGT"
"TACAG"
"TCTCA"
"TGCGC"
"TGGCA"
"AACAT"
"GCCGC"
"GATGT"
"GTAGA"
"GAATA"
"CTCGT"
"AATCA"
"TCAGG"
"TCTGC"
"TACGC"
"GCAGG"
"AAATA"
"GGACT"
"CCCGT"
"CCACA"
"GATGA"
"ACCTG"
"GAGTT"
"CTGGA"
"AACAA"
"TGCGG"
"TACGA"
"GCGAA"
"CCATG"
"CTATC"
"ATTTC"
"CAACA"
"ATATG"
"CGTGG"
"CATGA"
"CCAGG"
"GTGGT"
"AACAA"
"CTATA"
"GGCGG"
"GATCA"
"AACAG"
"CTTCC"
"CCATC"
"ACCAT"
"GCAGG"
"ACGGA"
"TGTGC"
"AAAGT"
"GTAAA"
"CACGA"
"ACGTT"
"AAATA"
"GTTGG"
"AGTCC"
"CTACC"
"AGCGC"
"GCCAG"
"GGCGG"
"ACCTC"
"ATCCG"
"CTCTT"
"CCATT"
"AATAA"
"AGCGA"
"CAGGG"
"CAACA"
"ACTGG"
"CCGTG"
"TACGT"
"GATGC"
"AAATA"
"GAGGT"
"ATCAA"
"GCTTC"
"AACAT"
"GGTCA"
"CTTGG"
"TACAG"
"CTGGT"
"AACGT"
"CCGGC"
"AAAAA"
"ACGAA"
"TATTT"
"CCAGC"
"CAGGG"
"CACAT"
"TACAC"
"GGGCA"
"GAAGT"
"GGGAG"
"TACAG"
"CAGTT"
"AAAGC"
"AACCC"
"TCGTT"
"TTATG"
"TGGGC"
"TTGTT"
"GGATC"
"TCGCC"
"AGGAC"
"CTAAA"
"TCTGA"
"TTCCC"
"CAGTA"
"CACGG"
"CTGCA"
"GCGTG"
"CCCCG"
"TCTTA"
"ATTAT"
"TCATT"
"AAGAA"
"CCGTG"
"TGCCA"
"ACAGA"
"GCGCT"
"CTGTA"
"AACTA"
"ACCCT"
"CTCGG"
"GTACC"
"AGAAT"
"CAGAA"
"TGTGC"
"ACTGC"
"CGCGC"
"CCGGC"
"ATATT"
"TCATG"
"TAGCG"
"ACACA"
"TGATA"
"TAAAT"
"GGCGT"
"GTATT"
"ATATA"
"AAGCC"
"TCCCT"
"ACCCC"
"CCTAA"
"AACAT"
"GACGT"
"GAAAA"
"GGAAG"
"GATTC"
"AAGAC"
"TGGGA"
"GGCGC"
"CAGCC"
"GGGTT"
"GGTCA"
"GTGGC"
"TGCGC"
"AATCA"
"GTGAT"
"AATTT"
"AAGAA"
"TAGTA"
"GGCTT"
"TTCAG"
"AGCGC"
"ATATC"
"TCTAG"
"TTAGG"
"ATGTT"
"TGGTC"
"TTTAA"
"TGTCC"
"GCTTA"
"TTTTT"
"GGACC"
"GCGGT"
"GGGAG"
"ACCGG"
"GCGCC"
"TACGA"
"CTGAT"
"ACGGT"
"ACAAG"
"AGATG"
"ACCTG"
"CCTAA"
"GTGAG"
"AGAAG"
"TATGG"
"CCCAT"
"CGGGC"
"ACTGG"
"AGAAC"
"GCGAA"
"CTTTC"
"AACAG"
"TCCGC"
"CCGCC"
"ACTTA"
"CCTCC"
"TGATG"
"TTCAG"
"CCGTA"
"GGTTG"
"TTTAA"
"TCAAG"
"CATCC"
"GACAC"
"CTTTC"
"TGATC"
"CCCTT"
"TTATA"
"CAGGT"
"CTATT"
"GCAGC"
"TATGT"
"CCTAC"
"AGACT"
"GATCA"
"GACGG"
"GAACA"
"AGCGT"
"GCACA"
"GGCGT"
"GCGGC"
"TTTAT"
"TCGCA"
"GTAGC"
"GTAAG"
"ATGTG"
"AGATA"
"CCATA"
"CCTTC"
"CCAAG"
"TGATG"
"TAATT"
"CATAT"
"ACTGT"
"GGGTT"
"GTGTT"
"AGTTG"
"AACCT"
"CCAGC"
"TATAT"
"GCCCT"
"AAAAA"
"TTGTT"
"CACGT"
"CTCTG"
"GAGCC"
"CCTAC"
"TTGTG"
"TTTTT"
"CCATC"
"TTTCC"
"TCCAA"
"CACAT"
"ACGTC"
"ATTAT"
"CCCCC"
"TTTTG"
"CCTGA"
"CCACC"
"ATCGG"
"AACAA"
"CACGG"
"CCGGC"
"GCGCG"
"CCGCC"
"CTCGG"
"ATGCA"
"GCGAT"
"AGATC"
"CATGG"
"CGTGG"
"TCTCT"
"TCAGT"
"TGGTC"
"CCAGG"
"AACCA"
"AATGA"
"CAACT"
"ATGAG"
"TCATA"
"TCGCC"
"TCTGC"
"CAAGT"
"ACGGG"
"AATAT"
"CAGCA"
"GTCAA"
"AACAC"
"TTCTG"
"AACAA"
"AGGGA"
"GGCGT"
"TACAC"
"AACGC"
"CAATA"
"CAATG"
"GTCCC"
"CACTG"
"TGCTG"
"GCAGC"
"CTATG"
"ACGGT"
"TCAAT"
"GCGAG"
"GATAA"
"TCTAG"
"CATTG"
"TTAAA"
"CCGCC"
"GGTTG"
"TTAAT"
"ACGCA"
"AACAA"
"CTCTT"
"CATGT"
"ATCCG"
"TCCTC"
"GGTGT"
"GGCTG"
"ACGAT"
"TCATG"
"AAGAA"
"TGCTT"
"AACGA"
"GCATG"
"TGATA"
"GAACA"
"TCAGC"
"GCCGA"
"AAGAA"
"TTGTT"
"CACAC"
"CAAGC"
"AAAGG"
"GGAGC"
"CACAG"
"GCACT"
"AAAAT"
"TACTA"
"ATCAT"
"TGGAA"
"CCGAG"
"GCACT"
"CATAT"
"CCCTC"
"AGACC"
"TTTGA"
"ATAGT"
"ATGGG"
"ACGCT"
"AGATA"
"AGCGG"
"ACCTA"
"TTCAG"
"TCCGG"
"AATAT"
"CAGAC"
"CAATC"
"GCAGA"
"ACCGC"
"ATAAA"
"GCGTG"
"GGCAC"
"CCAGC"
"TGGTA"
"AGCAG"
"AGTGA"
"CTAAA"
"ACCCA"
"CGCTT"
"CCAGC"
"TGGGT"
"CACAT"
"TTTCC"
"GAGAC"
"CCAGC"
"CCAAG"
"GATCC"
"CCAAG"
"ATGCT"
"CTCCC"
"TGACT"
"TGTGC"
"TATAA"
"TTATA"
"GGCGA"
"GAGAT"
"TTGCA"
"CATGT"
"TCAGC"
"TCGGG"
"CAATT"
"CCGGG"
"AACCC"
"GACGG"
"AAGCC"
"CTCGA"
"CACGA"
"TCATG"
"TGCAT"
"CAATT"
"TCCCC"
"TCCAG"
"TTTGC"
"GCAAA"
"TCTGC"
"CCTAA"
"ATGTT"
"TTAGG"
"TTATG"
"CGAAG"
"TGAGG"
"ATCTC"
"GAGCC"
"ACGTG"
"AATGG"
"GGTGT"
"TGAGC"
"GGTGC"
"GCCCA"
"GTGGC"
"AATGA"
"CCGCC"
"TTGGT"
"TAGGA"
"ATGTA"
"GACGG"
"TCAGC"
"ATGAG"
"TCGTC"
"AACCC"
"TCCGA"
"ACACA"
"CAAGT"
"ATCGA"
"GAGAT"
"CATCT"
"CAATG"
"ATTAC"
"GCTGT"
"GGGCA"
"GCCCC"
"AATTT"
"TCCTC"
"GCTGC"
"AACAT"
"ATTGG"
"AGCGC"
"GGTGG"
"CCAGG"
"TATAA"
"TCGGA"
"TGGGA"
"ACGGG"
"GCATC"
"TTTAG"
"GAGAG"
"TTCCT"
"GAGTT"
"ACTTA"
"TTCCT"
"TGATG"
"CACTC"
"TCCAT"
"CTGTG"
"TCCAC"
"ACTGA"
"CCGGG"
"GAGAT"
"CGGTC"
"TTCTT"
"TCTTA"
"CCCAG"
"GCCGG"
"TGCAC"
"GACAA"
"GATCA"
"CAAGC"
"AAACC"
"ATCGC"
"GCGTT"
"AGCGT"
"TGGGC"
"GGCCA"
"CAGGG"
"CTCTT"
"TTGTG"
"AACGC"
"GCCAG"
"AACAA"
"ACGCT"
"TCCAT"
"CACGG"
"CCGGT"
"CCTCT"
"ACATC"
"AGTTC"
"AGATT"
"CGTGT"
"CCAGT"
"CATAG"
"TAGTA"
"CTCGC"
"TACAC"
"TATAA"
"TCAAT"
"CAGGC"
"GACAG"
"CCACC"
"ACAGC"
"GTATA"
"TCCAG"
"CCCTG"
"AGTGT"
"TACTG"
"AAGTG"
"TGCGC"
"ATCCA"
"GTCCT"
"CATTT"
"GCTCA"
"AGCCT"
"CAGCT"
"TCGAG"
"ATCCA"
"CTTCA"
"GATTT"
"TCTGA"
"TGTTC"
"ATATG"
"TTTCA"
"TCGCA"
"GCGTT"
"GGCAG"
"AATGT"
"AACAC"
"TGCAC"
"ATCCC"
"AATAC"
"ATCCT"
"AGGGA"
"AATCT"
"CCACT"
"TGTGC"
"CCTCA"
"ACGTG"
"AGCGC"
"CAATA"
"CACGT"
"GTTTG"
"TTAAA"
"AGACT"
"CCCAC"
"ACACC"
"AACTT"
"TCCTC"
"TAATA"
"AGCGG"
"GATGA"
"GGTCT"
"GGAGA"
"TTGAA"
"AAAAA"
"CTGCC"
"GAGCA"
"CAGTA"
"CCTGT"
"TAGGA"
"GGCAA"
"ACGTT"
"CTATT"
"CCCCA"
"CACTC"
"AGTGT"
"TCAAG"
"GCGTG"
"TGGCT"
"TTTAT"
"TCCAT"
"CACGG"
"GAGGT"
"AATAA"
"TTGGC"
"CACAA"
"AAGAC"
"AAAAG"
"TTTCT"
"CCCGG"
"CACGC"
"ATCGA"
"CATGA"
"GCAGG"
"GCGGG"
"GCATT"
"CACGG"
"ATGTC"
"AACAG"
"CTGTT"
"ACGGT"
"CCTAC"
"AGCAT"
"CGCGC"
"GTAAA"
"AACAT"
"CTTGG"
"CCGGG"
"CACCT"
"GAGGA"
"CATGT"
"CATCA"
"TTCTC"
"CATGC"
"TTTCA"
"AGTTC"
"AGGAC"
"AGGGT"
"AACGT"
"GGGGC"
"AACTA"
"CGCGA"
"AATGT"
"TCGAA"
"CACGC"
"TCCCT"
"CACGG"
"AATCC"
"CCGTT"
"AAGAA"
"AAAAA"
"AAAGA"
"AACTT"
"AGTGC"
"TCGAC"
"TCTAA"
"GGTAG"
"GCCGC"
"AAGGA"
"CCGCC"
"CACAC"
"AGGTT"
"TTTGT"
"GGCCT"
"ACTAT"
"TGAGC"
"ACCCA"
"ACGTC"
"ATCAG"
"TCCGG"
"GCGGG"
"CTCTG"
"GTGGT"
"GATTA"
"TGTAA"
"GCGGG"
"TACAT"
"GGAAT"
"TTAAT"
"ACGTT"
"GAACT"
"AGACA"
"TGAGT"
"ATATC"
"CTCCG"
"GGGTG"
"GTCGC"
"TCCCC"
"ATCAA"
"CCTTT"
"TGTAG"
"TGTAA"
"TGATT"
"CAGGC"
"ACTGC"
"GCGTC"
"CCACG"
"TTCGA"
"CCGGA"
"GAGTG"
"AGGTT"
"CCCTC"
"CAACA"
"CCGGC"
"TCACT"
"ATTTT"
"GTGCA"
"GCCCT"
"AACAT"
"CAAAA"
"CCTGA"
"GACGG"
"CCACC"
"AATTT"
"GTTTT"
"CCACC"
"ATTTG"
"ACCGG"
"ACGTT"
"TTTAA"
"TGTCA"
"CAGAA"
"TCCCT"
"GATTC"
"TCCGC"
"AGATG"
"TGCCT"
"CAGAC"
"TACTT"
"ACGGG"
"CCCCT"
"GCGTA"
"AATAG"
"CACTG"
"GCGCC"
"AATGG"
"CCAGG"
"TTGCT"
"GAGCT"
"TATTA"
"GGGCT"
"TAAAT"
"TGCCT"
"TGCGG"
"CCGCT"
"GTGCC"
"TGCAC"
"ACACC"
"TCCTG"
"TCATG"
"GCGCC"
"AATTA"
"GATTA"
"TCCTA"
"GGGAA"
"TCTCA"
"CCGCC"
"TTGAA"
"AAGCA"
"TATAA"
"GGGCT"
"GACAG"
"CCAGC"
"ATGTA"
"ACCCT"
"CTCTC"
"CCGGG"
"AGCTA"
"CTGCC"
"CTGAG"
"ACACT"
"GCGTG"
"TGTCA"
"GCCGT"
"CATAC"
"CCGCC"
"CACTC"
"AGGTG"
"TCGCT"
"CTCGG"
"CGGGG"
"ATGGA"
"TACTG"
"AGTTT"
"AATTC"
"AGCAG"
"GCGTG"
"GTATG"
"TCTTG"
"GCGGC"
"ATCAA"
"GGGCA"
"GGGAT"
"TCATT"
"TTCCT"
"GAGCT"
"TCGTG"
"ACCCA"
"AAATC"
"TAGGT"
"TCGGC"
"ATCGT"
"TCAGA"
"TTGTA"
"TCTGC"
"TTGTT"
"TTATT"
"GGCGA"
"AGCCA"
"GGTGG"
"ATATT"
"TACAG"
"CTGCC"
"GGCTT"
"TCCGT"
"GCTTA"
"TCGTT"
"AAAAT"
"GAAAA"
"GTATA"
"TGTCT"
"GTGAC"
"AGGTG"
"GCCAG"
"TCATC"
"AACGC"
"TGGTT"
"CTTTG"
"TGGTA"
"TTCTA"
"TACTA"
"TTAAA"
"AAGTC"
"ACCCC"
"CAGAC"
"CCCGT"
"CCGCA"
"ACGGG"
"CACCT"
"ACGGT"
"TGATT"
"CCGGG"
"TTTCC"
"CTGTT"
"TTTTT"
"AACAA"
"AGGCC"
"GTAGG"
"CAATT"
"CCTGC"
"GGCCA"
"CGTGC"
"AGAGA"
"TTCGT"
"TTTTC"
"CTGTT"
"ACCTA"
"CTCAG"
"GGTGT"
"CCTTT"
"TTTAA"
"AACCC"
"TTCCC"
"CTTTA"
"GTGTG"
"TCTGG"
"ACTTG"
"ATGTA"
"TTAAA"
"CAGAT"
"TCGAA"
"GCCGC"
"GGCAC"
"GGGAC"
"CGCGT"
"GAGCA"
"AGCTG"
"ATTAA"
"CCGGC"
"GGCGC"
"ACGAA"
"TGCCA"
"TGTAC"
"AACAA"
"GGCAC"
"TGGTT"
"GGAAG"
"CACGT"
"CATGT"
"GACGG"
"ATCAC"
"TTTGG"
"CGCCC"
"CAATT"
"CAGAG"
"ACCTG"
"AGTAA"
"CTAGT"
"CTACT"
"CTGGC"
"TTTAA"
"AGGCA"
"TCGCC"
"CATGA"
"AATAA"
"AGGGG"
"TCTCA"
"ACAGC"
"ATTAC"
"GAAAG"
"GAATG"
"TGTGT"
"TACAT"
"CTTTC"
"ACCAG"
"CCACT"
"CCGGG"
"ACTGA"
"TACAC"
"TCGAA"
"CTGTA"
"GGGTA"
"ATTAA"
"ATGAG"
"AAAGC"
"CATTG"
"GACGA"
"TCGGG"
"TAGTA"
"CAGTG"
"AGACA"
"TGCGT"
"TGTAA"
"TGCTT"
"CTCAG"
"AGCTG"
"AGCCT"
"CTATA"
"TTTTG"
"GCTTG"
"ACACG"
"TCCAA"
"GGTAT"
"TACGG"
"GAACA"
"CTCTC"
"AGTTC"
"TATGA"
"TATTG"
"CCGTG"
"TTAAT"
"GAGTA"
"GCTGG"
"GATGT"
"TAGGT"
"ACACA"
"CAATA"
"GCGTG"
"TGTAA"
"CACAC"
"AATGG"
"CCCGT"
"TTCGA"
"TCCTC"
"GAACA"
"AATAG"
"ACTTC"
"ACGCC"
"GCATG"
"GTTTG"
"TCGGT"
"TACAA"
"AAAGG"
"TGTGT"
"CTACG"
"TCTAT"
"TACAA"
"CAATT"
"GGCCT"
"AAAAT"
"GCGTG"
"ACGCG"
"TGGGA"
"TCGTT"
"CTGCA"
"GCAGT"
"TCACC"
"AAAAC"
"CAGTT"
"GCACT"
"GAGTC"
"AAAAA"
"CAATG"
"GATTG"
"TGTGG"
"AATCA"
"GCCCC"
"GGGAT"
"TATGG"
"ACCGT"
"AGTTG"
"CTATG"
"CCCTC"
"GGCGA"
"GGGTA"
"CCCAT"
"AGCGG"
"TTCGT"
"TCAAC"
"ACGTT"
"CCGAG"
"CTGCT"
"TAGGC"
"AAGAT"
"TTATC"
"TGTTA"
"TCGGG"
"AAGGG"
"CATAT"
"AACGT"
"TGAAT"
"GCGTG"
"TTGGG"
"CCCGT"
"CCTCT"
"GGAGT"
"CTTCC"
"GGTGA"
"CATTC"
"AGGAA"
"AAGTG"
"AGCAA"
"ATTAC"
"CTCAG"
"TGCCC"
"AACAA"
"CAGTT"
"AGGAC"
"TTCTT"
"CTAAT"
"ATTGC"
"TACCG"
"TACAG"
"AGGCC"
"AGCAG"
"AGGCA"
"ACGTC"
"ACCAA"
"CATAA"
"CTTAT"
"ATGGT"
"AAGCC"
"CAAAA"
"CTCGG"
"TGGTT"
"TTTCT"
"GCGCT"
"GGCGT"
"GAAAG"
"TATAG"
"AAGGC"
"CAGTT"
"ATATC"
"GCATA"
"AATAA"
"TTAGT"
"CCCAC"
"GAAAG"
"TCCAC"
"CAAGC"
"TTTTA"
"CAGTA"
"TTCCA"
"CCAGG"
"CCGTG"
"CCTCT"
"TGAAT"
"CCCAG"
"GGGTT"
"CCTCG"
"CTTAT"
"GTATA"
"CCGCA"
"GGAGA"
"TTAAA"
"CTGGT"
"AGGGC"
"CACTT"
"AGCAC"
"TGGCT"
"ATCAC"
"TGGAA"
"AGACA"
"CACCT"
"CTTCA"
"TTCCT"
"CTCTG"
"GCTGA"
"CTGCT"
"AGTTA"
"TCTTC"
"AAGAT"
"CCGTT"
"ACAAC"
"GCACC"
"GCATA"
"TACTG"
"CATCC"
"TCGTG"
"TTCTT"
"TGCCA"
"CCAGT"
"TGCAA"
"TCACA"
"CTACT"
"CCGGG"
"CTCGA"
"CATGT"
"AGTTG"
"ACGCT"
"CGTGC"
"AGATC"
"CACGG"
"CACTG"
"GTACA"
"CCGCT"
"CCTGC"
"ACCAT"
"TCTGC"
"CTATT"
"TAGTA"
"CCAGA"
"GCATC"
"CTGTT"
"GAATG"
"GAATG"
"AAATG"
"CTGCA"
"CCATT"
"CCCAG"
"ATTGA"
"ATGCT"
"GCCAG"
"TGACC"
"CTCCT"
"CATTG"
"ATTAT"
"GATCT"
"ATTCA"
"CTCGA"
"CATTG"
"ACATG"
"TCGAA"
"ACTCA"
"TCTTC"
"GCAAG"
"TCTTG"
"ACAGG"
"CACTG"
"CTCCC"
"ACTAG"
"GAAAG"
"TACGT"
"CATAT"
"AGGAT"
"TGTAC"
"GCATG"
"ACACA"
"CCGCT"
"ACGTT"
"CAGCC"
"GATGA"
"TAATT"
"CATGG"
"TATAT"
"CACGA"
"CCGCG"
"TACCC"
"ATAAA"
"AGGAC"
"TATAC"
"TCGTC"
"TCCGC"
"TTACC"
"GGGGT"
"CGGTG"
"CAGGC"
"GTTCT"
"CCGGG"
"AATTT"
"CCCGC"
"GGTAT"
"CCGAA"
"AGTTC"
"GGGTT"
"TGCAT"
"TACTA"
"ACGGA"
"TGTCT"
"AATCT"
"CTCGT"
"AGAGC"
"CTCCT"
"CCAAG"
"GCTCA"
"ACAAG"
"TCGGC"
"CGTCA"
"TCTTC"
"CAGTC"
"GCCGT"
"CATAA"
"TTATG"
"GACAG"
"CTCGG"
"TTTAA"
"AACGA"
"TGCCT"
"TACCA"
"CACGT"
"CCTAC"
"ACGTG"
"TTCTC"
"TGGAG"
"ACCTT"
"ATAAG"
"ACAAT"
"AGGAC"
"GAGGT"
"ACCGG"
"CAGGC"
"TAGAG"
"GACTG"
"AGGCT"
"ATTCT"
"TCTGT"
"ATTGG"
"GTTCA"
"CCCTG"
"CCGGA"
"TGGCA"
"TGCAT"
"ATGGT"
"GAAAC"
"GCAAT"
"CCTGC"
"CATGA"
"GCCTG"
"GAGCA"
"GGCGT"
"CACGT"
"TCTTA"
"GGAGA"
"TGGAC"
"GTCTA"
"ACTGG"
"AATTA"
"CCAGC"
"TCGGG"
"TTGTG"
"CCAGG"
"ACTCT"
"GCGAT"
"ATAGA"
"ACGGG"
"GGGCA"
"TTCAG"
"TTCAG"
"TGTGT"
"GGAAA"
"GAGTG"
"ACGCT"
"GCTTT"
"TAATT"
"AGGCC"
"GCGAC"
"TGCCT"
"TGATG"
"AACGT"
"TGGGG"
"CTTGG"
"GGTGG"
"GTTGT"
"CCCGC"
"CCACT"
"CTGTT"
"CAGAA"
"AATAG"
"GCGCC"
"GACGG"
"GGCAC"
"ACACC"
"CTGGG"
"TCGGG"
"AATAC"
"AAGTT"
"GCTGG"
"GGACC"
"GCATC"
"AGGGC"
"AGGAC"
"GGCGG"
"TCCAC"
"TCGAG"
"TGCTT"
"TACAT"
"TGTTT"
"AAACC"
"GTAGA"
"AGGGG"
"CACAG"
"CGGCG"
"CCGCA"
"GCAGA"
"AACTT"
"ACGTG"
"AAGTA"
"GTTGC"
"TGTGG"
"TTTAT"
"GGTTA"
"TTTAA"
"ACGTT"
"GATTG"
"TTTGA"
"CAGTT"
"CTAGG"
"GAGGT"
"GCAGG"
"GGCCG"
"GGAGG"
"AAGTT"
"GCGTG"
"TATCC"
"ACAAA"
"CAGCG"
"GCACT"
"CACCC"
"AGTCT"
"CAAAA"
"AATTA"
"ACGTG"
"TGGGT"
"CAATT"
"GAAAC"
"GGGGC"
"ACATG"
"TGTCT"
"CAAAA"
"ATGCA"
"TAGAG"
"GTATT"
"AATGT"
"GAGTC"
"CAGAT"
"GAGGC"
"TCCAG"
"AATTA"
"AGTCC"
"AAGAA"
"AACAC"
"CTCCA"
"TTCAT"
"CCCTC"
"GATTT"
"TAGTC"
"CCGAG"
"AGGGC"
"GGTAG"
"GTTTC"
"GCGGA"
"ATATT"
"CCGGA"
"ATAAC"
"GTACA"
"CTCCC"
"CACAG"
"ACATG"
"CATGG"
"TTGTC"
"AGTTA"
"GACGC"
"GGCGG"
"ACGAT"
"ATCAT"
"TTCGC"
"ACATA"
"TCCAT"
"AGTCA"
"CCTAA"
"ATAAA"
"ATTAC"
"CCCAG"
"ACGGA"
"CAATG"
"CGATC"
"CCGCC"
"GCCTG"
"AATAG"
"GGCGA"
"GATAC"
"TCACC"
"GAAGG"
"GACTC"
"TGAGA"
"ACATT"
"TTTAC"
"CACGC"
"GATGG"
"TTAAT"
"TAGAG"
"AACGG"
"GTACA"
"TTAAG"
"AAGAA"
"TTAAT"
"GTGTT"
"TTATG"
"GGTGG"
"AAAAA"
"CACAT"
"GCGGC"
"GGCTA"
"TGCCT"
"GCGGA"
"ACTGC"
"AGTTG"
"CCTAG"
"TTGGG"
"GCAGC"
"GGAAA"
"CCACT"
"CTCTC"
"TCAAC"
"CAGTT"
"CGGGC"
"CCCAT"
"GGGAG"
"AGCTT"
"GACAG"
"TGGAA"
"CATTG"
"TTGTT"
"CCGAG"
"GAAGT"
"ACGGG"
"TCGTC"
"CACTA"
"TACAA"
"TGGTC"
"GCCTT"
"AGCTC"
"CAGGG"
"CATAT"
"TGCAC"
"TTCCC"
"GGCTT"
"ACAGT"
"CCGTC"
"GCGTA"
"GAGGC"
"GTGGC"
"GCCGC"
"TTGTT"
"CTACA"
"TCGGG"
"TTTAA"
"CAACT"
"ACGCC"
"TGTTG"
"CTACA"
"TAGCA"
"ACCCC"
"ACAAA"
"TGGCA"
"CAAGA"
"ACGAT"
"CAGCT"
"TTCCT"
"AATTT"
"CGTGT"
"GCCTA"
"GCGAT"
"CCAAC"
"GAGGG"
"TCCGC"
"CTGCT"
"TCCCC"
"TCAAT"
"ATCAA"
"CAGTT"
"TGGGG"
"AAGAA"
"AATGT"
"TTCTG"
"AAATA"
"AGTTG"
"GGATG"
"TACTT"
"AAATG"
"TCCGT"
"AGGAC"
"GGCAA"
"AGGTA"
"TGCGG"
"TCTAG"
"ACCAT"
"CCCAG"
"TCATA"
"GATTC"
"CTGAT"
"CACAG"
"TTAAA"
"CTTTG"
"CCATT"
"GAACA"
"TTTAT"
"CTTCA"
"AACAT"
"GCGTC"
"AAAAT"
"CCCGG"
"TTCTA"
"GGGCA"
"CTTTC"
"GCCCA"
"ACGTG"
"GACGC"
"TGCGG"
"CAGGC"
"GACGC"
"GTTTT"
"CAAGA"
"GTGGT"
"GATGG"
"GTTTC"
"TGGTA"
"CCCTG"
"TTGTC"
"CAACC"
"CCGCT"
"CCCTC"
"TCCGG"
"CAGAA"
"CCAAG"
"ACATC"
"CCACA"
"ACAAA"
"ACGGC"
"TGGTT"
"TTTGT"
"TGCTC"
"CTGTG"
"CCGGA"
"CACGA"
"CCGCT"
"CATGC"
"AGAAC"
"AGAAG"
"CAAGA"
"TGCTG"
"CACTG"
"ACTCG"
"AGCCA"
"ATATA"
"TGGGT"
"GACTT"
"TTATT"
"TGGCC"
"CTGTA"
"TCCCC"
"GGCAG"
"TGGTC"
"TTTGA"
"AATTG"
"AACTG"
"TGTTT"
"GGAAG"
"TCTTG"
"TCGCA"
"GCTGT"
"CTGTC"
"CATCC"
"AGATA"
"CACCA"
"GAAGA"
"CTCCA"
"GCGGA"
"GCAGT"
"CCGGG"
"GTGGT"
"CCTGC"
"AAGCT"
"GGCCC"
"AAACT"
"AGTCC"
"TTGCC"
"CCACC"
"CTTGC"
"TAAAG"
"ATATA"
"CAGGC"
"ATTCA"
"TCCAG"
"CTGGT"
"GCCGG"
"TTATC"
"CCACG"
"GTGTG"
"ATTGT"
"CCTTC"
"AATAC"
"AACGT"
"CCCTC"
"TCATG"
"CATGC"
"TACAT"
"CCGGG"
"CTGTA"
"CCACC"
"ATCGC"
"TGTCT"
"TCAGA"
"GACTG"
"TACGT"
"CCACA"
"CGCGT"
"TCATG"
"GACGG"
"CCCGG"
"CTGAG"
"AAATT"
"TCTAG"
"TGAAA"
"CCCCA"
"TTATT"
"TGTCG"
"TTTTT"
"GGAGC"
"AATCT"
"TGAAA"
"CGAGG"
"ACACA"
"GTGGG"
"AAGGA"
"CTGTG"
"CCCGG"
"CTGGA"
"GACTG"
"TCTAC"
"AAAAT"
"GCTCA"
"GTGTA"
"GGATT"
"CCCTA"
"CCCTT"
"AGTAG"
"TTCAA"
"TATTA"
"CAAGT"
"TATCC"
"CATGT"
"TTATT"
"TCATT"
"TGCGT"
"AGGTG"
"GACGA"
"CAGCA"
"ATATA"
"ATTGT"
"TTTTA"
"CCTGC"
"ACACA"
"TATTT"
"AAGTC"
"CCATG"
"CTGTA"
"GCCTG"
"GCGCC"
"GCCGA"
"TGTTT"
"GCCTG"
"TTATT"
"GGCCC"
"AGAGG"
"ACATC"
"ATCAC"
"CAGGG"
"CCGAT"
"CGTCC"
"ACGTA"
"TCTGT"
"GAATC"
"CTGTG"
"ACAGA"
"GACGC"
"CTGTG"
"ATTCA"
"TGCCA"
"GACCT"
"ACAAG"
"GCGCC"
"TAACC"
"GCAGG"
"GCCCC"
"CACAC"
"TGCCA"
"ACCTT"
"TGCAT"
"TCCGC"
"TGAAT"
"CACTG"
"AGTAT"
"GCCAC"
"GCGCC"
"AACAA"
"CTTTT"
"ATTCC"
"TACCT"
"AACCT"
"AGTAG"
"TTGCA"
"TTTCC"
"TATTA"
"TTACA"
"CCCCT"
"GGTGG"
"TTTTT"
"GGCTT"
"ATATC"
"CCGCC"
"TAGTT"
"GTAGC"
"AGTGT"
"GCGTG"
"TCCGA"
"AACAT"
"ATGAG"
"CACAC"
"TTGAA"
"CCATG"
"CAGTT"
"GGACC"
"GATAA"
"GGGGT"
"TACAT"
"ACCAG"
"GCGCA"
"TACGC"
"TTTAG"
"GCCGG"
"TTGTT"
"CTGCA"
"GCAGG"
"GGGTC"
"AGACT"
"TAGGC"
"ATGAA"
"TGCCC"
"GCGCC"
"TCGGG"
"TACGT"
"TCATC"
"AGGGA"
"TACGG"
"TTTGG"
"TGATC"
"TACAT"
"GCGTA"
"GATGT"
"CTAGC"
"TGCCT"
"GCGTT"
"ACTTC"
"ACGAG"
"CCCCA"
"AGGAA"
"AAAAA"
"GACTG"
"CCTGA"
"TACAA"
"ACTTG"
"AGGTG"
"TGAAC"
"TCCCA"
"GTTCC"
"CGACT"
"TGTTG"
"AATTA"
"CCTGG"
"AGGAA"
"GACAG"
"CGATA"
"ACAAT"
"AACAG"
"AAGCC"
"CCAGG"
"GGTGA"
"CGGTC"
"GGCCT"
"CCGAA"
"GCAAC"
"ACACA"
"GAGAA"
"CTTCC"
"GTCTA"
"CTAAA"
"GAGTC"
"ATTAG"
"GCGCG"
"TCATA"
"TATTG"
"CACGG"
"TTTCT"
"GCAGC"
"AGAGC"
"ATTAT"
"AGACT"
"AGTCG"
"TATGA"
"GATGG"
"TACAA"
"GCAGG"
"GCCGC"
"TGTGA"
"TGTGA"
"TTGCC"
"GAAGA"
"ATTAT"
"CCGGG"
"ATACC"
"GTATA"
"TAGAG"
"CAACA"
"AATTG"
"CCCTG"
"GCGGC"
"TTCTA"
"CACGG"
"AGCGT"
"GTAGC"
"TCTTG"
"GTGTT"
"ATCGG"
"ATGTA"
"GCCGT"
"TTAAC"
"GATAC"
"TTTGA"
"ATAAG"
"TGCAA"
"CCGCA"
"CGCCC"
"ATGTC"
"TGTGG"
"AGAAG"
"CTACC"
"AGCGC"
"GATTG"
"TGTTT"
"GAACC"
"AGGAG"
"CCCTC"
"AAGTT"
"GCTAA"
"ACCGG"
"TTTAG"
"ACCGC"
"TGCGG"
"CACAT"
"TCGGG"
"TGAGT"
"AACTA"
"CCAAA"
"CTATA"
"CTGTC"
"CAAGC"
"AATAT"
"GACGT"
"TTGCT"
"GCATT"
"AATGG"
"AACTT"
"ATTCT"
"CCCGA"
"CATGT"
"GCCAT"
"CCCTT"
"TAATT"
"GACAC"
"CATTG"
"CTCGG"
"GCGGA"
"TATGG"
"ACAGT"
"ACGCG"
"CCGTG"
"TTGTT"
"CGCTC"
"CTTCC"
"CCCCA"
"TTAAA"
"TAACT"
"AGGTG"
"TGTTA"
"AGGCC"
"GCAGC"
"GGGGG"
"TGTTC"
"CTGGA"
"CAAGA"
"GCTAT"
"ATCTA"
"AATTA"
"ACAGG"
"CCTGC"
"TGGTG"
"TTCAA"
"GGACA"
"CAGCC"
"AATGT"
"GGGGG"
"GTGCC"
"ATCAC"
"CAATA"
"TGGTC"
"TTAAG"
"GAGAG"
"CTAAC"
"GCCGA"
"AAAAT"
"GGGGA"
"AAACT"
"AAGAA"
"CATCC"
"CCAAA"
"GAATG"
"TAGAA"
"TAGCT"
"CCCAC"
"ATGCT"
"GCGAC"
"CCTTC"
"GGATG"
"CACAC"
"AAGTG"
"TTTCT"
"ATCAT"
"AGGAC"
"CCATT"
"CACGC"
"GCGGT"
"TGAAA"
"GACGG"
"ACTCA"
"GGGAG"
"TATAG"
"TTTCA"
"CTGCT"
"GGCAG"
"TGACT"
"TGCTA"
"GCCAG"
"TTCTT"
"AAGTC"
"GTACT"
"ACAGG"
"CTAGT"
"ACAAA"
"GCCCT"
"TTAAA"
"AAATA"
"GTGCT"
"TGTTT"
"CTAGA"
"CTCGC"
"GTAGT"
"GGGCA"
"CAACA"
"TACCT"
"ACTTC"
"TGCTC"
"CTCCC"
"TGCCC"
"CACTT"
"GCCTA"
"GATTT"
"CCCAC"
"CCTCA"
"GTGTA"
"GTAGA"
"CTCAA"
"ACCTC"
"TAGGC"
"GATCA"
"TAGAA"
"TCGAT"
"CGCCT"
"CCCAC"
"GACGG"
"TCGGG"
"AAAAG"
"CCCGC"
"TAGTG"
"CATGG"
"GCATA"
"TTTCC"
"TGACG"
"TCGTC"
"AGGAC"
"AGTTT"
"CCATT"
"CTCAA"
"AGATA"
"GCCCA"
"AGCGG"
"CTCCT"
"TTGCC"
"GGTCT"
"ATAAA"
"CAGAC"
"TACGT"
"ATTTC"
"GTCTA"
"CAGGG"
"TCTAT"
"TTCAT"
"CATAC"
"TACTT"
"ACCAA"
"CTCCA"
"CTGTC"
"TCCGG"
"ACAAA"
"TCCGT"
"CTGTG"
"AGGCT"
"ATGAT"
"GTGAA"
"CAGTC"
"TACAT"
"TATAC"
"GTTCC"
"CTTGG"
"CCATG"
"ATAAT"
"ATTTA"
"CAGAT"
"ACACT"
"ACCGG"
"AGCTT"
"GCGTT"
"GGACA"
"TTTCG"
"GCACC"
"CACGC"
"CTAAC"
"AATAT"
"AATAA"
"GCCTC"
"CTTCC"
"GTTTC"
"CCGCC"
"GAGTC"
"ACATG"
"CCCCA"
"TTGCC"
"ACCCC"
"TAGCA"
"CTTGG"
"CCAGT"
"ACGAA"
"TGTCA"
"AGTTT"
"AACGG"
"TCACT"
"GGAAG"
"CTGTG"
"CTATT"
"GGCGT"
"GCATT"
"CTCGC"
"AGTGG"
"TGGTG"
"TCGTT"
"TTCGA"
"CCGTG"
"GGGTC"
"AAGAA"
"CTGGG"
"GGCGC"
"TGCCA"
"TAGTT"
"GACGA"
"AAAAT"
"TCGTG"
"CAACA"
"ATACA"
"AGATA"
"AGTCC"
"CCATG"
"GATGA"
"TCCGG"
"AGCGA"
"ACGGC"
"TTTCT"
"ACATA"
"TCGAT"
"GCGGA"
"GCGGG"
"GAGTA"
"GACCG"
"GAAGC"
"AACTT"
"CATGT"
"AAACC"
"TCCCT"
"CCGTC"
"AGCAA"
"ACCCC"
"CTGTG"
"AGGCA"
"AAGAA"
"TCCTC"
"TAGTA"
"ACGAT"
"TTCCT"
"GGTGT"
"GATGC"
"TCTTT"
"ATCTT"
"GGTTT"
"ATTCA"
"AAGAA"
"GCAGT"
"CCCCC"
"TATAC"
"GATAC"
"AAGAT"
"TTCCT"
"ATGTA"
"ACCGA"
"TTCGG"
"ATGTA"
"GCACT"
"CACCC"
"GGCGG"
"CAGTG"
"GTAGG"
"CTTGG"
"CCCCA"
"TTCCC"
"ATGCA"
"ATCTG"
"ATGTG"
"GACTT"
"GATAT"
"TTTCT"
"CATGG"
"AGACT"
"AGTGA"
"TACAA"
"GGCGG"
"CAACT"
"GTCTT"
"AAGAT"
"GGGCC"
"GGGTT"
"ACACC"
"TCAGC"
"ATCGT"
"CTCGG"
"GGGGT"
"AAAGA"
"TTATT"
"AGATG"
"CACTT"
"CTGAG"
"CGCGT"
"GCGTG"
"TTCCT"
"TCAGG"
"TAGCC"
"ACTGT"
"AGGCT"
"GGGCA"
"GTGAT"
"AGTTA"
"CTCGA"
"CTGTG"
"TAGTG"
"AACCT"
"CCTCA"
"CTCGG"
"CCCGC"
"CCGTA"
"CACCC"
"AAGCA"
"TGGTA"
"AATGA"
"TTCGT"
"GACCA"
"AGGGA"
"TGATG"
"GGGGG"
"CTCTA"
"TACCT"
"GCCGC"
"TCTGA"
"ACCTG"
"GAAAT"
"GTCCA"
"GCGTC"
"TCAGT"
"TCGTA"
"AAGCC"
"GCTCT"
"GCAAG"
"TTGAA"
"TATAG"
"CCGGC"
"TGCTA"
"CAGTA"
"CATGC"
"GATCC"
"GCAGT"
"CCCAA"
"GACCT"
"TACTA"
"TTGGT"
"CTAAT"
"TCAAT"
"ATCAT"
"CCTTT"
"CAGTC"
"GCGTC"
"TCTGC"
"TCTCA"
"GCCCA"
"TTGTG"
"GCTGA"
"GCTGG"
"ATACC"
"TACGT"
"TCAAG"
"AATAT"
"TTCGT"
"ACGTG"
"AGAGA"
"GCTGA"
"AGCGC"
"CCAAA"
"GGTGG"
"CCAGC"
"GTGCA"
"CACCA"
"TAAGA"
"TCTTA"
"AATCA"
"TGCGA"
"CCCAT"
"CGTTG"
"AGATC"
"TATAT"
"ATATA"
"TAGAG"
"TATCA"
"CAACG"
"ATGAA"
"CATCC"
"CAGTA"
"AGGTC"
"CTATG"
"ACTGT"
"ATCTT"
"CCGTC"
"GACTT"
"TCGCG"
"TCCTC"
"AGGCT"
"TCCTT"
"GAGTG"
"CACGC"
"AACTG"
"CATTT"
"GCACT"
"ACTCA"
"GGCAC"
"GGCAG"
"AGCAT"
"CATGA"
"CTGGA"
"GCCGG"
"CACAC"
"TTTCT"
"TCCGC"
"ACGCC"
"TTCTG"
"ACATT"
"CTATT"
"CCCGG"
"CTAGC"
"ATCTT"
"GGAAT"
"TGTCA"
"CCCAC"
"TGCTT"
"TCGTC"
"TGCCA"
"GGTGG"
"CCATG"
"TGGGA"
"AGGGG"
"ATGTG"
"TGCGA"
"CTGTT"
"GAAAT"
"CAGGG"
"AGACC"
"TATCT"
"AGTGG"
"GGCGC"
"CAGCT"
"CCGTC"
"CCATG"
"GGCGA"
"CCGCT"
"AGCAG"
"TCAGG"
"CACTA"
"ATGCC"
"GACGG"
"CCGCG"
"CTGTG"
"GGGCC"
"TCGTA"
"GAACT"
"GCTGG"
"ACGAC"
"GGAAG"
"AACCT"
"GGGTC"
"TGTAT"
"CCAAG"
"TAACA"
"GTGAA"
"GTACA"
"GGCGA"
"GAGAC"
"ATGAG"
"ACCGC"
"TACTG"
"TATAG"
"GCCGT"
"AGGGG"
"CACGC"
"TACGT"
"AACTC"
"TCCAG"
"AGATT"
"GGCAG"
"ACCCT"
"TCCGT"
"CCGCA"
"GACCC"
"AGTGA"
"AGCGT"
"ATGTG"
"GTCTC"
"TCAAG"
"AGACA"
"TTAAC"
"AAGAA"
"AACGC"
"ATGAT"
"TTTCT"
"CGCGC"
"TATTT"
"TTGTT"
"GTGTT"
"GAAGA"
"GAGGT"
"AAAAA"
"CCCGA"
"AAGTG"
"CCTTG"
"CCGGT"
"ACCAT"
"ATCAC"
"AGTAT"
"ATATT"
"GGCTC"
"GATGC"
"GGTAA"
"CTTGG"
"TTCTT"
"TCTGC"
"GGGAG"
"GCCTA"
"CATGC"
"GATGG"
"TCCGC"
"TCGAA"
"ACCTC"
"TTGTC"
"CAAGC"
"CCACT"
"GATCC"
"CCTCT"
"ATAAT"
"ACTGT"
"CACGG"
"CACGC"
"CCCGA"
"TGTTT"
"CAATT"
"AAGAC"
"TACAC"
"GGAAG"
"CTGCT"
"AACTA"
"AGTTT"
"CCTGC"
"GCTCC"
"ATTTT"
"GAATA"
"TACGT"
"GTTCA"
"AACGT"
"ATATT"
"TCGTA"
"CTGTC"
"TTCGC"
"TAACT"
"CCAGT"
"GGGCT"
"TCTTC"
"GAGAG"
"TTGGA"
"CCCGC"
"GCCGA"
"CCCTG"
"CCCAA"
"CAGAA"
"CCGCC"
"ACAGC"
"GCACG"
"TAAAT"
"CATGG"
"ACCGT"
"AGCGC"
"AACGG"
"ACCCT"
"CCGTT"
"TCATA"
"ATTGC"
"ATACT"
"ACATT"
"CTTCT"
"TCCGT"
"CAGCT"
"AACAA"
"AATTT"
"GCTGG"
"CAGAT"
"CTCTT"
"AGCGA"
"GCTTC"
"TCACA"
"CTCAT"
"TAAAT"
"ATGAC"
"CCGTA"
"CTGTT"
"ACAAC"
"TTGGG"
"CAATT"
"GAGCT"
"TACAG"
"ACCAT"
"CACGC"
"ACTGT"
"CCAGT"
"TAGCT"
"CATGT"
"CTTGA"
"CATAC"
"CCGCC"
"TTCGA"
"TAGAG"
"CTACA"
"AGAGG"
"CGGGC"
"ACACC"
"GGCCC"
"TTTTG"
"AGGAA"
"AATAT"
"TTTGT"
"TTGCT"
"CTTCT"
"CCACT"
"GGGAG"
"GGACG"
"GGCCA"
"CATGA"
"CAAAA"
"GCGGC"
"CAGAG"
"TATAC"
"AACGC"
"AGTTT"
"CCCCT"
"CTTAT"
"GGGAG"
"AGCGG"
"CCCCA"
"TATGT"
"CACTG"
"GGAGA"
"CAGTG"
"TACTT"
"TTCCA"
"TATTC"
"ACCTC"
"GCGTG"
"TCGTG"
"GCGTG"
"AAAAA"
"CACTG"
"TGAAA"
"ATTTT"
"CAGGA"
"AGTGT"
"GCGGA"
"GTGCA"
"CACCA"
"CAACA"
"TCGTC"
"CAATG"
"CCCTG"
"TACGC"
"GAACA"
"AAGAG"
"AATCC"
"AGAAG"
"CACGT"
"CTCAG"
"TCGCC"
"CTGCT"
"CCTAG"
"GTCGG"
"CTAAA"
"TCCTA"
"CTGCT"
"AAGAT"
"TGGTC"
"GCCCT"
"GGCTC"
"AACTC"
"TTCGC"
"CAGTC"
"ACAGG"
"CATGA"
"CTTGC"
"CACGC"
"TCTCC"
"AGGGG"
"AATAC"
"GCAGC"
"ACAGT"
"ACGTA"
"AATTC"
"GGGTA"
"TCGTT"
"AAACC"
"ACACC"
"TATTA"
"GGAGC"
"CTATG"
"GGCGC"
"GCATA"
"GGATT"
"AAGTT"
"TACTC"
"GCAGA"
"CCGCT"
"ACAGA"
"GCGTA"
"TCCGG"
"TAATC"
"GGCGT"
"AATTG"
"GCGAA"
"TCTTC"
"ACGGA"
"ATGTA"
"GACAT"
"GGGTG"
"GAATT"
"TGCCT"
"AATTC"
"ACGGA"
"CCCCC"
"AATCA"
"CATTG"
"TACGC"
"TAGGT"
"AAAAA"
"TGTCA"
"ACTGC"
"CCGGG"
"TCGTT"
"TGTTA"
"CCCGT"
"CTGTC"
"ATCGC"
"AGGAA"
"TTTAT"
"ATATA"
"GCCCC"
"CTTAC"
"TATTG"
"TACCA"
"GGCCC"
"AGTGC"
"CCGTG"
"TCTGA"
"TCCGG"
"CACTA"
"GGTGT"
"CACGG"
"CTCAG"
"GTATA"
"TGTAA"
"CCAAG"
"TCAGG"
"TGATG"
"TAATA"
"TCAGT"
"GCGTT"
"AAATT"
"ATAAA"
"TCAAA"
"ATGGT"
"GCTTT"
"AGGGA"
"TGAAG"
"TACAC"
"ATCGC"
"TGGAA"
"CAGTT"
"GGTGC"
"CATGC"
"CCTAT"
"TTCAC"
"CCCGC"
"TCATC"
"CCGCA"
"TGATT"
"GGCCT"
"CTATC"
"CACAA"
"TTCGT"
"TGCTC"
"ACATA"
"CTGTC"
"AGTTG"
"TTCGG"
"CCGAG"
"TGCCC"
"TCATT"
"GATCT"
"CTTCT"
"TCTAG"
"TGGGG"
"ACAAT"
"GCGCG"
"ATCTC"
"GTGGT"
"ACATC"
"GGAAG"
"TTATA"
"ATGGC"
"GTGCC"
"GAAAA"
"AGCCG"
"GGGAA"
"CCGAG"
"AGACA"
"ACGCT"
"CTCCA"
"TATGC"
"AAATG"
"AATTT"
"ATACT"
"ATAGG"
"TCACA"
"GAGCT"
"CCAGT"
"TTCCT"
"AAATA"
"TGGAT"
"GGTGA"
"CCGTG"
"GGTTG"
"CTCGC"
"CCGGC"
"ATGTT"
"CTTTT"
"AATTA"
"GCATG"
"AAACA"
"CCTAT"
"CAAAT"
"TGGTA"
"ATATT"
"CGGCC"
"CCAAT"
"GACAA"
"CATGA"
"CCCTC"
"TCTAG"
"TAAAA"
"ACACT"
"GGAAG"
"ACCTT"
"AAACA"
"CTCAG"
"CTATC"
"ATTCC"
"CGTTG"
"TTTTA"
"CCGAA"
"TTACA"
"CAGAA"
"GCCTT"
"TGCGC"
"ACGGC"
"GGATA"
"ACGTT"
"GGGGC"
"CCGAC"
"GGCGT"
"AGCGG"
"AGCTA"
"GCGCC"
"CCTGT"
"ACGAG"
"GGGGC"
"AGCGA"
"GACGT"
"CCGTA"
"AATTG"
"CTGTT"
"GGGGA"
"TCCCA"
"GAGAG"
"CAGGT"
"TCCTT"
"GCGTA"
"TTTTT"
"TGGTT"
"CTGCT"
"TCGGA"
"TTCTT"
"CACTG"
"CATGT"
"CTGAG"
"AGATC"
"GCGGT"
"TCGTG"
"GGCGC"
"CTTTT"
"CTGTA"
"GCAAA"
"ATCAA"
"TGGCT"
"GTAAA"
"TTTGC"
"CATGG"
"TAATT"
"CCTGC"
"GGAGG"
"TTTGT"
"ATGGA"
"TTTAA"
"GCGCG"
"CCGCG"
"GTTTC"
"CACTT"
"TCGGT"
"TGTAT"
"GGTTG"
"CCGGG"
"CCGGC"
"CTGCA"
"TTTAG"
"CCGGG"
"CATAG"
"CCCGG"
"CACGA"
"GGGAG"
"AACAA"
"ACCGT"
"GGGGA"
"CTATC"
"GGCTG"
"CTGCT"
"CACCC"
"TCACT"
"ACGCC"
"AGCGA"
"CTTGG"
"GCGCC"
"TATTT"
"ACACA"
"TACAG"
"GGCGG"
"CCAGG"
"TCAGG"
"CCCTT"
"ATAGT"
"TATAT"
"ATCAT"
"GCTAC"
"CGTCC"
"AAGAC"
"CCATT"
"ACTTT"
"CAGAT"
"TCCTC"
"GCTCC"
"ATAGA"
"GGCCC"
"CATTC"
"GCTGA"
"CCGGA"
"TTCAA"
"CCCCT"
"CTCGG"
"TGTGA"
"TATGT"
"TCCTC"
"TGCGG"
"AGATT"
"ATCTG"
"AGATC"
"AAAGA"
"ACGCC"
"AGCTT"
"AAAGA"
"TTTTT"
"ACTGA"
"CAGAA"
"CAGTC"
"AGGGA"
"TCAGT"
"ACTGT"
"TCTGC"
"CGCGC"
"GTACA"
"CCAGC"
"GAGTA"
"CTATA"
"TCTCC"
"AGCAA"
"TGCGA"
"AAACA"
"GACGG"
"AGACA"
"AGCGG"
"CTCGG"
"ACGAA"
"GACTT"
"CTGCA"
"ACCTG"
"TTAGC"
"ACGGA"
"GTGCC"
"AGGAG"
"ACGTG"
"AAAAT"
"GAGCA"
"AAAAT"
"CGCCC"
"TGCCT"
"TGCAT"
"TTATC"
"GGATG"
"CTAAT"
"GCATA"
"TCGAA"
"CTTAG"
"TTCGC"
"CATCA"
"GCCAG"
"AGGCT"
"CAGCA"
"ATGGA"
"GCTGG"
"CCCGC"
"TGGCT"
"TAGAG"
"CTTGC"
"TATTA"
"CTGTG"
"TTTAA"
"CTTAC"
"TGGAG"
"GCGTG"
"CGCGG"
"TTGGT"
"TGGAT"
"CAATG"
"GGTTG"
"TTCTT"
"CCAGG"
"CAATA"
"CTCTA"
"CACTA"
"TTGCT"
"TGCAA"
"TGGTG"
"GCAGC"
"TGAAA"
"ATAAA"
"GAACA"
"CACGT"
"GCATT"
"ACACC"
"TGTTC"
"TGTGT"
"GGTTG"
"AAACT"
"ATATA"
"TGCTG"
"AGGCC"
"GACAT"
"CTGTG"
"TTGTA"
"CTTAG"
"GGCAG"
"GTATG"
"AATGA"
"CCGCC"
"AGGTG"
"TCGCC"
"TCGTT"
"GGTTC"
"CCGGT"
"GCGGT"
"AGGCC"
"TTCAG"
"CCCAA"
"AAGTT"
"GCGCC"
"AGAGT"
"TCTGG"
"ACTTA"
"TCAGA"
"GACGA"
"TGAAA"
"ATGAC"
"GTTCA"
"ATCTT"
"CCCCC"
"TAGCC"
"AATGA"
"GCGTG"
"CGTCT"
"CTGTT"
"TATAC"
"CCCAG"
"CAGGG"
"AGCGT"
"AACTA"
"AATTG"
"TCGTC"
"CTAGG"
"TATGG"
"GTCTT"
"CCGGG"
"CCGAG"
"CCTCA"
"CCTGA"
"CCCGG"
"CAGAA"
"CACCA"
"TTTCA"
"CTAGA"
"GGCAG"
"AGAAC"
"ATGAG"
"TAGTT"
"ACTTG"
"AACAC"
"GCCCA"
"CTGAG"
"GGCAC"
"GCTGA"
"AAGTA"
"AAGAG"
"CAGCC"
"CACCT"
"AATAT"
"TTCGT"
"ATTGC"
"AGAGA"
"CAGCC"
"TCCAG"
"TCTCT"
"TCATG"
"TTGTT"
"TATGT"
"GCAAC"
"CTTAC"
"TTAAA"
"TGATA"
"GCCGG"
"AGCTT"
"CAGAG"
"CCACA"
"ACGAG"
"AATGC"
"AACAA"
"CACCT"
"ACATT"
"TTTTG"
"AACGA"
"TGCTT"
"CGGTA"
"GACTG"
"AGTTT"
"CACGC"
"GAAGA"
"CTGGT"
"TCCTG"
"AGGAG"
"AGCTC"
"TCAAG"
"TCGGG"
"GATCC"
"GAACA"
"CACCA"
"TGATA"
"GTTAA"
"ATTAC"
"ACGCC"
"AAGGA"
"TCAGG"
"ATATA"
"GGGGC"
"AATGC"
"ACTGG"
"TGGCT"
"AACTT"
"GCCGG"
"ACGTG"
"TCGTG"
"TCCTA"
"ATTCT"
"CCCCA"
"TAGGA"
"GTGTG"
"ATCTG"
"AAATA"
"ACCTG"
"GAGTT"
"ACTGC"
"GCATA"
"TGTTT"
"AGTTG"
"CCCCT"
"GACAA"
"CACGG"
"TATCA"
"GAAGC"
"TTTGG"
"GAACC"
"AACCC"
"GATGC"
"GAGGA"
"CCTTC"
"GGGGT"
"CCAGG"
"CCTGC"
"CGCCC"
"TCTGC"
"CTACT"
"ACGTC"
"TTGTA"
"GCGGA"
"TCAAA"
"AATAG"
"ACTTT"
"TAGAG"
"AGAAA"
"TAGCT"
"ATGAA"
"TATGG"
"CAGTC"
"CAGGA"
"CGGGG"
"AGGGA"
"AGCTC"
"TTCTT"
"AGATG"
"GGGTA"
"ATATC"
"GCCAC"
"TTGGC"
"TAACA"
"GTTAC"
"TTGTG"
"TATAC"
"CATGT"
"AATTT"
"AAGCC"
"GCTCC"
"ATGTG"
"ATATA"
"CCCCT"
"AATGG"
"CGGCG"
"GCCGC"
"TTCCT"
"GTGTG"
"GACAT"
"ATGTA"
"GAGCT"
"GGCAC"
"CACGA"
"ATACC"
"CCCTG"
"ACATT"
"CTAAT"
"CTCTC"
"GACGG"
"ACTTG"
"TCCAG"
"GGCTC"
"TCAGC"
"GTGTA"
"GGTCT"
"GGGTA"
"CAACT"
"ACCGG"
"GAGGA"
"ACCTT"
"GACGA"
"CTCAA"
"GGGGC"
"TATAA"
"GGTAA"
"CGGCC"
"GTATG"
"GTGCA"
"TCTCT"
"ACGGT"
"CAAGA"
"TCCCT"
"CCCCA"
"CCGGA"
"CTCGT"
"TTAGG"
"TGTCA"
"ACTGC"
"AGCGC"
"GACGG"
"AGTAG"
"GAAGA"
"GATAC"
"CCGTA"
"CCTAC"
"AACAA"
"GTATA"
"CCGAG"
"TTTAG"
"CCCAC"
"CCAAT"
"GAGTA"
"CACTT"
"TTATT"
"CTCTC"
"TATTT"
"ATGCA"
"ACCGA"
"GTGGA"
"ACGTG"
"GGGGC"
"GAGGA"
"CGCGC"
"AGAAA"
"CACCC"
"CTTGT"
"TAGGT"
"TTAAA"
"CTAGC"
"TCCTG"
"TCACT"
"TCCTC"
"ACCGG"
"GGTGC"
"CCCCA"
"TGCCA"
"ATAAG"
"AAGCT"
"TACAT"
"GATTG"
"TCTCC"
"ACCTT"
"CATGC"
"GGTGC"
"GTGTA"
"GCGTG"
"AGCGT"
"CAATA"
"CGTGA"
"GTTGA"
"TGTAA"
"TTTTT"
"AGGCA"
"CAGAA"
"GATAA"
"GGTGG"
"CAGTA"
"ACGCT"
"CTTCT"
"CCGGC"
"ACATA"
"ACAGA"
"TATAG"
"AATGT"
"CTTTG"
"CACGT"
"ACAAT"
"CCCGT"
"CGCGT"
"CACGA"
"ACTAA"
"TTTGG"
"AGAGG"
"AAAAC"
"TCATG"
"CTGCT"
"AACCT"
"ATAAA"
"AGCTG"
"TTTAT"
"TACAT"
"CCCGG"
"ACGCC"
"CTGTT"
"ACCTC"
"GGCAT"
"TGTTT"
"CTGTT"
"CACTG"
"CGGGG"
"CTTAA"
"TCCAA"
"AGTAC"
"AGACC"
"GCGTT"
"GCTCT"
"ATTTA"
"TGGCA"
"TACTC"
"CCAGG"
"AGTAG"
"CAGAC"
"AAAGA"
"AAGAA"
"GAAGG"
"AACAT"
"TCGGG"
"GTCGC"
"AATGT"
"GGCAG"
"TTTAT"
"AAGCT"
"CTTGA"
"TCCAA"
"ATGAC"
"AATCC"
"CTCTC"
"TATAA"
"ACATC"
"TTGAG"
"GGCGA"
"GCGCC"
"GTATA"
"AACGT"
"TGGAT"
"TGGTC"
"GTGAG"
"TATAG"
"TGGTT"
"TCGTC"
"GATCG"
"GCCCT"
"AGCGA"
"CCATG"
"CAGAG"
"GAGTC"
"TCATT"
"CCGGT"
"TTTGT"
"AATTG"
"TGCAA"
"ATAAA"
"GATTT"
"CCGCC"
"AGGTG"
"AGGAT"
"TGCTT"
"TATGT"
"ACAGT"
"GTCAC"
"TCCCA"
"GAATG"
"TCCTT"
"CCACT"
"CCAAA"
"AACGA"
"GGAGG"
"ATGAG"
"TTGGA"
"GATGG"
"GACCT"
"AACTG"
"CAACA"
"GACGT"
"TGCTC"
"CAGGA"
"GGAGA"
"CGGTG"
"CCGGG"
"TTGTG"
"GTATA"
"TTGTT"
"CCCGC"
"ATGCT"
"TGGGG"
"CCAGC"
"ACCAA"
"GTTTC"
"TGTTG"
"ACGGT"
"CGGAA"
"AGTAG"
"TGAGA"
"TTGGG"
"TGCTC"
"GGGGC"
"GAGGG"
"ACACT"
"TTTAA"
"TCATA"
"CCTGT"
"AAAAA"
"CACGG"
"TTTGT"
"TCAAT"
"TCCGT"
"TGATA"
"GGTGC"
"TGGGG"
"AGCCA"
"AGGTG"
"ATCGT"
"TCCCA"
"GCAGT"
"TTGGG"
"CCCGC"
"CAACC"
"CTATC"
"CTGGA"
"ACGTT"
"TCCAG"
"CCCAG"
"AGGTC"
"CACGC"
"CACAC"
"GGAGA"
"TATTG"
"CTCTC"
"AGCGC"
"CCGGG"
"ACGCT"
"CATGC"
"CCCGA"
"TACTA"
"CCGGG"
"TAGCA"
"TGCCT"
"TTAAA"
"AGTGG"
"CTTCT"
"CGGCT"
"TATTT"
"ATCCG"
"GCTTG"
"ATAGG"
"ACGGA"
"AGCTC"
"TCCGT"
"TTTTT"
"GGGGC"
"TTAAG"
"AAAGT"
"TGTCT"
"CTACC"
"CAGTG"
"CCAAA"
"AACCC"
"ATGCG"
"TAAGC"
"TTACT"
"AGGTT"
"ATTAA"
"CTACC"
"TGCAT"
"TTCGG"
"AGCGG"
"CATTC"
"TTGAG"
"CAGCA"
"CTAGG"
"GAGAC"
"ACGGA"
"GAAAT"
"ACGCC"
"TCGGT"
"AACGT"
"GCTGA"
"GTTCC"
"ACCGT"
"ACTTA"
"TTACC"
"TGTCT"
"TCAGG"
"ACACC"
"GGACT"
"GCCTG"
"TCTTG"
"TCTGC"
"GACTG"
"TTCCT"
"GGCTG"
"TTAAA"
"ATCCT"
"GCCTC"
"CTAAT"
"CCGAG"
"GTTGT"
"TATTG"
"TGAAA"
"CCCGG"
"ACATT"
"ACTTG"
"ATCTG"
"GAGTG"
"TATAT"
"AGGAA"
"ATGAG"
"TGTTG"
"AGGCG"
"CTCTT"
"TGGAG"
"TATGA"
"ATGAA"
"CGGGG"
"ACTTG"
"AGCTT"
"GTGAG"
"CGCGA"
"CAGTC"
"TCATT"
"GCGGG"
"AAGGA"
"TACAG"
"CTACA"
"CCAGA"
"CAGTA"
"ATTAT"
"AGTTG"
"TGTCT"
"GCCAA"
"GACAG"
"ATGTA"
"AGATG"
"CACTT"
"GACGG"
"AACAT"
"CCTGG"
"CTTTT"
"AATTG"
"AGAGA"
"TACAT"
"CAACA"
"TTCCT"
"CCGCT"
"CCAGC"
"GCCGG"
"CGACA"
"CAACC"
"CCGCC"
"GGGGT"
"GCGGA"
"GCCTC"
"CTTGA"
"TCATG"
"GACAT"
"ACCCA"
"ACGTA"
"TTTAT"
"CGATG"
"TGGCC"
"GCCGA"
"GAGAA"
"AATTA"
"CACAC"
"TCTGG"
"TTTTT"
"AACAT"
"CTATC"
"CAACA"
"ACGGT"
"AGAAG"
"CACGC"
"TGGGT"
"AAGTC"
"CCAGC"
"TAAAT"
"TCCAA"
"TTTTG"
"TAGAG"
"GACTG"
"CCAAA"
"TCCTT"
"GCTGT"
"GGAAA"
"TCTCA"
"ACGGT"
"AACGA"
"ACGCA"
"TTATG"
"CTGCA"
"CAAAA"
"TCTTC"
"AGGAC"
"TGGCA"
"GCATG"
"CTCTC"
"TGCGC"
"AGTCT"
"AGGAT"
"GGGGT"
"AGTTA"
"CAAGC"
"CCATT"
"GTTGA"
"GAGGG"
"CTCTC"
"ATGTC"
"ATAGG"
"CCGAG"
"TCGCC"
"GCGGG"
"ACATT"
"TTGTT"
"TTATT"
"AATGC"
"CTATT"
"CAAGA"
"ATGTT"
"CTCAG"
"ACATC"
"GAGAA"
"AGGCA"
"CCTTT"
"ATCGA"
"CTGTT"
"CTCGG"
"TAATG"
"TATAT"
"GAGCA"
"TCCCC"
"TCATC"
"TTACT"
"TGCCA"
"CCATT"
"TCGCC"
"TTTTA"
"GGCAC"
"AATAA"
"GTTGC"
"CACGA"
"CTGTT"
"TTTAA"
"CAGGG"
"GGCAG"
"GCAGT"
"AAAGG"
"AAGGG"
"AGCAC"
"TCCTT"
"GATGA"
"GGGAA"
"TCTGC"
"ATTAC"
"AGGAA"
"CACCA"
"GCTAC"
"CTCGG"
"ATTGT"
"AAAAA"
"CCCTT"
"GGCCC"
"CGATT"
"GCTGT"
"ATAGG"
"CAGCG"
"GCGCT"
"GTCCA"
"AATAT"
"ACGGG"
"CCGGG"
"ATAGA"
"CCGTT"
"TTCTA"
"TTCCT"
"AACTT"
"ATTCC"
"GTATC"
"ACATC"
"TTGTT"
"AAGAT"
"GGCAG"
"TGTCA"
"GTGTT"
"GCGTG"
"AAAAA"
"CTCGT"
"TCTCA"
"CATAT"
"GGGAC"
"TTTCT"
"ACCCA"
"GTGGG"
"AGCTA"
"TGGAA"
"CTGAG"
"CACAC"
"TCAGT"
"GACGG"
"ACGCC"
"GCTGG"
"ACTGA"
"GACGC"
"TGACC"
"GCCCC"
"AAACC"
"TATAT"
"AGCGA"
"CACGC"
"TATGT"
"CAAGC"
"ATTTT"
"AAATT"
"GCGGC"
"ACATC"
"GTAAC"
"GAGCA"
"ACATT"
"CTTAG"
"GAGGT"
"GAGAA"
"GCAGA"
"ACACC"
"AACTG"
"CCGTC"
"GTAGG"
"CTGAT"
"TAAGA"
"TCGTT"
"GGGTG"
"GGGTT"
"CCGTC"
"TTGCC"
"AATCC"
"GCGGG"
"TCTCC"
"TCAGG"
"GCGTT"
"GCAAA"
"GAGAG"
"CCGGG"
"CACGT"
"AACTC"
"AGATT"
"TGTGG"
"ACCAG"
"AGCGG"
"TTCTG"
"GTGGC"
"TACTC"
"AATTG"
"CGAGA"
"GACGG"
"CGGGG"
"TCTTT"
"CCATA"
"GTTTT"
"TTTTA"
"ACAGC"
"ATTGA"
"TTTGC"
"ATAAA"
"TTCCT"
"CATAT"
"GTTAC"
"ACTAA"
"TTTCA"
"AGGGT"
"ACGTG"
"TCTGA"
"CACAT"
"CCGTG"
"GCGTC"
"ATACC"
"CTATT"
"ACGGC"
"CTCAT"
"TTCAA"
"AAGGA"
"ATGTA"
"AAGCC"
"GGCGC"
"CCGGG"
"TGACA"
"CCCTT"
"GTGAG"
"AAACT"
"TCATT"
"AGCGG"
"ATAGG"
"GAGAG"
"CACGC"
"GATCT"
"GTCTA"
"ATTTT"
"CGGAC"
"TTTTT"
"TGGCC"
"ATCAG"
"CCATC"
"TATCC"
"ATGTA"
"TGTCA"
"TCGCT"
"TTCTA"
"CAAGG"
"GCGGT"
"ATCGT"
"CTCCC"
"GATGT"
"CCCGA"
"TCCGC"
"AGGTA"
"GACAT"
"CGCTC"
"ATGCC"
"CATGC"
"TTGGG"
"AACAA"
"GAGAG"
"TAGCC"
"CCGGG"
"GCGGG"
"AGTTG"
"ACCCT"
"TGCTG"
"AACAG"
"CGCTA"
"CCCGT"
"ATAAA"
"ATCTG"
"CCACT"
"TTTTT"
"GTGAA"
"CAGCA"
"CCCTC"
"CACGC"
"TGCTA"
"TAGTA"
"TTGTA"
"CTGGT"
"CCACC"
"CGTCC"
"AAATA"
"GTCGG"
"GTATA"
"ATATG"
"TTGTA"
"GACGT"
"TCTGC"
"TGAGT"
"GACCA"
"CACTC"
"CTTGG"
"CCAGG"
"TTGTC"
"TTGGT"
"CTATT"
"TATGA"
"AGCTT"
"GATTT"
"TATTC"
"TATAA"
"GAGAC"
"ATTTG"
"TTCTT"
"TGGAC"
"TACTT"
"CATAT"
"ACCGC"
"CAGGA"
"TGGCT"
"TTTAA"
"CAATA"
"ACTAG"
"TTTTG"
"CATGC"
"GGGCC"
"AAGTG"
"TGCTC"
"GATGA"
"AATTC"
"AATGC"
"TCCTC"
"AAAAT"
"GCTGG"
"CTAAT"
"TATTC"
"GGACT"
"TGTGA"
"AATAG"
"GACAT"
"CAGTG"
"TTAAA"
"TGGGT"
"TCGCA"
"TATTC"
"GATAC"
"AAATC"
"ATCTT"
"AACTT"
"CAGTA"
"CAGTG"
"GGCCA"
"CCTCT"
"CTTAC"
"TATTG"
"CAGAG"
"AAGTA"
"CTTCC"
"AAAAA"
"AATTG"
"GTATC"
"ACGTC"
"TTGGG"
"ACACC"
"GGCAG"
"CCCGG"
"ATAGC"
"GGGTA"
"GTATT"
"ACGCA"
"GGCGC"
"TTGAA"
"TTATC"
"CCAGG"
"TAGGT"
"GTGCT"
"AGTTC"
"GTGAG"
"GTCTG"
"TAGAA"
"TGCCA"
"TTCAA"
"AACCC"
"ATATT"
"AGCGT"
"AGCCT"
"CCCAT"
"TTAAA"
"TTTGT"
"ATTTC"
"TGCTC"
"GTCAG"
"GCGCG"
"CTTGC"
"ACACA"
"CATCC"
"GCAGT"
"TTATT"
"CTATC"
"CTAGG"
"TTGCT"
"GCGGT"
"ATACC"
"AACCA"
"TACAT"
"CACGC"
"CTCTT"
"AGGCT"
"ATCTT"
"GCCTG"
"TTATA"
"TCGAT"
"TTCTG"
"TTCTA"
"TGGTA"
"CATAT"
"CCATG"
"GCCGC"
"GCCGC"
"AGCTA"
"GGCCC"
"GGCAG"
"CACGA"
"ACCGA"
"ACGTG"
"GGGAA"
"AAGCC"
"ACCAT"
"GGGAG"
"AAAGG"
"TTCTG"
"TAATT"
"TACGG"
"GCGCG"
"TTGGT"
"TGCCA"
"CCAAA"
"GCGTG"
"AAGAA"
"ACCCT"
"TTTTA"
"CATTG"
"TCTTT"
"TGCGC"
"TGTCC"
"AAACA"
"CTACT"
"ACATG"
"ATGTG"
"CCCGG"
"CTCGG"
"ACATT"
"AGGTA"
"CCATC"
"GATTT"
"AGCGG"
"GAACT"
"GGCGG"
"CCAGG"
"GGGGC"
"AAGAT"
"GAGGG"
"TCGGT"
"GAGGT"
"CATCT"
"AGATA"
"TCGAG"
"TTTTG"
"AATGA"
"GCCCA"
"GTATG"
"ACCGT"
"AAATT"
"CAAGG"
"CCCCA"
"CAATT"
"GTAAA"
"CACTG"
"GGTCT"
"TATAT"
"TGCAA"
"ATTTT"
"CAGGC"
"TCCTG"
"CTAGG"
"GAGCT"
"CACGG"
"TGGAG"
"CCATT"
"CCGTT"
"CCATG"
"CATAC"
"CAGTG"
"ATCAT"
"TGAGG"
"CCGCC"
"CACGC"
"GTTCA"
"TCATT"
"GCCAC"
"GCGGC"
"CAAAT"
"TACGC"
"AATCT"
"GACGT"
"GATAG"
"CCTGC"
"AGAAA"
"TAGTA"
"TCTAA"
"TGTAA"
"AGAGA"
"GGAGT"
"CATGG"
"AGCAG"
"TATTA"
"AACTC"
"TCGTC"
"TTAAT"
"ACCAG"
"ATAGT"
"AAGAT"
"CCGCC"
"CTGCC"
"CTATC"
"CCGCT"
"GCGCA"
"GCCCT"
"ATAAA"
"TGCGC"
"GTGTG"
"AACAT"
"ACCGT"
"AATGA"
"TTTAA"
"GTCGT"
"CCACT"
"ATTTC"
"CCGGG"
"GTAGG"
"AGGTA"
"TTCGG"
"TATTT"
"ACTTT"
"CCATG"
"TCCAG"
"GCCCC"
"AATGC"
"ATTGA"
"TAACA"
"TTTAC"
"TGCTT"
"TAATA"
"CTGCT"
"ATATT"
"ACATG"
"ATCGC"
"CTCAC"
"CTCCT"
"TCTTC"
"ACTAT"
"GCCAA"
"ACGCC"
"GACAC"
"TGTGC"
"TTCGC"
"ATATA"
"GGCTA"
"GGGAC"
"TCACT"
"ACCCC"
"GCCGT"
"AATAC"
"GGGAG"
"TGCGA"
"ATGAG"
"TACTT"
"CGGCT"
"CCAGC"
"AACCT"
"AGTGA"
"GTGAA"
"TGGAA"
"CTCTT"
"AGAGA"
"TGCCT"
"ACGAC"
"CCGCC"
"GCTGA"
"CCGTA"
"TACGT"
"TAAGT"
"ACACC"
"TAGCT"
"TTTTT"
"TCGAA"
"GTCAG"
"ACACC"
"TTCGT"
"GTATA"
"CCGTA"
"GGGCC"
"TGCCT"
"TGACA"
"AATTG"
"TGATC"
"GGTTG"
"AACAA"
"AACTC"
"TAGAT"
"CACGA"
"TGGAG"
"ATGTA"
"CTGTG"
"TAGTT"
"AGAAG"
"CATAT"
"GAGCT"
"GAGTG"
"CATGT"
"ACATG"
"AAGGG"
"TATAA"
"TGTCT"
"GCGGT"
"CTCTA"
"CTCGG"
"ACCGA"
"TTCAC"
"TACCT"
"CCTTT"
"GGATT"
"CTAGT"
"TGGCT"
"AAACA"
"ACGGG"
"TCATA"
"GAGTA"
"CGGGT"
"AAGTG"
"CAAGG"
"ACGCT"
"GAAGA"
"CCTGC"
"TCCCT"
"GTGTA"
"CAAGA"
"ATAAA"
"GACGC"
"ACGTA"
"TTGTA"
"ATTGC"
"GCGGG"
"CCTGC"
"CCGTC"
"CTATT"
"TATCT"
"GTCCG"
"GTGCT"
"ACAAA"
"GGGGC"
"GTTTG"
"GAACA"
"TTTAG"
"ATAGT"
"AGAAT"
"AGTCT"
"ATGGC"
"AAGCC"
"CAGTA"
"AATTG"
"CAGTA"
"CCACC"
"TAAGA"
"GGTTT"
"TATAG"
"TCGTA"
"AGAAT"
"TCCAT"
"CCGGG"
"GCCAA"
"ACGGA"
"GAGCC"
"AACAA"
"GGGCA"
"AGATG"
"ATGGA"
"CCCCA"
"CCCGC"
"CCCTC"
"TTGTG"
"GGCGG"
"TCGCC"
"CGGGT"
"AATGG"
"TACCT"
"ACTTG"
"TTGAG"
"GATGG"
"GCGCC"
"TTCAA"
"AAGTT"
"GAACT"
"AGGTG"
"GCGGA"
"TCTCC"
"ATGTA"
"TGCCA"
"CAATA"
"AGATC"
"ATATC"
"TCGCC"
"AGATT"
"CCCAG"
"TTTGG"
"AATAT"
"GAAGA"
"TCCTA"
"TCGCC"
"TTCTA"
"CTGCA"
"CTGTT"
"TTGTG"
"GGGCC"
"AAGAG"
"CTACA"
"ACTTC"
"GACCT"
"CTGCT"
"TTAGC"
"TTGTC"
"TTATG"
"CCTCC"
"GCTAC"
"GACGC"
"CCGGG"
"TGTCT"
"TGGCC"
"GGCTG"
"TTCTT"
"AATGT"
"TCAGG"
"TACAG"
"CTTAC"
"TAGAA"
"TCTCC"
"TGAAG"
"GAATA"
"GCATG"
"GGGAA"
"TCCGA"
"ATTCT"
"CATTC"
"CCGTA"
"CACCA"
"CCCAG"
"GATCA"
"TGTCT"
"GTATC"
"AAGAT"
"ATGAC"
"AGGGC"
"TTCTT"
"AGTTT"
"CCCGC"
"CCCAA"
"AAAGG"
"GTGTG"
"CAATC"
"TTAAT"
"CCCAT"
"CCAAC"
"ATCAG"
"CCGCC"
"CACGG"
"TCCGC"
"AGGGG"
"GCGGT"
"AGAGT"
"AGGAA"
"ACGCA"
"AACGC"
"GATGT"
"CCTGG"
"TCGGA"
"TGTTA"
"TGACC"
"TTTGG"
"ACATA"
"GTGGG"
"ATTAG"
"CAACT"
"CAGGC"
"CCGCC"
"ACGAT"
"AAAGT"
"GGCAG"
"GTTGT"
"CTGTG"
"GGGGA"
"GGGCT"
"CTGGT"
"ACCCT"
"TGTTA"
"GCAGG"
"GTGGT"
"AATCA"
"TCACA"
"TGTGA"
"CCCAA"
"ATGTG"
"ATGCT"
"TTAGG"
"GAAGG"
"ATATC"
"GCGAC"
"TATAA"
"TTAGT"
"GCAGT"
"TGTAC"
"TTTAT"
"CTATC"
"TCCAT"
"GATAT"
"TGTTC"
"TTTTG"
"ATCTA"
"AGATA"
"TTATT"
"CTAGT"
"TCAAG"
"TTTCT"
"CATCT"
"TCGCA"
"CTCCC"
"CTGCC"
"AACAT"
"ATCCA"
"AGGTG"
"GGCAT"
"CCATC"
"GCAAC"
"AGTAT"
"TTCAG"
"AAATT"
"ACGGG"
"TCTAA"
"GCGAT"
"GGCTC"
"CTTTT"
"GTATA"
"AGAGT"
"CATGT"
"GGCGC"
"TCCGA"
"TTCCA"
"CTGGT"
"ATAGA"
"CCGGC"
"CCGTC"
"TCCTG"
"CATGG"
"AACAT"
"AGGCT"
"TGCCC"
"TAGTG"
"GCGCG"
"TAACC"
"GGATG"
"CTGGA"
"CAATG"
"ACTGA"
"CCCGA"
"ATCAG"
"ACTTC"
"CCGTG"
"TGTGC"
"CCGAG"
"CATTA"
"TATAA"
"ACGTG"
"TAATT"
"CAGAG"
"CATTG"
"TCTGT"
"TCTTG"
"ATATC"
"TGCGA"
"TGTAA"
"GCAGG"
"TTTAA"
"AAAAA"
"CCTGA"
"CTGCC"
"TACTA"
"TGAAA"
"ATGGT"
"AATAG"
"CAGGT"
"CCAAG"
"GCATG"
"ACATT"
"CTTGT"
"GATGT"
"CATGC"
"GCGGA"
"CACCG"
"ACGGA"
"AACAA"
"TGCCT"
"TGCAT"
"CCCGC"
"AGAGT"
"TTCTC"
"ATGAA"
"GGGGT"
"GCGCA"
"CTCAC"
"GACGC"
"TGGCT"
"GGCCC"
"TCTTC"
"AGCAG"
"GCGAC"
"CAAAC"
"TCGGG"
"TTCGA"
"AGGGT"
"ACGTG"
"AAATT"
"AAACC"
"TTTGA"
"AGACA"
"AAAGA"
"AAACT"
"GCCGG"
"CACGC"
"CACTC"
"TGGTC"
"CCCCC"
"TATTG"
"TGCAC"
"TGCGC"
"CCAGG"
"GACAA"
"GAAGG"
"ATGAG"
"GACAA"
"ACCTT"
"TTGAT"
"TGATT"
"CGCGC"
"GGAGT"
"GTAGA"
"GTTGG"
"ACCCT"
"TTCAG"
"GGCTG"
"TGTGT"
"GGCCT"
"AACAC"
"TTTCC"
"TCCTG"
"ATATA"
"TTGAC"
"AGCTG"
"CTCCC"
"GGCAT"
"GCGTA"
"ATTTT"
"TGGAA"
"TCAGT"
"AGGGG"
"CATAC"
"TTTCT"
"CCCAA"
"ACCTA"
"AAAAA"
"CACAC"
"CTCTG"
"GTATT"
"TAATA"
"GCCAT"
"ACTGC"
"CACTG"
"ATGGT"
"GACTT"
"TTCGA"
"GACGC"
"CATAC"
"GCTTG"
"GCGTT"
"ATTAT"
"TACAC"
"AACTG"
"CCTGG"
"AATTT"
"AGGTC"
"GATCC"
"CATAA"
"CACTG"
"CTGTA"
"TGAGT"
"CCTGA"
"GCAAG"
"TTGTA"
"TTTAG"
"CTCAT"
"AACAT"
"ATTCC"
"CCCGG"
"GATGG"
"AATAC"
"CATAA"
"ACGCC"
"ATAAT"
"CATGA"
"TCCTC"
"CAGTT"
"CTCCC"
"CGCGG"
"TGTCA"
"CCGTA"
"TACAC"
"AGCGA"
"AGCCT"
"CACAC"
"ATTGC"
"TGCGA"
"GTTAT"
"TCAAG"
"CTATG"
"AACCT"
"ATTAT"
"CGCCT"
"GCATA"
"GGAGA"
"ATCTG"
"AAGCT"
"TTGCT"
"ACAAG"
"AGTGC"
"TTCGA"
"CATTT"
"CTCCT"
"ACAAT"
"CTGCA"
"TGATG"
"AGCCG"
"TCCCC"
"CTTTA"
"TGCTA"
"CCCCA"
"CTCCC"
"TCTTT"
"GAAGC"
"GGATT"
"GCTTT"
"TAAAA"
"CTGTT"
"TCCGA"
"TGTAG"
"CCGTC"
"CTCGG"
"TCAAA"
"TAAGG"
"AGCTT"
"ACGTG"
"TCACT"
"TGTGA"
"TCTGA"
"GTCTC"
"CATCA"
"ATGGT"
"CTAGA"
"GAGGA"
"GAGCC"
"GCGTC"
"GACGG"
"CTCAC"
"AGCGG"
"AAGCA"
"ACCTG"
"TAGCT"
"CCCAG"
"CAGCA"
"TCAGT"
"CCGAG"
"GCTAA"
"ATCAA"
"CCACC"
"TCGTT"
"AGAAT"
"CTTGG"
"GATAG"
"GTGAA"
"TAGTA"
"GGCGG"
"CCGGT"
"ATGCA"
"GCCGA"
"CCCAT"
"CTTAG"
"TATCC"
"CCAGT"
"AATTT"
"GCAGA"
"ATTGT"
"TGAGC"
"GGCTG"
"GAGCT"
"CATGC"
"GGAAG"
"CCTTT"
"TTCAT"
"GGTCT"
"TCGGA"
"CAGTT"
"GAGCC"
"GATAG"
"TGTTC"
"ACGCT"
"CACAC"
"ACCGT"
"CAGGA"
"GAACT"
"TCGGC"
"CCGCC"
"GAGAC"
"CTGCT"
"AAAAC"
"CCATC"
"GGTGC"
"CGGAG"
"CCTAA"
"TTTTT"
"TGCTC"
"TCACC"
"ATCCC"
"GGTTG"
"CATAT"
"GAGGA"
"CAATT"
"ACCTC"
"GTGTA"
"TTCAT"
"ACATT"
"TCTTT"
"CCGGG"
"GGTAG"
"GCTCT"
"GCCGG"
"ATCAG"
"GCGGC"
"ACAAA"
"ACTAA"
"AAGAG"
"CCGTG"
"GTTTC"
"TGCGG"
"GGCAC"
"CATTG"
"ATGAT"
"GAAAT"
"GTTTT"
"ATTCA"
"GGCAG"
"GTTGC"
"AAGTC"
"TGCAT"
"CTCGT"
"ATGTC"
"ACGAT"
"AGGCT"
"TGTTC"
"AAAAG"
"CCTGC"
"GTGAC"
"AACTT"
"TATCT"
"AACAA"
"GAACA"
"TCGCT"
"CTATT"
"ATCAA"
"CGCAT"
"TGGTG"
"TCTTT"
"GGCAA"
"AAACA"
"GTTTC"
"AGCGC"
"TGTGG"
"TTTGG"
"ATTTT"
"CAATA"
"CTATT"
"GATGC"
"TGAAA"
"TGCAA"
"CCCGT"
"CTGTA"
"TCAAC"
"AAGGG"
"ACGTG"
"AGGTG"
"ACGAC"
"CCCGC"
"CCAGT"
"ACGGG"
"CCGAA"
"TCCAG"
"AGCGC"
"CTGAA"
"TCGCA"
"TTGTA"
"GTACC"
"GCCGG"
"ATCTG"
"GGGTT"
"CCAGG"
"ATTTG"
"GGGCT"
"ATAGA"
"ATGGG"
"CAGCT"
"CTTCC"
"ACTTC"
"TTGTG"
"AGATT"
"TATAA"
"AAAGA"
"GCGAC"
"GTGTT"
"GGACG"
"TATTT"
"ACGGT"
"CCGAG"
"TCTTG"
"AGACT"
"GCAAA"
"AGAAT"
"ATTTG"
"TCCGA"
"CTAGT"
"GCGAC"
"TATGA"
"CTTTA"
"TGTGA"
"GCGCA"
"CAAAT"
"GTGGG"
"TATCT"
"ACAGA"
"CTGTG"
"CGCGC"
"CTACC"
"CAACA"
"TGTGT"
"CACAG"
"CCAGG"
"TCCTG"
"AAGCT"
"CTAGG"
"TGACC"
"CACGA"
"TCCTT"
"TGATA"
"GGCGG"
"TCGTG"
"TTGAG"
"CAGAG"
"CTGAC"
"CCAGG"
"ACCCG"
"CATGC"
"TTGTG"
"GCTCC"
"CCTGT"
"GTTTT"
"ACAGA"
"CCACC"
"GCTCT"
"ACCAG"
"AACCT"
"AAGTA"
"AATAT"
"CTTAA"
"TCTTT"
"ACGCA"
"TACGT"
"CATTC"
"ATCTC"
"AACCT"
"GCTGC"
"CAGCC"
"AGCAA"
"ATTAA"
"GGTAG"
"TGGTA"
"CAACC"
"TATCT"
"CAATG"
"AGTCA"
"CTAGG"
"GGGGT"
"AAGTC"
"ACGAG"
"GACGA"
"ATCAG"
"TGGAT"
"AGTCA"
"TCTTA"
"GCCGT"
"CCAAC"
"TATAC"
"TTTTG"
"GCAAA"
"CCGTC"
"GAGGT"
"CTGTG"
"TGGCT"
"GAGGA"
"TCAGG"
"TTCTC"
"ATTGA"
"TTTTT"
"TTGCA"
"GCCGG"
"GTCAA"
"CTGGG"
"CTCAG"
"TGAAA"
"CTAAG"
"CACAG"
"TCCAC"
"AGATA"
"CCGGA"
"TTTCA"
"ATACC"
"TAATT"
"GAGTT"
"CCATT"
"TAGCC"
"TGCCA"
"CAATG"
"TTCAA"
"TCTCG"
"CAAAG"
"GCGGA"
"TTCTG"
"GCATG"
"TTCAT"
"CCCAC"
"GCTTT"
"AACCT"
"TGGGG"
"TCCGC"
"CTTGT"
"CTCTA"
"TTTAG"
"CAGTG"
"GCACC"
"ACGGG"
"TTTAA"
"GGAGC"
"TCGCC"
"TCGCT"
"CTGAC"
"AGGAG"
"TTTTG"
"TATAT"
"CGCCC"
"ACAGC"
"GGGTT"
"CTGCA"
"CACTC"
"ATATT"
"ATCTG"
"TGGCC"
"GAACT"
"TGATG"
"CATAA"
"CCAAT"
"GATCA"
"TAATT"
"CACCA"
"GAAGA"
"ATCAT"
"TTGGC"
"ACGAC"
"CAAAT"
"ATAGA"
"CCCAA"
"GCAGA"
"GGCGC"
"TTTTT"
"CTAAG"
"CCAGA"
"CTGTA"
"CCGCG"
"GGTGG"
"GGGTA"
"TCCGA"
"GCGAG"
"GTATA"
"GGAAA"
"CTCCT"
"AATTG"
"CCCAG"
"ATAAA"
"GGAGC"
"ACAAA"
"CGGCC"
"CCGGT"
"TATGC"
"TCTGA"
"AATCT"
"AACTA"
"GTGCA"
"AATAA"
"AATCC"
"CCACC"
"TTTCA"
"CACAT"
"AACAC"
"ACTTT"
"ACAAC"
"TCCCA"
"ACGAG"
"GCTAG"
"TGAGA"
"TCCGT"
"ACGGA"
"TACGT"
"CCATG"
"AAAGG"
"CATAG"
"CGCTT"
"TCTAC"
"CAACA"
"TTTAG"
"TCCTC"
"AAGAA"
"GCAAA"
"TAAAA"
"AGTTT"
"CTATA"
"TACAC"
"GTATC"
"AATTT"
"CTCGG"
"TGGCG"
"ACCAT"
"TCTAA"
"TTTTC"
"ATCAC"
"GCTGA"
"TGTGC"
"CCCGG"
"CAAGT"
"TACGC"
"GTTGG"
"AACAG"
"GAGAT"
"TATTG"
"TCTAG"
"AGGTG"
"GAAAG"
"ATGGA"
"TACTC"
"GGCCC"
"TGGGC"
"CATAA"
"GAACT"
"GGCCT"
"GGGCA"
"CTTAT"
"TGCAA"
"AAGCG"
"AAGAT"
"CACTC"
"GCACC"
"AACGG"
"AATTG"
"CCCGC"
"CACCG"
"AATGA"
"TGGGG"
"CATAG"
"AGTGG"
"TTCCA"
"TATGT"
"TCCCT"
"TTTTG"
"GATGT"
"TGCTG"
"TCACC"
"ACTGT"
"TTTGT"
"TCCGC"
"AACCT"
"TTTCG"
"CCAAA"
"CTCCT"
"AATGG"
"CACCC"
"AGCCT"
"ACATA"
"TCCTC"
"GCGTC"
"CCCAG"
"ATATC"
"TTCCA"
"TTCTT"
"AGGCG"
"AAGTC"
"GGGAA"
"GGGTA"
"TCACT"
"TATAG"
"TGCGG"
"ACGGT"
"TTGGG"
"CCGAA"
"ACAGT"
"TTCCG"
"CCAGC"
"GAGGG"
"CCTCC"
"TAATA"
"CAGTG"
"GCTGT"
"TAATA"
"TCCTC"
"GCAGA"
"CTATA"
"GAGAC"
"TTTCT"
"GGGTG"
"CAATT"
"TACAA"
"TTTTT"
"TTCCT"
"CCTTC"
"TTGTA"
"CATCT"
"ATCGA"
"GCCGA"
"CCATT"
"ACCAG"
"GCGGG"
"TACGT"
"TACGG"
"AACAG"
"TTTTT"
"GGGGC"
"CTTCC"
"TCTCA"
"GCGAT"
"TGGGA"
"CCAGA"
"ATAAC"
"ATCAT"
"GACAA"
"TACTA"
"TGTTG"
"TTGTA"
"AACGC"
"ACCTA"
"GATAT"
"GTTGT"
"CTGGT"
"GCTGC"
"CCCAC"
"TCCTG"
"CCATG"
"AATCC"
"GGCGG"
"TCGTT"
"ATCGG"
"GCGAA"
"CCATA"
"TTTAC"
"CTGCT"
"ATCCA"
"TAGGA"
"CCGGG"
"TACAG"
"TTCTT"
"CAAAA"
"CCGAT"
"AACGA"
"CTGTG"
"AGTCT"
"TCGTG"
"TGACC"
"ATATA"
"GGATA"
"CTCAA"
"GAACC"
"AGGAG"
"TCCAT"
"AACGA"
"AACAA"
"TTAAG"
"TGAGG"
"GTGGG"
"TGCCC"
"AAATT"
"GAATG"
"AAATT"
"CCTAG"
"GCTGC"
"AGAAT"
"CAGGT"
"AAATA"
"AAGCA"
"TACCT"
"ACGGC"
"GTGAA"
"AAATC"
"CCGGT"
"AGTGT"
"TACCT"
"ACTCC"
"ATCCA"
"AGAGC"
"ATGTA"
"AGAGT"
"TCGGC"
"GGAGG"
"GTTGG"
"GGGCA"
"CAATC"
"ACGTT"
"ATCCT"
"GCGTC"
"CTCTC"
"GCTGT"
"CAGAG"
"AGGAC"
"CATTT"
"GCCTC"
"AGAGA"
"ATCTG"
"AAATA"
"AACTG"
"CCAGG"
"AATAT"
"AGGGT"
"TGGCT"
"TATCT"
"CACGC"
"CCCCA"
"CCGGC"
"GCGCT"
"CTGTG"
"TGGGT"
"TGTAG"
"AGTGT"
"AGAAT"
"AACTG"
"AAATG"
"CACCA"
"CCGTA"
"ACAAC"
"TTCTT"
"GGTGT"
"CAAAT"
"CTTGC"
"CCGGG"
"TTGGA"
"TTGAG"
"GGCGA"
"GTTTT"
"TCGCT"
"TCCCC"
"GAGGT"
"CTGCA"
"ACCAG"
"CTCAA"
"TACTG"
"AATGG"
"CAGCT"
"TTAAA"
"TATCC"
"ATATT"
"TATTG"
"CAAAC"
"CCGGA"
"ATGAA"
"TTTAT"
"ATGTA"
"GCGGC"
"GAGCT"
"ATTAT"
"ACGGG"
"AGATG"
"AAGAA"
"CCGTG"
"CTTAG"
"TGCGT"
"TCGGA"
"ATATA"
"GGGTG"
"CACTG"
"ACATC"
"CACGA"
"GGCTG"
"AGACT"
"GTACC"
"ACGTG"
"CCACC"
"TCTCC"
"TACTT"
"CTCCA"
"AGTTA"
"CCGCA"
"AATGG"
"CGTGC"
"CTGAT"
"CACGT"
"GCAAG"
"TCTGT"
"TGCGG"
"TGGGG"
"ACGTG"
"GCACG"
"CCTTG"
"TTCTT"
"GGAGT"
"TGCGG"
"ACATA"
"GCTAG"
"ATCCA"
"TGTAA"
"AATGA"
"TGTGG"
"GGGCA"
"TACCG"
"GATCA"
"TACGG"
"TAAAA"
"GACTT"
"GATAG"
"CACGG"
"CTATG"
"ACCAC"
"GCGTG"
"CACGC"
"AACTT"
"TCGTG"
"GCACG"
"TTGCC"
"AAGAA"
"TGTGT"
"CAGTG"
"GGGAT"
"GGGAG"
"GCAAA"
"CCGAG"
"CATGC"
"TTATC"
"TTACA"
"GCCCA"
"CTGCT"
"GCCGG"
"CCGTC"
"GAAGA"
"CTTGA"
"TTCCT"
"TACCA"
"CCTGG"
"CTATA"
"TGTAG"
"GTCGG"
"CCTAG"
"CAATA"
"CTATA"
"ACGGC"
"CCGTG"
"TCTGC"
"ACGGT"
"ACGGC"
"CCTGA"
"CCGGC"
"TTCGT"
"TGCGA"
"AAGAA"
"TACTT"
"TGTGA"
"ACCCT"
"CATCG"
"TGTGA"
"AACTT"
"CCGTG"
"GGTTT"
"TACCA"
"GAAAT"
"GCGAT"
"AACCA"
"CTAGG"
"TATAG"
"ATATT"
"ACACC"
"GGAAC"
"ACGCT"
"TTGTC"
"AATGT"
"AAGTC"
"TTATT"
"TCCGA"
"AGGCA"
"GCGAG"
"AAGCA"
"ACTCT"
"AACAA"
"TCCAA"
"AAATA"
"CAAAC"
"TCTGG"
"CCATC"
"TTAAA"
"TTTAA"
"GACGC"
"TGGTC"
"GTCAG"
"CAAAC"
"CTAAA"
"GTACC"
"CAATA"
"CCCCC"
"AGCAC"
"CGCGA"
"GTTTC"
"TCTTT"
"TATAG"
"CCTGG"
"GTATC"
"TGTAA"
"TCCGA"
"AATCT"
"TTTTT"
"CTGTC"
"TCGTC"
"TACAT"
"TTCTC"
"GGTAA"
"GAACA"
"TAGGT"
"ATGTG"
"CTGGA"
"TCCAA"
"ATCGT"
"TTATT"
"CTTTG"
"TCCTG"
"GTGCC"
"GATCT"
"ATGGT"
"TTTGT"
"TGTTG"
"AGCCA"
"CCGTG"
"GACCT"
"CACGC"
"GCGAT"
"TCCGG"
"GCTAG"
"ATTGC"
"CTGAG"
"CAGTG"
"TCCAA"
"TAGAA"
"ACATG"
"TAACC"
"TAGAG"
"CCGCC"
"CCGGG"
"GGTCT"
"GCTGC"
"TTAAG"
"AGAAG"
"CATTG"
"TTGTT"
"GCCAT"
"AGTAG"
"AATAC"
"GCGTG"
"TTCTT"
"TTAAA"
"CATGG"
"CCAAC"
"GCGGG"
"CCCGC"
"GAACA"
"GGAAG"
"ATGTA"
"GTGTG"
"TCTGC"
"CGGGG"
"AACAA"
"AAATG"
"AGCAA"
"GAGCG"
"CTCGT"
"TCAGC"
"GATGT"
"GAGGT"
"CCCAG"
"TAACC"
"AAGGC"
"AAGAA"
"TTCCC"
"GCGCC"
"AGCGA"
"TCGAA"
"TTCTT"
"TTGTT"
"GGTTC"
"CCAGC"
"TCTAG"
"ATGGC"
"TTGGT"
"AAATT"
"TTGGA"
"GAAGC"
"ACTCG"
"CATTG"
"GCTCC"
"CCATG"
"CACGC"
"CATGT"
"AGATA"
"ACCAG"
"CATTG"
"CCATG"
"GCACA"
"GGGTC"
"TGCCT"
"GCGCT"
"CATGA"
"TTCTC"
"AACGA"
"GATCA"
"TACTT"
"CTCCC"
"CCACT"
"CCGAA"
"TTGGT"
"GATGA"
"TATTT"
"TTTTA"
"ATTAT"
"CTGCA"
"CTGTT"
"TCGGT"
"ACCTT"
"GTTTT"
"CCGAG"
"TTCCA"
"GAGAA"
"ACGTG"
"CTATC"
"AAACA"
"CACCA"
"TCACC"
"GACAA"
"TGGGC"
"AAATT"
"CACCC"
"TCGCT"
"CTATA"
"ACAAT"
"GCTCT"
"CAATT"
"CCTGG"
"TCATT"
"CAATT"
"GCGTG"
"TATGT"
"TTCGG"
"CCATT"
"CTCTG"
"AGTTC"
"ACGCA"
"ACGTT"
"AGCTT"
"TCATT"
"ACTGG"
"GAGAG"
"GATAC"
"CTGGA"
"CTAGG"
"AGGAA"
"TAGAA"
"ATTCT"
"TACGG"
"TGCGC"
"AAGTT"
"ATCAA"
"TCGCA"
"TTCCT"
"CTCCT"
"CCAGT"
"ACATG"
"AACGT"
"TTCTC"
"AATAA"
"CCACG"
"AAACC"
"TATAG"
"CACGA"
"TTTCC"
"GATTC"
"CTCCC"
"AAACC"
"TTTGG"
"TTTGT"
"AGCTT"
"AGATT"
"CACTT"
"CCTTT"
"TGCAC"
"GCCAG"
"AGTCT"
"ACTAT"
"AAACT"
"ACATT"
"GCCTG"
"GCTGT"
"GTCGT"
"GACTG"
"TCTTG"
"ACCGC"
"AGCGG"
"TGTAA"
"TATAC"
"AGTTA"
"GTATT"
"CCTTA"
"ACAGG"
"GGGAC"
"CATAA"
"CCCCA"
"CCTTC"
"CACGA"
"CACAG"
"CTCTT"
"AATAG"
"ACACA"
"CCTGG"
"CCGCA"
"TGCGT"
"ACCGA"
"GCGTG"
"TGTTG"
"CCTTC"
"CTGGG"
"AGAAA"
"TTTGC"
"CACGC"
"TCGAA"
"TTAAG"
"GGTTA"
"CAATG"
"ATCTG"
"AGAAG"
"GCCTG"
"CCGGG"
"TCACT"
"CCTGA"
"TATGT"
"CACGC"
"TTATA"
"AAGCA"
"TAGCA"
"GGCGC"
"CCGGG"
"GGCGG"
"ACGCA"
"CACTG"
"CTTAT"
"ACACT"
"AGCTA"
"AACCA"
"TCTGA"
"TTCCT"
"AGCGG"
"CAACA"
"TCCCA"
"CCAAC"
"GCGCC"
"GCGCC"
"TTCAC"
"AAATT"
"TTCGG"
"CTGCA"
"CAAGT"
"AGATG"
"TAGAA"
"GGAAG"
"ATATA"
"ACGTG"
"TGAGG"
"GAGAA"
"TGCAG"
"GACGC"
"CACGC"
"ACATC"
"AGTGC"
"CTATG"
"ACCGG"
"TCGGC"
"CTTCA"
"AGTGC"
"ATTTG"
"TATGT"
"CACTG"
"GCTAA"
"CATGC"
"ATATA"
"TAGAC"
"TTCTT"
"CAGGA"
"AACAC"
"CTCCC"
"GCTAG"
"GGGTC"
"ATGTC"
"TACTT"
"AAATT"
"TCGTG"
"TTCAG"
"ATAAG"
"GGAGA"
"CCAGT"
"AGTTG"
"TCGCA"
"CACAG"
"CCGTC"
"CTTCT"
"TCGTG"
"TTGGG"
"TTTTT"
"CTATG"
"ACACC"
"TAGGA"
"CTCCT"
"CCGTG"
"TCCGT"
"TAGGT"
"CCGAT"
"CAGCC"
"GGTGG"
"AATGT"
"AGATC"
"CCGCC"
"CAGCC"
"GTTGT"
"TCATT"
"GCAAC"
"ATTTT"
"CACCC"
"GTCGC"
"GGTCA"
"GACGT"
"AGCGG"
"GACGG"
"ACCCA"
"TATAG"
"CTCTA"
"CCGAG"
"CTGTG"
"CTAGG"
"TGGTC"
"GGACC"
"TCGTA"
"GCTGG"
"AAGAA"
"CCAAT"
"TGCGA"
"GGCCT"
"CCCGC"
"TTGGA"
"CTCTT"
"TAACA"
"ACGAG"
"CACCA"
"TTCGT"
"GGCCT"
"AGCAC"
"TATAT"
"TCCCA"
"CACCC"
"TCGGC"
"GCCGG"
"CTCGT"
"CCAAT"
"ACATC"
"CCGTC"
"CCCTC"
"TCTCG"
"ACTGA"
"AGGCT"
"TCCAA"
"TGCAC"
"CACAG"
"ATATA"
"CACTA"
"TTTTA"
"CTCGG"
"GCGGG"
"AACGT"
"ACCGC"
"GGGCA"
"GCGGA"
"GCGAC"
"ACTTT"
"TTGAG"
"CAATT"
"CGATG"
"CCGGG"
"GAAAT"
"TCGCT"
"CTACT"
"TGCAT"
"TCAAC"
"ACTGG"
"AACAC"
"TTTTT"
"GGCCT"
"CACTT"
"TATGA"
"TACCC"
"ATGCA"
"TTCAA"
"GCGAT"
"AGAGG"
"GCATA"
"ACTTT"
"TGGGC"
"CCCCG"
"TTTCC"
"TGATG"
"GAAAG"
"CATGT"
"CATGT"
"ACCTG"
"TGCGG"
"ATCTA"
"CCTAC"
"CGGGC"
"CTCAG"
"GGGCT"
"TAGAA"
"AGAAC"
"CCGGC"
"CATAC"
"GAGTT"
"TTCAA"
"GTTCT"
"TCATC"
"TGGGG"
"ACGTA"
"TATTT"
"TTGGG"
"TCCTG"
"AAGTG"
"AACAA"
"CCGGG"
"CAACA"
"CAACT"
"TTTTT"
"GACGT"
"ATTTG"
"GTGGA"
"TGTGC"
"TCTGG"
"TCGGA"
"TCCGT"
"CTCTA"
"TATCT"
"TTGTG"
"TGCAA"
"TATTT"
"ACATT"
"CTCTC"
"TCGTC"
"CAGAA"
"CTAAA"
"GTAGT"
"ACCCT"
"CTTTT"
"ATGGC"
"AAACC"
"GATGA"
"TCATG"
"GCTTC"
"GGACT"
"GTACT"
"CCCGA"
"AGCGA"
"AACGG"
"CCTTT"
"TGCGG"
"ATACC"
"CCGGT"
"ACAAA"
"TGTTA"
"TGAAT"
"GCAGA"
"GGTCT"
"AAAAG"
"GGGTG"
"ACATA"
"TGCGG"
"AGCGA"
"GCGGT"
"CTCAT"
"CACAG"
"AGACT"
"ATGCA"
"TCATG"
"GGGCC"
"CACGC"
"TTTAA"
"GGTTG"
"AGTGG"
"CAATG"
"GCGAT"
"CCGAC"
"GGCGT"
"GGGAA"
"AAAGG"
"CACCT"
"TCTAG"
"TTCCT"
"GCGTG"
"CCGAG"
"ATTTT"
"AGGGT"
"AAGTG"
"AGTGA"
"GTAGG"
"TTAAA"
"CTATT"
"ATATA"
"AACGG"
"ATTAT"
"CAGTG"
"CAGTC"
"CTATA"
"CTGGA"
"TATTG"
"CCCCC"
